1 0.564844 0.047656 0.035937 0.032813
1 0.705469 0.193750 0.048438 0.037500
1 0.541406 0.354687 0.035937 0.025000
1 0.490625 0.424219 0.040625 0.023438
1 0.589063 0.419531 0.034375 0.023438
1 0.373437 0.817969 0.031250 0.017188
1 0.171875 0.998437 0.021875 0.003125
5 0.090625 0.698438 0.012500 0.012500
5 0.558594 0.779687 0.029687 0.015625
2 0.266406 0.660937 0.032813 0.059375
2 0.490625 0.664844 0.037500 0.045312
4 0.675781 0.514062 0.051562 0.050000
5 0.526563 0.471094 0.021875 0.020313
5 0.622656 0.383594 0.026562 0.039062
5 0.557031 0.388281 0.029687 0.035937
4 0.566406 0.014844 0.060937 0.029687
