4 0.828125 0.797656 0.084375 0.067187
4 0.692187 0.935937 0.078125 0.078125
4 0.739062 0.800781 0.071875 0.092188
4 0.336719 0.617188 0.098437 0.087500
4 0.073438 0.772656 0.084375 0.117188
4 0.145313 0.737500 0.075000 0.071875
4 0.596875 0.237500 0.068750 0.062500
4 0.796094 0.253125 0.110937 0.068750
4 0.766406 0.296875 0.042188 0.031250
4 0.957812 0.501563 0.084375 0.084375
4 0.656250 0.517188 0.162500 0.131250
4 0.249219 0.487500 0.114062 0.096875
4 0.157031 0.427344 0.189062 0.126562
4 0.077344 0.536719 0.154688 0.126562
4 0.189844 0.892969 0.126562 0.082812
4 0.552344 0.994531 0.110937 0.010937
