4 0.596094 0.689063 0.310937 0.253125
4 0.370312 0.914062 0.071875 0.084375
4 0.237500 0.953906 0.059375 0.092188
4 0.313281 0.700000 0.135937 0.200000
4 0.490625 0.489063 0.090625 0.118750
4 0.465625 0.573438 0.121875 0.078125
4 0.379688 0.569531 0.059375 0.070312
4 0.807813 0.847656 0.325000 0.242188
4 0.581250 0.767188 0.043750 0.031250
4 0.568750 0.421875 0.068750 0.093750
4 0.594531 0.294531 0.073438 0.060937
4 0.701562 0.308594 0.096875 0.029687
4 0.710156 0.353125 0.082812 0.046875
4 0.864062 0.360938 0.203125 0.125000
4 0.692187 0.128125 0.062500 0.056250
4 0.714063 0.208594 0.034375 0.023438
4 0.825000 0.051562 0.093750 0.053125
4 0.760156 0.058594 0.029687 0.029687
4 0.805469 0.007812 0.073438 0.015625
5 0.845313 0.236719 0.165625 0.114062
2 0.851562 0.332813 0.150000 0.071875
4 0.121875 0.273438 0.043750 0.053125
5 0.073438 0.417187 0.018750 0.018750
4 0.092188 0.757812 0.021875 0.025000
