1 0.529687 0.799219 0.015625 0.007812
2 0.553906 0.812500 0.035937 0.015625
5 0.603906 0.725000 0.007812 0.009375
2 0.598437 0.516406 0.046875 0.042188
2 0.528125 0.242188 0.053125 0.043750
1 0.584375 0.134375 0.046875 0.053125
1 0.414844 0.164844 0.029687 0.051562
4 0.382812 0.168750 0.043750 0.081250
5 0.156250 0.296094 0.018750 0.039062
5 0.231250 0.339844 0.034375 0.020313
1 0.384375 0.378906 0.025000 0.039062
5 0.160938 0.201563 0.037500 0.037500
4 0.648438 0.146094 0.056250 0.048438
5 0.720313 0.201563 0.050000 0.043750
1 0.694531 0.196094 0.035937 0.045312
