4 0.554688 0.987500 0.059375 0.025000
4 0.525781 0.851562 0.101562 0.125000
5 0.652344 0.942969 0.029687 0.023438
4 0.519531 0.624219 0.173437 0.204687
4 0.307812 0.634375 0.315625 0.271875
4 0.148438 0.790625 0.240625 0.228125
5 0.286719 0.732812 0.039062 0.031250
5 0.428906 0.822656 0.070312 0.079687
4 0.394531 0.439063 0.107813 0.134375
4 0.420312 0.510156 0.125000 0.098437
4 0.496875 0.490625 0.084375 0.068750
4 0.321094 0.376563 0.067187 0.071875
4 0.345313 0.258594 0.087500 0.073438
4 0.203125 0.289062 0.078125 0.056250
4 0.090625 0.314063 0.181250 0.171875
2 0.089844 0.298438 0.151562 0.103125
5 0.091406 0.178125 0.173437 0.153125
4 0.244531 0.146094 0.035937 0.032813
4 0.315625 0.081250 0.050000 0.068750
5 0.272656 0.086719 0.067187 0.070312
4 0.224219 0.238281 0.098437 0.054688
5 0.368750 0.124219 0.015625 0.020313
4 0.821094 0.182031 0.045312 0.060937
5 0.834375 0.327344 0.018750 0.023438
