1 0.460938 0.799219 0.015625 0.007812
2 0.482031 0.816406 0.035937 0.017188
5 0.548438 0.742969 0.009375 0.010937
2 0.585156 0.539844 0.048438 0.045312
2 0.575000 0.259375 0.053125 0.046875
1 0.651563 0.167969 0.050000 0.054688
1 0.480469 0.160938 0.032813 0.053125
4 0.449219 0.157812 0.048438 0.081250
5 0.203906 0.234375 0.020313 0.037500
5 0.267969 0.292969 0.032813 0.023438
1 0.407031 0.362500 0.026562 0.040625
5 0.226562 0.144531 0.040625 0.039062
4 0.710938 0.190625 0.059375 0.050000
5 0.769531 0.260937 0.051562 0.046875
1 0.744531 0.247656 0.039062 0.048438
