3 0.726562 0.204687 0.068750 0.037500
4 0.635938 0.342187 0.093750 0.087500
4 0.560156 0.368750 0.079687 0.071875
5 0.655469 0.544531 0.114062 0.079687
4 0.545312 0.849219 0.115625 0.123438
4 0.453906 0.755469 0.167187 0.154688
4 0.563281 0.964063 0.207813 0.071875
4 0.103906 0.847656 0.142187 0.192188
4 0.277344 0.800781 0.214062 0.164062
5 0.288281 0.934375 0.082812 0.071875
5 0.189844 0.982812 0.095312 0.034375
5 0.483594 0.919531 0.051562 0.048438
2 0.415625 0.945312 0.121875 0.109375
2 0.496875 0.885938 0.050000 0.031250
2 0.182812 0.866406 0.046875 0.039062
