5 0.595313 0.822656 0.093750 0.095312
5 0.544531 0.736719 0.054688 0.098437
5 0.314844 0.568750 0.048438 0.056250
5 0.321875 0.380469 0.031250 0.035937
5 0.755469 0.586719 0.048438 0.057813
1 0.579688 0.593750 0.037500 0.062500
1 0.721094 0.687500 0.057813 0.050000
1 0.622656 0.741406 0.048438 0.054688
1 0.586719 0.736719 0.054688 0.079687
1 0.382031 0.639844 0.054688 0.048438
1 0.285156 0.646875 0.039062 0.053125
1 0.217188 0.703906 0.050000 0.067187
1 0.426563 0.420312 0.037500 0.050000
1 0.553906 0.482031 0.042188 0.045312
2 0.821875 0.340625 0.096875 0.075000
2 0.458594 0.379688 0.073438 0.078125
2 0.603125 0.434375 0.050000 0.050000
2 0.118750 0.446875 0.056250 0.053125
4 0.557031 0.369531 0.060937 0.057813
