4 0.032031 0.406250 0.054688 0.062500
4 0.184375 0.418750 0.118750 0.093750
5 0.064062 0.511719 0.021875 0.026562
4 0.398438 0.474219 0.193750 0.164062
4 0.445312 0.271875 0.256250 0.300000
4 0.342969 0.098437 0.214062 0.196875
5 0.358594 0.226562 0.029687 0.037500
5 0.236719 0.335938 0.076563 0.065625
4 0.603125 0.407031 0.128125 0.101562
4 0.530469 0.411719 0.092188 0.120313
4 0.528125 0.489063 0.065625 0.081250
4 0.682813 0.353906 0.068750 0.064062
4 0.784375 0.409375 0.068750 0.081250
4 0.796094 0.267969 0.051562 0.073438
4 0.803906 0.148438 0.160938 0.187500
2 0.817187 0.159375 0.096875 0.146875
5 0.928125 0.192969 0.143750 0.164062
4 0.917969 0.344531 0.029687 0.032813
4 0.960156 0.428906 0.064062 0.045312
5 0.966406 0.387500 0.067187 0.062500
4 0.836719 0.302344 0.051562 0.095312
5 0.905469 0.467969 0.020313 0.014063
4 0.729688 0.873437 0.059375 0.043750
5 0.589844 0.846875 0.023438 0.018750
