1 0.482812 0.450000 0.050000 0.034375
1 0.268750 0.545312 0.065625 0.037500
1 0.296094 0.705469 0.051562 0.054688
1 0.402344 0.792969 0.060937 0.042188
1 0.916406 0.480469 0.017188 0.014063
2 0.945312 0.503125 0.025000 0.040625
2 0.684375 0.619531 0.040625 0.057813
5 0.858594 0.567969 0.014063 0.010937
2 0.403906 0.615625 0.070312 0.059375
4 0.310937 0.765625 0.075000 0.068750
5 0.421094 0.821875 0.042188 0.056250
4 0.276562 0.503906 0.106250 0.057813
5 0.382812 0.324219 0.031250 0.032813
5 0.225781 0.287500 0.064062 0.040625
5 0.325781 0.264062 0.032813 0.021875
5 0.911719 0.014844 0.010937 0.014063
