1 0.675781 0.669531 0.029687 0.054688
1 0.545312 0.671094 0.043750 0.032813
1 0.514844 0.664062 0.051562 0.046875
1 0.457031 0.544531 0.039062 0.023438
1 0.506250 0.485156 0.031250 0.026562
1 0.245312 0.767969 0.037500 0.067187
2 0.338281 0.507031 0.051562 0.039062
2 0.172656 0.469531 0.064062 0.045312
2 0.532813 0.455469 0.081250 0.057813
2 0.803906 0.440625 0.048438 0.040625
5 0.622656 0.421094 0.026562 0.032813
5 0.583594 0.572656 0.032813 0.039062
5 0.500000 0.724219 0.059375 0.073438
4 0.474219 0.457031 0.039062 0.048438
