3 0.810937 0.747656 0.053125 0.026562
5 0.730469 0.485156 0.060937 0.054688
4 0.698438 0.448437 0.100000 0.096875
4 0.524219 0.190625 0.092188 0.078125
4 0.461719 0.198437 0.060937 0.043750
4 0.319531 0.210938 0.051562 0.046875
4 0.366406 0.196094 0.048438 0.042188
3 0.317969 0.139063 0.182812 0.125000
4 0.385937 0.030469 0.021875 0.035937
5 0.234375 0.060937 0.062500 0.050000
4 0.114062 0.102344 0.062500 0.045312
4 0.152344 0.081250 0.026562 0.050000
4 0.041406 0.171094 0.082812 0.198437
4 0.099219 0.193750 0.057813 0.090625
5 0.052344 0.262500 0.104688 0.078125
4 0.129688 0.157031 0.034375 0.026562
4 0.249219 0.338281 0.129688 0.095312
4 0.360938 0.479687 0.046875 0.062500
4 0.239844 0.635156 0.029687 0.032813
4 0.423438 0.236719 0.159375 0.095312
5 0.464844 0.321875 0.057813 0.040625
