5 0.282031 0.742188 0.057813 0.065625
4 0.464844 0.889844 0.154688 0.142187
4 0.160156 0.930469 0.126562 0.095312
4 0.744531 0.755469 0.104688 0.085938
4 0.772656 0.837500 0.082812 0.046875
4 0.669531 0.740625 0.114062 0.075000
4 0.528125 0.746094 0.090625 0.067187
4 0.596094 0.715625 0.073438 0.075000
5 0.674219 0.683594 0.079687 0.029687
2 0.290625 0.563281 0.046875 0.035937
4 0.329688 0.614062 0.053125 0.059375
4 0.269531 0.620313 0.057813 0.062500
4 0.346875 0.735156 0.096875 0.045312
5 0.051562 0.796875 0.071875 0.075000
4 0.014844 0.496094 0.029687 0.029687
4 0.094531 0.670312 0.176563 0.093750
5 0.606250 0.898438 0.112500 0.075000
4 0.621875 0.839063 0.053125 0.040625
4 0.342187 0.802344 0.034375 0.048438
4 0.384375 0.943750 0.043750 0.034375
4 0.163281 0.803125 0.129688 0.106250
4 0.020313 0.578125 0.034375 0.062500
4 0.192188 0.638281 0.128125 0.117188
4 0.630469 0.576562 0.039062 0.018750
4 0.354687 0.876563 0.062500 0.075000
