4 0.682031 0.130469 0.060937 0.079687
4 0.846875 0.235937 0.071875 0.071875
4 0.704688 0.217969 0.087500 0.064062
4 0.608594 0.648438 0.079687 0.090625
4 0.814844 0.875000 0.110937 0.075000
4 0.765625 0.810937 0.065625 0.068750
4 0.182812 0.472656 0.056250 0.064062
4 0.155469 0.275000 0.057813 0.106250
4 0.207031 0.295312 0.026562 0.040625
4 0.366406 0.053906 0.076563 0.098437
4 0.444531 0.357812 0.117188 0.153125
4 0.499219 0.761719 0.085938 0.107813
4 0.459375 0.864844 0.109375 0.179688
4 0.585156 0.922656 0.110937 0.151562
4 0.925781 0.114844 0.089063 0.126562
4 0.961719 0.046875 0.032813 0.093750
4 0.969531 0.260156 0.042188 0.057813
4 0.909375 0.735156 0.071875 0.120313
4 0.956250 0.355469 0.043750 0.110937
