1 0.276562 0.044531 0.025000 0.039062
1 0.312500 0.206250 0.034375 0.043750
1 0.196875 0.132031 0.034375 0.042188
1 0.735938 0.596875 0.012500 0.015625
1 0.724219 0.626563 0.010937 0.012500
1 0.597656 0.701562 0.007812 0.009375
1 0.620313 0.432031 0.015625 0.020313
5 0.674219 0.274219 0.023438 0.026562
4 0.365625 0.035156 0.053125 0.064062
5 0.221875 0.099219 0.043750 0.042188
5 0.204687 0.110937 0.046875 0.050000
2 0.457031 0.470313 0.054688 0.031250
2 0.498437 0.273438 0.040625 0.040625
5 0.991406 0.472656 0.017188 0.023438
5 0.995313 0.510938 0.009375 0.021875
5 0.838281 0.604688 0.014063 0.018750
5 0.912500 0.679688 0.012500 0.009375
5 0.861719 0.717187 0.007812 0.006250
2 0.692187 0.743750 0.021875 0.006250
5 0.767188 0.589844 0.012500 0.007812
