4 0.731250 0.407031 0.231250 0.204687
4 0.861719 0.188281 0.092188 0.073438
4 0.941406 0.261719 0.073438 0.139063
4 0.570312 0.225781 0.303125 0.354687
4 0.578906 0.045312 0.167187 0.090625
4 0.469531 0.452344 0.135937 0.126562
4 0.557813 0.414844 0.115625 0.132812
4 0.591406 0.490625 0.079687 0.100000
4 0.285156 0.521094 0.085938 0.067187
4 0.368750 0.439844 0.084375 0.079687
4 0.211719 0.418750 0.126562 0.131250
4 0.152344 0.280469 0.201563 0.195312
2 0.136719 0.300781 0.126562 0.157812
4 0.115625 0.600000 0.062500 0.037500
4 0.024219 0.566406 0.048438 0.098437
5 0.075781 0.357031 0.151562 0.145313
4 0.130469 0.512500 0.029687 0.031250
4 0.907813 0.558594 0.034375 0.026562
4 0.535937 0.921094 0.056250 0.048438
4 0.671875 0.856250 0.025000 0.021875
4 0.286719 0.897656 0.032813 0.026562
5 0.102344 0.565625 0.079687 0.062500
