2 0.971875 0.275000 0.056250 0.115625
4 0.171094 0.821875 0.054688 0.053125
4 0.236719 0.768750 0.039062 0.031250
4 0.093750 0.710938 0.081250 0.053125
4 0.282031 0.606250 0.054688 0.053125
4 0.407031 0.789844 0.042188 0.020313
4 0.449219 0.796094 0.035937 0.020313
4 0.470313 0.767188 0.034375 0.015625
4 0.277344 0.805469 0.017188 0.017188
5 0.153125 0.214062 0.181250 0.100000
4 0.050000 0.207031 0.043750 0.082812
5 0.104688 0.275000 0.078125 0.062500
5 0.233594 0.689844 0.026562 0.029687
3 0.670312 0.261719 0.156250 0.070312
4 0.037500 0.052344 0.034375 0.104688
