5 0.667188 0.042969 0.012500 0.010937
5 0.700000 0.093750 0.006250 0.009375
5 0.560937 0.161719 0.012500 0.014063
1 0.543750 0.236719 0.015625 0.010937
1 0.589063 0.256250 0.012500 0.012500
2 0.716406 0.275000 0.007812 0.025000
5 0.537500 0.207813 0.009375 0.012500
5 0.175781 0.285156 0.023438 0.017188
1 0.353906 0.357812 0.020313 0.015625
2 0.412500 0.542969 0.040625 0.054688
1 0.125781 0.699219 0.035937 0.039062
5 0.108594 0.692969 0.017188 0.032813
5 0.038281 0.800000 0.060937 0.046875
1 0.075000 0.825000 0.050000 0.037500
1 0.009375 0.736719 0.018750 0.029687
4 0.007812 0.638281 0.015625 0.060937
2 0.172656 0.497656 0.032813 0.042188
5 0.606250 0.564844 0.015625 0.014063
1 0.693750 0.379688 0.012500 0.006250
