1 0.605469 0.153125 0.039062 0.025000
2 0.519531 0.245312 0.042188 0.050000
2 0.721875 0.280469 0.031250 0.067187
5 0.469531 0.452344 0.035937 0.032813
4 0.312500 0.469531 0.078125 0.076563
5 0.432031 0.581250 0.039062 0.056250
5 0.462500 0.577344 0.046875 0.039062
1 0.527344 0.601562 0.039062 0.034375
1 0.371875 0.566406 0.037500 0.042188
1 0.452344 0.634375 0.048438 0.034375
5 0.342187 0.575781 0.043750 0.039062
1 0.291406 0.835156 0.051562 0.029687
1 0.494531 0.980469 0.045312 0.032813
4 0.507812 0.993750 0.053125 0.012500
5 0.925000 0.215625 0.012500 0.012500
5 0.141406 0.294531 0.051562 0.029687
