1 0.110937 0.528906 0.009375 0.017188
2 0.099219 0.557031 0.020313 0.039062
5 0.197656 0.603906 0.010937 0.010937
2 0.426563 0.581250 0.050000 0.056250
2 0.720313 0.484375 0.050000 0.059375
1 0.840625 0.538281 0.059375 0.054688
1 0.795312 0.355469 0.059375 0.035937
4 0.788281 0.320312 0.089063 0.053125
5 0.632031 0.082812 0.042188 0.025000
5 0.591406 0.169531 0.026562 0.039062
1 0.560156 0.337500 0.045312 0.031250
5 0.735156 0.081250 0.042188 0.043750
4 0.833594 0.609375 0.057813 0.065625
5 0.778125 0.692187 0.050000 0.056250
1 0.782813 0.663281 0.053125 0.042188
