4 0.292187 0.934375 0.071875 0.090625
4 0.107031 0.844531 0.082812 0.082812
4 0.258594 0.846094 0.098437 0.076563
4 0.303125 0.382031 0.093750 0.104688
4 0.059375 0.171875 0.118750 0.090625
4 0.117188 0.232031 0.078125 0.079687
4 0.771094 0.511719 0.067187 0.073438
4 0.825000 0.714844 0.075000 0.117188
4 0.770312 0.700781 0.034375 0.045312
4 0.629687 0.953125 0.084375 0.075000
4 0.512500 0.664844 0.140625 0.170313
4 0.402344 0.250781 0.101562 0.120313
4 0.430469 0.137500 0.135937 0.200000
4 0.292969 0.100781 0.132812 0.157812
4 0.010937 0.327344 0.021875 0.129688
