1 0.384375 0.312500 0.015625 0.018750
1 0.378125 0.332031 0.015625 0.020313
1 0.442188 0.373437 0.018750 0.025000
1 0.439844 0.434375 0.023438 0.025000
1 0.566406 0.414062 0.017188 0.025000
1 0.542188 0.381250 0.018750 0.018750
2 0.547656 0.471875 0.035937 0.034375
5 0.517188 0.360938 0.021875 0.018750
4 0.576562 0.533594 0.034375 0.045312
1 0.551562 0.557813 0.025000 0.031250
1 0.515625 0.535937 0.021875 0.034375
1 0.494531 0.544531 0.023438 0.035937
1 0.542969 0.600000 0.026562 0.037500
1 0.521094 0.657031 0.023438 0.026562
1 0.553125 0.692969 0.031250 0.045312
5 0.517969 0.622656 0.020313 0.026562
5 0.577344 0.594531 0.045312 0.035937
5 0.599219 0.578906 0.045312 0.020313
5 0.650000 0.603125 0.021875 0.034375
5 0.680469 0.518750 0.032813 0.037500
5 0.699219 0.540625 0.020313 0.021875
2 0.662500 0.500781 0.040625 0.039062
1 0.756250 0.522656 0.015625 0.020313
5 0.754687 0.629687 0.031250 0.031250
5 0.665625 0.685937 0.031250 0.031250
1 0.738281 0.732812 0.032813 0.043750
4 0.764844 0.742969 0.060937 0.060937
2 0.917969 0.770312 0.067187 0.068750
5 0.526563 0.808594 0.053125 0.073438
5 0.596094 0.859375 0.048438 0.078125
5 0.495312 0.867969 0.056250 0.079687
5 0.489063 0.989844 0.046875 0.020313
5 0.725000 0.844531 0.028125 0.029687
2 0.531250 0.861719 0.059375 0.064062
