4 0.358594 0.531250 0.067187 0.146875
5 0.399219 0.413281 0.039062 0.045312
4 0.510156 0.435937 0.051562 0.106250
4 0.375000 0.653906 0.021875 0.051562
4 0.949219 0.401562 0.101562 0.178125
5 0.832031 0.668750 0.107813 0.087500
4 0.742188 0.646094 0.046875 0.082812
4 0.710938 0.561719 0.046875 0.082812
4 0.744531 0.489844 0.070312 0.120313
4 0.760938 0.546875 0.053125 0.056250
4 0.917969 0.741406 0.085938 0.110937
4 0.857812 0.732812 0.056250 0.062500
4 0.854688 0.849219 0.103125 0.114062
4 0.953125 0.794531 0.059375 0.067187
5 0.978906 0.762500 0.014063 0.059375
5 0.708594 0.857812 0.064062 0.084375
2 0.708594 0.708594 0.029687 0.026562
4 0.933594 0.871875 0.045312 0.018750
4 0.760938 0.701562 0.053125 0.046875
5 0.810156 0.532813 0.051562 0.065625
4 0.791406 0.409375 0.054688 0.068750
4 0.825000 0.188281 0.075000 0.101562
4 0.836719 0.288281 0.082812 0.123438
4 0.692187 0.100000 0.034375 0.031250
4 0.413281 0.014063 0.054688 0.028125
4 0.606250 0.111719 0.046875 0.123438
4 0.649219 0.168750 0.020313 0.046875
4 0.667969 0.292969 0.051562 0.070312
5 0.681250 0.138281 0.037500 0.042188
5 0.593750 0.185938 0.031250 0.037500
5 0.764062 0.658594 0.037500 0.039062
5 0.648438 0.355469 0.018750 0.023438
4 0.713281 0.370312 0.107813 0.118750
5 0.640625 0.087500 0.021875 0.040625
5 0.635156 0.016406 0.020313 0.014063
4 0.570312 0.515625 0.078125 0.121875
