5 0.737500 0.894531 0.134375 0.185938
5 0.471875 0.568750 0.143750 0.062500
5 0.328125 0.721875 0.109375 0.053125
5 0.528125 0.505469 0.062500 0.048438
4 0.856250 0.507812 0.081250 0.059375
4 0.640625 0.552344 0.053125 0.067187
4 0.746875 0.682813 0.090625 0.100000
4 0.592187 0.496875 0.056250 0.050000
4 0.524219 0.201563 0.039062 0.028125
4 0.529687 0.154688 0.065625 0.031250
4 0.532813 0.731250 0.134375 0.090625
4 0.714844 0.946094 0.048438 0.082812
4 0.634375 0.825781 0.015625 0.114062
3 0.075000 0.587500 0.131250 0.050000
4 0.392969 0.325781 0.039062 0.029687
4 0.608594 0.228906 0.076563 0.039062
5 0.712500 0.405469 0.034375 0.039062
5 0.789062 0.472656 0.078125 0.048438
5 0.782813 0.612500 0.084375 0.062500
5 0.542188 0.702344 0.068750 0.054688
5 0.596094 0.793750 0.048438 0.037500
5 0.649219 0.749219 0.057813 0.051562
5 0.624219 0.676562 0.026562 0.025000
5 0.968750 0.766406 0.062500 0.148438
5 0.040625 0.807813 0.040625 0.028125
5 0.653906 0.487500 0.020313 0.021875
5 0.734375 0.628906 0.053125 0.029687
5 0.486719 0.271094 0.029687 0.023438
4 0.826562 0.680469 0.071875 0.085938
5 0.712500 0.517188 0.075000 0.056250
5 0.767188 0.184375 0.050000 0.015625
