1 0.324219 0.561719 0.035937 0.032813
5 0.390625 0.507031 0.040625 0.048438
2 0.327344 0.514844 0.054688 0.057813
2 0.276562 0.445312 0.046875 0.046875
2 0.162500 0.533594 0.034375 0.029687
3 0.447656 0.398438 0.051562 0.068750
3 0.365625 0.539062 0.031250 0.068750
3 0.539062 0.512500 0.053125 0.031250
3 0.469531 0.494531 0.054688 0.035937
5 0.411719 0.564063 0.026562 0.018750
5 0.264062 0.668750 0.028125 0.021875
5 0.359375 0.678906 0.034375 0.029687
4 0.547656 0.635938 0.026562 0.021875
3 0.558594 0.307031 0.035937 0.032813
3 0.610156 0.476562 0.048438 0.056250
3 0.645312 0.452344 0.034375 0.026562
1 0.792188 0.471094 0.015625 0.020313
