1 0.400000 0.389062 0.028125 0.028125
1 0.620313 0.094531 0.034375 0.057813
1 0.460938 0.170313 0.031250 0.056250
1 0.750000 0.189844 0.037500 0.051562
5 0.764062 0.218750 0.056250 0.040625
5 0.185156 0.282031 0.026562 0.045312
5 0.230469 0.376563 0.017188 0.028125
5 0.203125 0.353125 0.018750 0.028125
5 0.394531 0.756250 0.039062 0.056250
5 0.550781 0.729688 0.014063 0.015625
2 0.497656 0.810937 0.035937 0.015625
1 0.481250 0.785156 0.015625 0.010937
2 0.589063 0.538281 0.046875 0.051562
2 0.571875 0.246875 0.053125 0.056250
4 0.436719 0.122656 0.048438 0.076563
4 0.714844 0.113281 0.057813 0.064062
