5 0.612500 0.525000 0.018750 0.025000
5 0.517969 0.501563 0.026562 0.028125
5 0.432031 0.535937 0.026562 0.031250
5 0.358594 0.436719 0.020313 0.035937
5 0.276562 0.469531 0.034375 0.048438
5 0.235937 0.446094 0.037500 0.073438
5 0.284375 0.521094 0.037500 0.067187
5 0.306250 0.497656 0.046875 0.032813
5 0.346094 0.399219 0.026562 0.026562
5 0.553125 0.972656 0.021875 0.014063
1 0.541406 0.933594 0.020313 0.023438
1 0.568750 0.942969 0.025000 0.017188
2 0.584375 0.871094 0.018750 0.039062
5 0.485938 0.830469 0.025000 0.017188
1 0.486719 0.787500 0.026562 0.025000
1 0.502344 0.759375 0.023438 0.028125
5 0.509375 0.728906 0.031250 0.039062
1 0.494531 0.700000 0.035937 0.018750
1 0.407813 0.675000 0.034375 0.021875
4 0.513281 0.769531 0.029687 0.026562
1 0.525000 0.591406 0.021875 0.029687
1 0.541406 0.596094 0.023438 0.026562
1 0.678906 0.547656 0.017188 0.017188
4 0.397656 0.363281 0.026562 0.045312
2 0.502344 0.375781 0.039062 0.042188
2 0.498437 0.258594 0.040625 0.060937
5 0.492969 0.336719 0.020313 0.020313
1 0.615625 0.372656 0.018750 0.020313
5 0.021094 0.432812 0.035937 0.046875
