1 0.554688 0.539062 0.028125 0.046875
1 0.493750 0.768750 0.028125 0.062500
1 0.328906 0.765625 0.048438 0.043750
1 0.225000 0.675000 0.034375 0.056250
1 0.456250 0.115625 0.012500 0.015625
2 0.428125 0.089063 0.037500 0.018750
2 0.353125 0.366406 0.053125 0.032813
5 0.376563 0.187500 0.009375 0.012500
2 0.401562 0.645312 0.050000 0.062500
4 0.267188 0.761719 0.059375 0.067187
5 0.193750 0.660937 0.053125 0.034375
4 0.532813 0.753906 0.043750 0.101562
5 0.694531 0.619531 0.029687 0.026562
5 0.754687 0.770312 0.031250 0.059375
5 0.763281 0.667188 0.017188 0.031250
5 0.918750 0.046094 0.012500 0.010937
