4 0.402344 0.265625 0.179688 0.162500
4 0.470313 0.147656 0.068750 0.067187
4 0.407813 0.160156 0.062500 0.035937
4 0.251563 0.222656 0.075000 0.064062
4 0.235937 0.295312 0.296875 0.193750
5 0.052344 0.230469 0.104688 0.304688
4 0.544531 0.042969 0.170313 0.085938
4 0.565625 0.386719 0.031250 0.035937
4 0.126562 0.099219 0.053125 0.051562
4 0.155469 0.125000 0.032813 0.031250
5 0.614062 0.976562 0.053125 0.031250
2 0.682813 0.956250 0.028125 0.037500
2 0.632031 0.890625 0.023438 0.034375
2 0.667188 0.828125 0.021875 0.028125
4 0.458594 0.875781 0.089063 0.070312
