5 0.186719 0.226562 0.045312 0.031250
5 0.676562 0.198437 0.056250 0.037500
5 0.703906 0.532813 0.014063 0.012500
5 0.222656 0.831250 0.042188 0.056250
2 0.527344 0.597656 0.067187 0.054688
2 0.225781 0.625781 0.070312 0.070312
2 0.776563 0.465625 0.025000 0.040625
1 0.747656 0.450781 0.014063 0.017188
1 0.304688 0.434375 0.037500 0.031250
1 0.128906 0.528125 0.060937 0.040625
1 0.082031 0.702344 0.064062 0.042188
4 0.118750 0.790625 0.075000 0.068750
5 0.257031 0.230469 0.029687 0.026562
5 0.289062 0.257812 0.034375 0.021875
1 0.200781 0.816406 0.057813 0.048438
4 0.067187 0.512500 0.081250 0.062500
