5 0.259375 0.736719 0.065625 0.057813
4 0.097656 0.562500 0.139063 0.153125
4 0.078906 0.873437 0.092188 0.125000
4 0.213281 0.271094 0.082812 0.104688
4 0.128906 0.248438 0.045312 0.084375
4 0.232813 0.346094 0.071875 0.114062
4 0.238281 0.488281 0.064062 0.089063
4 0.264062 0.417969 0.075000 0.073438
5 0.291406 0.336719 0.026562 0.079687
2 0.439844 0.714063 0.035937 0.046875
4 0.385937 0.679688 0.059375 0.053125
4 0.383594 0.741406 0.060937 0.057813
4 0.262500 0.670312 0.043750 0.096875
5 0.220312 0.969531 0.075000 0.060937
4 0.526563 0.987500 0.028125 0.025000
4 0.343750 0.917188 0.087500 0.165625
5 0.078906 0.420312 0.070312 0.112500
4 0.136719 0.400000 0.039062 0.053125
4 0.195312 0.679688 0.046875 0.034375
4 0.048438 0.647656 0.034375 0.042188
4 0.207031 0.860156 0.101562 0.129688
4 0.442188 0.985938 0.062500 0.028125
4 0.371094 0.819531 0.114062 0.126562
4 0.402344 0.373437 0.017188 0.037500
4 0.117969 0.674219 0.076563 0.060937
