5 0.406250 0.178906 0.093750 0.095312
5 0.457031 0.264844 0.054688 0.098437
5 0.686719 0.431250 0.048438 0.056250
5 0.678125 0.621094 0.031250 0.035937
5 0.246094 0.414844 0.048438 0.057813
1 0.420312 0.406250 0.037500 0.062500
1 0.280469 0.312500 0.057813 0.050000
1 0.377344 0.260156 0.048438 0.054688
1 0.413281 0.263281 0.054688 0.079687
1 0.617969 0.361719 0.054688 0.048438
1 0.716406 0.353125 0.039062 0.053125
1 0.784375 0.297656 0.050000 0.067187
1 0.575000 0.579688 0.037500 0.050000
1 0.447656 0.517969 0.042188 0.045312
2 0.178125 0.659375 0.096875 0.075000
2 0.542969 0.621875 0.073438 0.078125
2 0.398438 0.565625 0.050000 0.050000
2 0.881250 0.553125 0.056250 0.053125
4 0.444531 0.630469 0.060937 0.057813
