1 0.568750 0.432812 0.028125 0.034375
1 0.595313 0.325781 0.040625 0.045312
1 0.624219 0.282031 0.042188 0.057813
1 0.684375 0.303906 0.046875 0.045312
1 0.646094 0.231250 0.032813 0.062500
1 0.796875 0.476562 0.028125 0.037500
1 0.847656 0.546094 0.035937 0.042188
1 0.692969 0.580469 0.029687 0.039062
1 0.471094 0.409375 0.023438 0.040625
4 0.369531 0.420312 0.060937 0.068750
5 0.385937 0.183594 0.040625 0.057813
5 0.525781 0.091406 0.057813 0.089063
5 0.678125 0.160938 0.065625 0.084375
5 0.613281 0.226562 0.051562 0.040625
5 0.559375 0.389844 0.056250 0.042188
5 0.574219 0.357812 0.039062 0.046875
5 0.857812 0.604688 0.037500 0.040625
5 0.727344 0.636719 0.032813 0.029687
2 0.585938 0.472656 0.046875 0.039062
2 0.512500 0.540625 0.071875 0.068750
2 0.907031 0.729688 0.045312 0.043750
1 0.952344 0.578906 0.039062 0.029687
1 0.983594 0.592969 0.023438 0.039062
2 0.177344 0.344531 0.079687 0.076563
5 0.493750 0.430469 0.050000 0.057813
4 0.530469 0.442188 0.045312 0.046875
