1 0.753125 0.587500 0.037500 0.018750
1 0.475000 0.486719 0.056250 0.032813
1 0.457031 0.338281 0.073438 0.032813
1 0.585938 0.281250 0.050000 0.025000
2 0.593750 0.471094 0.053125 0.048438
2 0.978906 0.311719 0.042188 0.045312
5 0.591406 0.232031 0.032813 0.045312
5 0.047656 0.226562 0.095312 0.050000
5 0.689063 0.703125 0.043750 0.031250
5 0.642188 0.754687 0.028125 0.021875
5 0.482031 0.712500 0.067187 0.025000
4 0.571875 0.557813 0.056250 0.025000
5 0.067187 0.947656 0.081250 0.051562
4 0.521875 0.282813 0.050000 0.062500
1 0.250000 0.498437 0.059375 0.040625
