4 0.166406 0.114062 0.120313 0.131250
2 0.207031 0.028906 0.029687 0.026562
4 0.157812 0.007031 0.034375 0.014063
4 0.014844 0.736719 0.029687 0.092188
4 0.618750 0.328906 0.040625 0.082812
4 0.118750 0.805469 0.043750 0.023438
2 0.021875 0.850000 0.018750 0.012500
2 0.824219 0.782813 0.007812 0.018750
2 0.737500 0.278125 0.009375 0.015625
2 0.614062 0.110937 0.009375 0.018750
2 0.280469 0.155469 0.042188 0.048438
5 0.510938 0.430469 0.015625 0.026562
3 0.018750 0.040625 0.006250 0.043750
5 0.033594 0.313281 0.057813 0.151562
4 0.058594 0.071094 0.051562 0.045312
