4 0.235156 0.622656 0.195312 0.117188
4 0.139063 0.776563 0.071875 0.065625
4 0.108594 0.681250 0.114062 0.100000
4 0.030469 0.698438 0.060937 0.053125
4 0.402344 0.689844 0.060937 0.054688
4 0.618750 0.610156 0.078125 0.098437
4 0.803125 0.517969 0.103125 0.073438
4 0.567969 0.681250 0.042188 0.031250
5 0.530469 0.787500 0.023438 0.028125
4 0.386719 0.501563 0.039062 0.043750
4 0.338281 0.567969 0.064062 0.045312
4 0.683594 0.420312 0.089063 0.053125
4 0.982812 0.544531 0.034375 0.045312
4 0.621875 0.874219 0.062500 0.067187
4 0.485156 0.889062 0.039062 0.031250
4 0.652344 0.796094 0.048438 0.020313
4 0.534375 0.661719 0.037500 0.039062
5 0.454688 0.593750 0.062500 0.056250
4 0.647656 0.739844 0.076563 0.054688
4 0.416406 0.419531 0.064062 0.067187
