4 0.252344 0.820312 0.189062 0.203125
4 0.129688 0.748437 0.221875 0.265625
4 0.300781 0.676562 0.082812 0.062500
4 0.235156 0.677344 0.117188 0.089063
4 0.240625 0.598437 0.121875 0.134375
4 0.215625 0.507031 0.078125 0.079687
2 0.055469 0.365625 0.110937 0.112500
4 0.060156 0.384375 0.120313 0.168750
4 0.141406 0.402344 0.073438 0.070312
4 0.260937 0.421875 0.065625 0.071875
4 0.296094 0.266406 0.039062 0.054688
4 0.220312 0.296875 0.031250 0.025000
5 0.268750 0.257812 0.050000 0.059375
5 0.085156 0.300781 0.139063 0.145313
4 0.253125 0.184375 0.084375 0.075000
4 0.272656 0.103906 0.092188 0.148438
4 0.103906 0.981250 0.057813 0.037500
4 0.409375 0.910156 0.025000 0.029687
4 0.635156 0.500781 0.042188 0.048438
4 0.614062 0.628125 0.018750 0.018750
4 0.574219 0.312500 0.023438 0.028125
