1 0.294531 0.474219 0.032813 0.029687
5 0.373437 0.511719 0.037500 0.045312
2 0.309375 0.519531 0.050000 0.054688
2 0.275000 0.598437 0.043750 0.043750
2 0.144531 0.538281 0.032813 0.026562
3 0.451562 0.604688 0.046875 0.065625
3 0.341406 0.486719 0.026562 0.067187
3 0.514844 0.474219 0.051562 0.026562
3 0.453125 0.506250 0.053125 0.031250
5 0.380469 0.452344 0.026562 0.017188
5 0.213281 0.383594 0.026562 0.020313
5 0.302344 0.350781 0.032813 0.026562
4 0.496875 0.350781 0.025000 0.020313
3 0.580469 0.669531 0.032813 0.029687
3 0.593750 0.493750 0.043750 0.053125
3 0.633594 0.507031 0.032813 0.023438
1 0.772656 0.457031 0.014063 0.020313
