5 0.455469 0.332031 0.092188 0.079687
4 0.575781 0.256250 0.101562 0.118750
2 0.676562 0.828125 0.065625 0.071875
5 0.885156 0.896875 0.051562 0.034375
4 0.196094 0.264844 0.114062 0.117188
4 0.130469 0.205469 0.101562 0.123438
4 0.103125 0.496875 0.046875 0.065625
4 0.009375 0.504687 0.018750 0.040625
4 0.416406 0.225000 0.073438 0.078125
4 0.517188 0.140625 0.075000 0.062500
4 0.574219 0.139063 0.064062 0.050000
5 0.478906 0.100781 0.092188 0.082812
4 0.167969 0.563281 0.082812 0.079687
5 0.070312 0.872656 0.062500 0.067187
5 0.342969 0.993750 0.110937 0.012500
4 0.412500 0.396875 0.112500 0.100000
4 0.400781 0.145313 0.064062 0.056250
