4 0.363281 0.526563 0.104688 0.134375
4 0.667969 0.672656 0.051562 0.064062
4 0.767188 0.575000 0.028125 0.059375
4 0.576562 0.565625 0.040625 0.075000
4 0.700781 0.988281 0.026562 0.017188
4 0.657813 0.960938 0.012500 0.018750
4 0.810156 0.906250 0.023438 0.037500
4 0.753906 0.957812 0.020313 0.050000
4 0.790625 0.987500 0.021875 0.015625
5 0.022656 0.234375 0.026562 0.059375
4 0.482031 0.060937 0.017188 0.028125
4 0.556250 0.470313 0.012500 0.043750
4 0.489063 0.342187 0.018750 0.025000
4 0.566406 0.446094 0.014063 0.010937
4 0.498437 0.696875 0.012500 0.015625
4 0.437500 0.496875 0.015625 0.028125
