1 0.492188 0.672656 0.031250 0.032813
5 0.528125 0.764844 0.031250 0.045312
5 0.559375 0.764844 0.025000 0.029687
5 0.612500 0.675781 0.040625 0.039062
4 0.653125 0.496875 0.025000 0.028125
3 0.543750 0.464844 0.050000 0.042188
5 0.478125 0.582031 0.043750 0.045312
3 0.537500 0.590625 0.025000 0.028125
3 0.467187 0.656250 0.068750 0.071875
3 0.303906 0.399219 0.032813 0.039062
3 0.497656 0.355469 0.035937 0.042188
2 0.375000 0.517969 0.075000 0.057813
2 0.432031 0.642188 0.054688 0.056250
2 0.371875 0.646094 0.046875 0.051562
2 0.374219 0.835938 0.035937 0.040625
3 0.478906 0.520312 0.042188 0.043750
4 0.478125 0.398438 0.068750 0.056250
1 0.564844 0.213281 0.023438 0.020313
