5 0.261719 0.754687 0.039062 0.021875
4 0.250781 0.810937 0.023438 0.031250
4 0.200000 0.819531 0.015625 0.020313
2 0.303125 0.723437 0.025000 0.025000
5 0.271875 0.710156 0.012500 0.017188
5 0.428906 0.921094 0.079687 0.042188
2 0.369531 0.928906 0.026562 0.026562
2 0.621875 0.834375 0.006250 0.003125
2 0.606250 0.818750 0.046875 0.040625
3 0.665625 0.780469 0.100000 0.045312
5 0.205469 0.770312 0.020313 0.028125
3 0.361719 0.496094 0.029687 0.029687
1 0.336719 0.642969 0.014063 0.014063
3 0.417969 0.649219 0.020313 0.042188
3 0.473438 0.615625 0.021875 0.021875
2 0.464062 0.585156 0.031250 0.042188
