3 0.269531 0.214062 0.067187 0.034375
4 0.365625 0.346875 0.090625 0.084375
4 0.444531 0.370312 0.076563 0.068750
5 0.358594 0.550000 0.110937 0.075000
4 0.485156 0.850000 0.110937 0.118750
4 0.569531 0.750000 0.160938 0.146875
4 0.471094 0.967969 0.207813 0.064062
4 0.919531 0.823438 0.123438 0.187500
4 0.749219 0.786719 0.207813 0.154688
5 0.744531 0.920312 0.079687 0.068750
5 0.846094 0.974219 0.092188 0.051562
5 0.550000 0.915625 0.050000 0.046875
2 0.618750 0.942187 0.115625 0.115625
2 0.535156 0.883594 0.048438 0.029687
2 0.847656 0.847656 0.045312 0.035937
