5 0.843750 0.414062 0.037500 0.040625
5 0.645312 0.447656 0.040625 0.048438
5 0.561719 0.426563 0.048438 0.025000
5 0.533594 0.406250 0.035937 0.025000
4 0.500781 0.360938 0.032813 0.040625
2 0.370312 0.387500 0.043750 0.034375
5 0.378125 0.360938 0.021875 0.018750
2 0.406250 0.284375 0.040625 0.056250
1 0.318750 0.392188 0.012500 0.021875
1 0.438281 0.523438 0.026562 0.025000
1 0.420312 0.614062 0.025000 0.021875
1 0.329688 0.618750 0.018750 0.021875
1 0.403906 0.680469 0.020313 0.026562
1 0.393750 0.696094 0.025000 0.017188
1 0.340625 0.835938 0.021875 0.021875
1 0.378125 0.832812 0.018750 0.025000
1 0.318750 0.648438 0.012500 0.021875
5 0.350781 0.829688 0.010937 0.015625
2 0.328125 0.768750 0.025000 0.028125
5 0.451562 0.787500 0.025000 0.012500
5 0.359375 0.685937 0.043750 0.025000
2 0.076563 0.942187 0.009375 0.015625
4 0.364844 0.709375 0.039062 0.037500
1 0.383594 0.684375 0.014063 0.015625
1 0.251563 0.488281 0.012500 0.010937
5 0.307812 0.488281 0.018750 0.017188
5 0.351562 0.495312 0.018750 0.018750
5 0.368750 0.545312 0.018750 0.018750
5 0.373437 0.551562 0.018750 0.021875
5 0.425000 0.534375 0.012500 0.034375
5 0.417969 0.485156 0.020313 0.029687
5 0.465625 0.434375 0.015625 0.015625
