5 0.903125 0.707812 0.159375 0.143750
5 0.607031 0.415625 0.073438 0.150000
5 0.774219 0.275781 0.060937 0.114062
5 0.537500 0.467187 0.053125 0.068750
4 0.516406 0.807031 0.067187 0.089063
4 0.576562 0.589063 0.071875 0.059375
4 0.703906 0.707031 0.107813 0.098437
4 0.523438 0.534375 0.056250 0.062500
4 0.224219 0.442188 0.029687 0.040625
4 0.176563 0.445312 0.037500 0.068750
4 0.769531 0.489844 0.101562 0.145313
4 0.957812 0.689844 0.046875 0.048438
4 0.860938 0.600000 0.118750 0.025000
3 0.649219 0.043750 0.048438 0.059375
4 0.361719 0.314063 0.032813 0.043750
4 0.246094 0.532031 0.045312 0.082812
5 0.420312 0.651563 0.043750 0.037500
5 0.485156 0.735156 0.054688 0.082812
5 0.629687 0.738281 0.068750 0.092188
5 0.739844 0.497656 0.060937 0.073438
5 0.829688 0.559375 0.040625 0.053125
5 0.782031 0.610938 0.057813 0.062500
5 0.706250 0.578906 0.028125 0.029687
5 0.771094 0.952344 0.164062 0.095312
5 0.509375 0.596875 0.025000 0.021875
5 0.650781 0.689063 0.035937 0.056250
5 0.299219 0.409375 0.026562 0.031250
4 0.696875 0.789062 0.090625 0.078125
5 0.535937 0.659375 0.062500 0.081250
5 0.187500 0.691406 0.018750 0.051562
