4 0.661719 0.401562 0.176563 0.106250
4 0.661719 0.535937 0.148438 0.109375
4 0.700781 0.466406 0.107813 0.076563
4 0.731250 0.440625 0.109375 0.075000
4 0.532031 0.692969 0.098437 0.101562
4 0.678125 0.867969 0.109375 0.117188
4 0.452344 0.973437 0.082812 0.053125
4 0.418750 0.489063 0.031250 0.028125
2 0.400781 0.515625 0.026562 0.018750
4 0.491406 0.517969 0.042188 0.035937
4 0.466406 0.567969 0.064062 0.067187
4 0.457813 0.339844 0.100000 0.057813
4 0.535156 0.335156 0.029687 0.029687
5 0.509375 0.357031 0.018750 0.017188
4 0.178125 0.650000 0.081250 0.062500
4 0.214844 0.587500 0.045312 0.059375
4 0.248438 0.832031 0.050000 0.064062
4 0.319531 0.121094 0.014063 0.014063
5 0.422656 0.292969 0.020313 0.020313
