4 0.550000 0.135937 0.103125 0.162500
4 0.641406 0.096094 0.060937 0.079687
4 0.724219 0.187500 0.092188 0.096875
5 0.777344 0.657031 0.054688 0.064062
5 0.891406 0.751563 0.042188 0.056250
4 0.858594 0.635156 0.079687 0.107813
4 0.805469 0.797656 0.082812 0.104688
4 0.813281 0.692187 0.045312 0.062500
4 0.943750 0.614062 0.112500 0.128125
4 0.792188 0.617188 0.059375 0.059375
4 0.855469 0.542969 0.067187 0.067187
4 0.847656 0.710938 0.035937 0.031250
4 0.767969 0.937500 0.035937 0.037500
2 0.703125 0.643750 0.018750 0.034375
4 0.535156 0.271094 0.029687 0.032813
4 0.900000 0.411719 0.081250 0.101562
4 0.807031 0.467187 0.104688 0.096875
4 0.749219 0.399219 0.101562 0.082812
4 0.838281 0.372656 0.057813 0.064062
4 0.915625 0.250000 0.046875 0.037500
4 0.723437 0.624219 0.056250 0.067187
4 0.917188 0.125781 0.037500 0.045312
4 0.856250 0.737500 0.040625 0.031250
4 0.936719 0.329688 0.085938 0.075000
