4 0.503125 0.289844 0.215625 0.239063
4 0.652344 0.087500 0.076563 0.093750
4 0.547656 0.042188 0.151562 0.084375
4 0.729688 0.365625 0.365625 0.321875
4 0.907031 0.282031 0.139063 0.173437
4 0.563281 0.545312 0.132812 0.140625
4 0.563281 0.451562 0.135937 0.121875
4 0.481250 0.450000 0.100000 0.084375
4 0.571875 0.737500 0.071875 0.087500
4 0.612500 0.630469 0.084375 0.089063
4 0.690625 0.764844 0.137500 0.132812
4 0.840625 0.765625 0.203125 0.209375
2 0.828906 0.787500 0.160938 0.134375
4 0.565625 0.921875 0.040625 0.062500
4 0.628125 0.978906 0.093750 0.032813
5 0.802344 0.868750 0.151562 0.165625
4 0.638281 0.873437 0.032813 0.031250
4 0.298438 0.189844 0.028125 0.035937
4 0.114062 0.665625 0.050000 0.056250
4 0.119531 0.517188 0.023438 0.025000
4 0.231250 0.881250 0.028125 0.034375
5 0.601562 0.920312 0.065625 0.081250
