5 0.226562 0.388281 0.071875 0.067187
4 0.109375 0.592969 0.162500 0.173437
4 0.039062 0.296875 0.078125 0.137500
4 0.284375 0.846094 0.100000 0.114062
4 0.208594 0.889062 0.057813 0.087500
4 0.287500 0.771094 0.090625 0.123438
4 0.260156 0.633594 0.079687 0.098437
4 0.301563 0.693750 0.084375 0.084375
5 0.345313 0.767188 0.040625 0.081250
2 0.403125 0.369531 0.043750 0.051562
4 0.360938 0.416406 0.065625 0.060937
4 0.343750 0.356250 0.068750 0.065625
4 0.243750 0.452344 0.059375 0.101562
5 0.135937 0.169531 0.084375 0.082812
4 0.425000 0.082031 0.034375 0.039062
4 0.265625 0.192969 0.118750 0.185938
5 0.123438 0.734375 0.090625 0.121875
4 0.182812 0.739844 0.046875 0.057813
4 0.176563 0.457813 0.053125 0.040625
4 0.042188 0.521094 0.040625 0.048438
4 0.147656 0.281250 0.123438 0.143750
4 0.339844 0.072656 0.079687 0.107813
4 0.314063 0.283594 0.134375 0.142187
4 0.443750 0.707812 0.025000 0.040625
4 0.103906 0.480469 0.082812 0.073438
