5 0.669531 0.613281 0.085938 0.054688
4 0.382031 0.439063 0.054688 0.056250
2 0.359375 0.533594 0.075000 0.070312
2 0.250000 0.864062 0.056250 0.059375
2 0.457031 0.412500 0.057813 0.053125
2 0.486719 0.189844 0.067187 0.089063
1 0.735938 0.432812 0.050000 0.053125
1 0.584375 0.518750 0.050000 0.040625
1 0.710938 0.539844 0.056250 0.048438
1 0.694531 0.574219 0.073438 0.054688
1 0.381250 0.577344 0.043750 0.042188
1 0.475781 0.492969 0.042188 0.045312
1 0.522656 0.695312 0.051562 0.056250
1 0.500000 0.877344 0.071875 0.048438
1 0.490625 0.790625 0.056250 0.037500
5 0.430469 0.736719 0.051562 0.045312
5 0.293750 0.651563 0.037500 0.034375
