1 0.585938 0.070312 0.034375 0.031250
1 0.706250 0.225000 0.046875 0.037500
1 0.530469 0.364063 0.035937 0.025000
1 0.474219 0.426563 0.042188 0.025000
1 0.571094 0.433594 0.032813 0.023438
1 0.320312 0.796094 0.031250 0.017188
1 0.108594 0.955469 0.023438 0.014063
5 0.058594 0.652344 0.014063 0.014063
5 0.503906 0.777344 0.029687 0.014063
2 0.233594 0.633594 0.032813 0.057813
2 0.450000 0.659375 0.037500 0.043750
4 0.645312 0.532813 0.050000 0.050000
5 0.504687 0.476562 0.021875 0.021875
5 0.606250 0.400781 0.028125 0.039062
5 0.542969 0.397656 0.029687 0.032813
4 0.591406 0.028906 0.060937 0.051562
