4 0.614062 0.932813 0.146875 0.134375
4 0.637500 0.679688 0.118750 0.112500
4 0.759375 0.847656 0.031250 0.082812
4 0.736719 0.767969 0.104688 0.079687
4 0.966406 0.558594 0.067187 0.076563
4 0.924219 0.989844 0.070312 0.020313
4 0.382812 0.687500 0.037500 0.046875
4 0.476562 0.765625 0.046875 0.068750
4 0.554688 0.664062 0.081250 0.112500
4 0.384375 0.823438 0.065625 0.084375
4 0.642188 0.800781 0.137500 0.139063
4 0.751563 0.939063 0.071875 0.121875
5 0.714063 0.917969 0.028125 0.035937
5 0.825781 0.986719 0.079687 0.026562
5 0.507031 0.585938 0.039062 0.059375
5 0.459375 0.613281 0.031250 0.026562
5 0.987500 0.472656 0.025000 0.076563
4 0.653906 0.374219 0.054688 0.064062
4 0.539062 0.889062 0.025000 0.037500
4 0.373437 0.548438 0.021875 0.046875
4 0.442969 0.328906 0.054688 0.095312
4 0.488281 0.660937 0.042188 0.084375
4 0.556250 0.521875 0.018750 0.028125
4 0.393750 0.641406 0.015625 0.026562
4 0.515625 0.406250 0.090625 0.146875
4 0.535937 0.527344 0.075000 0.107813
4 0.464844 0.561719 0.073438 0.092188
4 0.444531 0.701562 0.054688 0.062500
4 0.453906 0.637500 0.026562 0.040625
4 0.494531 0.937500 0.107813 0.125000
