4 0.936719 0.741406 0.126562 0.182812
4 0.636719 0.690625 0.073438 0.040625
4 0.307812 0.650781 0.065625 0.048438
4 0.079687 0.840625 0.081250 0.178125
4 0.050000 0.684375 0.059375 0.068750
4 0.391406 0.495312 0.142187 0.093750
4 0.379688 0.566406 0.109375 0.079687
4 0.503125 0.564063 0.053125 0.034375
4 0.432812 0.428906 0.034375 0.029687
4 0.767969 0.346875 0.073438 0.043750
4 0.864844 0.371094 0.032813 0.026562
4 0.980469 0.480469 0.039062 0.051562
4 0.153125 0.971094 0.046875 0.029687
4 0.961719 0.861719 0.076563 0.082812
