1 0.676562 0.532813 0.025000 0.031250
3 0.866406 0.376563 0.076563 0.053125
2 0.612500 0.444531 0.046875 0.045312
2 0.657031 0.398438 0.048438 0.037500
2 0.604688 0.291406 0.053125 0.070312
3 0.494531 0.451562 0.029687 0.050000
3 0.595313 0.514062 0.021875 0.018750
3 0.471875 0.264062 0.034375 0.034375
3 0.364063 0.405469 0.034375 0.026562
3 0.469531 0.496875 0.045312 0.031250
4 0.478125 0.355469 0.056250 0.064062
5 0.553906 0.487500 0.032813 0.028125
5 0.688281 0.562500 0.042188 0.018750
4 0.432031 0.614844 0.032813 0.023438
5 0.600781 0.597656 0.020313 0.023438
5 0.609375 0.615625 0.021875 0.015625
5 0.589844 0.624219 0.014063 0.014063
1 0.134375 0.471094 0.018750 0.020313
