4 0.735938 0.718750 0.081250 0.156250
4 0.710156 0.593750 0.029687 0.050000
5 0.702344 0.850781 0.042188 0.048438
4 0.588281 0.844531 0.060937 0.117188
4 0.293750 0.901563 0.059375 0.075000
4 0.262500 0.975781 0.056250 0.048438
4 0.209375 0.953125 0.043750 0.062500
4 0.332031 0.807813 0.079687 0.121875
4 0.372656 0.724219 0.048438 0.082812
4 0.309375 0.736719 0.059375 0.073438
4 0.338281 0.639844 0.057813 0.076563
4 0.240625 0.560937 0.109375 0.100000
4 0.316406 0.573438 0.076563 0.084375
4 0.217969 0.460156 0.110937 0.117188
4 0.124219 0.534375 0.070312 0.065625
4 0.167187 0.585156 0.100000 0.114062
5 0.074219 0.569531 0.073438 0.079687
5 0.063281 0.357812 0.104688 0.137500
5 0.253906 0.635938 0.104688 0.090625
5 0.271875 0.786719 0.050000 0.042188
4 0.094531 0.951562 0.107813 0.096875
4 0.113281 0.176563 0.079687 0.043750
4 0.219531 0.082031 0.151562 0.123438
4 0.197656 0.039844 0.107813 0.032813
4 0.074219 0.050781 0.060937 0.023438
4 0.380469 0.937500 0.129688 0.125000
4 0.293750 0.686719 0.028125 0.029687
4 0.087500 0.460156 0.056250 0.073438
5 0.371094 0.428125 0.070312 0.087500
2 0.374219 0.568750 0.032813 0.031250
5 0.653125 0.331250 0.031250 0.034375
4 0.667188 0.435937 0.031250 0.040625
