2 0.406250 0.917969 0.075000 0.107813
4 0.864062 0.797656 0.031250 0.042188
3 0.915625 0.815625 0.087500 0.150000
4 0.784375 0.917969 0.028125 0.032813
4 0.759375 0.862500 0.034375 0.071875
4 0.828125 0.854688 0.025000 0.043750
4 0.818750 0.954688 0.015625 0.028125
4 0.898438 0.646094 0.059375 0.079687
4 0.846094 0.678125 0.048438 0.059375
4 0.867188 0.744531 0.053125 0.067187
4 0.835156 0.729688 0.029687 0.050000
4 0.740625 0.653906 0.062500 0.076563
4 0.575781 0.436719 0.010937 0.035937
4 0.745313 0.218750 0.062500 0.078125
5 0.806250 0.603125 0.034375 0.034375
4 0.757031 0.948438 0.104688 0.103125
4 0.692969 0.895312 0.010937 0.021875
4 0.902344 0.891406 0.029687 0.039062
4 0.800000 0.896094 0.025000 0.029687
