1 0.747656 0.596875 0.039062 0.021875
1 0.492969 0.473438 0.057813 0.037500
1 0.490625 0.327344 0.075000 0.039062
1 0.618750 0.286719 0.050000 0.029687
2 0.607031 0.469531 0.057813 0.051562
2 0.985156 0.355469 0.029687 0.048438
5 0.628906 0.239063 0.035937 0.046875
5 0.093750 0.178125 0.128125 0.062500
5 0.675000 0.701562 0.043750 0.034375
5 0.625000 0.746875 0.028125 0.025000
5 0.475781 0.690625 0.067187 0.031250
4 0.578125 0.550000 0.056250 0.031250
5 0.055469 0.874219 0.082812 0.057813
4 0.558594 0.281250 0.054688 0.065625
1 0.275781 0.460156 0.060937 0.045312
