4 0.371094 0.853906 0.035937 0.048438
1 0.764062 0.786719 0.034375 0.017188
2 0.806250 0.633594 0.037500 0.067187
2 0.482031 0.665625 0.045312 0.056250
5 0.457813 0.763281 0.037500 0.048438
5 0.109375 0.842969 0.134375 0.073438
1 0.282813 0.691406 0.081250 0.042188
1 0.521094 0.432812 0.051562 0.028125
5 0.518750 0.395313 0.043750 0.050000
4 0.407813 0.475781 0.068750 0.076563
5 0.117969 0.299219 0.054688 0.039062
5 0.458594 0.622656 0.035937 0.032813
5 0.491406 0.583594 0.032813 0.035937
1 0.547656 0.721875 0.048438 0.025000
5 0.663281 0.533594 0.029687 0.032813
