1 0.539844 0.656250 0.032813 0.031250
3 0.210156 0.918750 0.092188 0.050000
3 0.478906 0.512500 0.032813 0.046875
3 0.502344 0.471875 0.051562 0.021875
3 0.390625 0.399219 0.043750 0.035937
3 0.265625 0.517969 0.034375 0.032813
2 0.441406 0.553906 0.045312 0.042188
2 0.403125 0.738281 0.040625 0.042188
2 0.279687 0.709375 0.075000 0.046875
4 0.609375 0.434375 0.025000 0.031250
3 0.532813 0.599219 0.025000 0.020313
5 0.582812 0.637500 0.021875 0.028125
5 0.571875 0.589063 0.015625 0.021875
5 0.610938 0.529687 0.021875 0.028125
5 0.582812 0.537500 0.021875 0.025000
1 0.427344 0.118750 0.026562 0.018750
4 0.256250 0.603125 0.078125 0.062500
