4 0.174219 0.682031 0.242188 0.242188
4 0.117188 0.534375 0.175000 0.168750
4 0.039062 0.407031 0.078125 0.204687
4 0.497656 0.764062 0.070312 0.062500
4 0.570312 0.805469 0.075000 0.089063
1 0.773438 0.579688 0.018750 0.018750
3 0.719531 0.489063 0.039062 0.071875
4 0.258594 0.846875 0.098437 0.109375
5 0.347656 0.713281 0.032813 0.045312
5 0.503906 0.596094 0.067187 0.114062
5 0.549219 0.674219 0.051562 0.067187
5 0.479687 0.325781 0.043750 0.070312
5 0.504687 0.138281 0.046875 0.082812
2 0.540625 0.091406 0.053125 0.067187
2 0.395313 0.091406 0.084375 0.120313
4 0.421875 0.915625 0.078125 0.100000
4 0.389844 0.614844 0.082812 0.067187
4 0.280469 0.703906 0.054688 0.107813
4 0.267188 0.774219 0.037500 0.045312
4 0.468750 0.417969 0.071875 0.117188
4 0.353906 0.563281 0.048438 0.079687
4 0.792188 0.470313 0.021875 0.028125
4 0.831250 0.675781 0.025000 0.057813
4 0.822656 0.589844 0.020313 0.035937
4 0.792188 0.560937 0.025000 0.046875
4 0.366406 0.840625 0.064062 0.075000
4 0.582812 0.981250 0.040625 0.025000
4 0.565625 0.989844 0.031250 0.020313
4 0.494531 0.695312 0.085938 0.075000
4 0.331250 0.600000 0.053125 0.071875
