4 0.859375 0.390625 0.046875 0.034375
1 0.773438 0.778906 0.015625 0.032813
2 0.617188 0.812500 0.065625 0.034375
2 0.665625 0.490625 0.053125 0.043750
5 0.764062 0.471094 0.046875 0.035937
5 0.864062 0.128125 0.065625 0.131250
1 0.702344 0.293750 0.039062 0.078125
1 0.430469 0.518750 0.026562 0.050000
5 0.393750 0.513281 0.046875 0.042188
4 0.480469 0.406250 0.073438 0.065625
5 0.320312 0.107031 0.037500 0.051562
5 0.623437 0.465625 0.031250 0.034375
5 0.584375 0.495312 0.034375 0.031250
1 0.717969 0.559375 0.023438 0.046875
5 0.525000 0.664062 0.031250 0.028125
