4 0.396875 0.169531 0.059375 0.104688
4 0.667188 0.373437 0.081250 0.115625
4 0.678125 0.195312 0.096875 0.075000
4 0.561719 0.228906 0.142187 0.132812
4 0.597656 0.150000 0.060937 0.087500
4 0.564063 0.080469 0.071875 0.070312
4 0.456250 0.401562 0.087500 0.090625
4 0.367188 0.486719 0.075000 0.054688
4 0.399219 0.584375 0.151562 0.081250
4 0.892969 0.307812 0.054688 0.065625
2 0.922656 0.408594 0.035937 0.017188
5 0.939063 0.319531 0.068750 0.060937
4 0.899219 0.141406 0.123438 0.117188
4 0.821094 0.237500 0.067187 0.068750
4 0.914062 0.237500 0.096875 0.071875
4 0.960156 0.238281 0.023438 0.060937
4 0.968750 0.321094 0.028125 0.045312
4 0.735156 0.294531 0.107813 0.101562
4 0.636719 0.264844 0.064062 0.045312
4 0.483594 0.279687 0.051562 0.059375
4 0.275000 0.594531 0.093750 0.067187
4 0.532031 0.590625 0.035937 0.037500
4 0.053125 0.246875 0.106250 0.103125
4 0.692187 0.038281 0.143750 0.076563
4 0.921875 0.367188 0.106250 0.081250
