1 0.069531 0.203125 0.042188 0.028125
1 0.232813 0.268750 0.046875 0.037500
1 0.176563 0.135156 0.046875 0.039062
1 0.560156 0.780469 0.017188 0.014063
1 0.593750 0.774219 0.015625 0.010937
1 0.695312 0.657031 0.012500 0.010937
1 0.410938 0.630469 0.021875 0.017188
5 0.236719 0.657813 0.026562 0.025000
4 0.047656 0.295312 0.060937 0.056250
5 0.138281 0.156250 0.045312 0.046875
5 0.152344 0.139844 0.054688 0.051562
2 0.478906 0.468750 0.035937 0.059375
2 0.268750 0.475781 0.040625 0.042188
5 0.550781 0.888281 0.020313 0.014063
5 0.614844 0.980469 0.010937 0.014063
5 0.662500 0.934375 0.009375 0.009375
2 0.721094 0.761719 0.007812 0.023438
5 0.547656 0.812500 0.007812 0.012500
