5 0.739844 0.207813 0.098437 0.087500
5 0.666406 0.283594 0.076563 0.064062
4 0.377344 0.542188 0.051562 0.078125
4 0.698438 0.487500 0.087500 0.062500
4 0.671875 0.390625 0.090625 0.081250
4 0.857812 0.415625 0.096875 0.071875
4 0.764844 0.475000 0.089063 0.078125
4 0.977344 0.289844 0.023438 0.064062
4 0.937500 0.291406 0.065625 0.042188
2 0.243750 0.188281 0.065625 0.054688
5 0.292187 0.081250 0.065625 0.040625
4 0.689844 0.830469 0.064062 0.045312
4 0.650000 0.567187 0.053125 0.046875
5 0.322656 0.773438 0.232813 0.171875
5 0.480469 0.614062 0.051562 0.056250
