2 0.213281 0.626563 0.064062 0.040625
3 0.925000 0.221094 0.040625 0.079687
3 0.864844 0.075781 0.035937 0.029687
4 0.806250 0.171094 0.043750 0.060937
4 0.979688 0.174219 0.009375 0.042188
4 0.050781 0.221875 0.101562 0.121875
4 0.161719 0.310937 0.157812 0.115625
4 0.366406 0.503906 0.042188 0.064062
4 0.314063 0.717969 0.075000 0.101562
4 0.170313 0.525000 0.062500 0.059375
4 0.238281 0.607031 0.035937 0.039062
2 0.153906 0.848437 0.057813 0.071875
2 0.371875 0.680469 0.031250 0.051562
4 0.046875 0.532031 0.093750 0.104688
5 0.606250 0.740625 0.043750 0.034375
4 0.688281 0.635938 0.029687 0.034375
5 0.509375 0.967969 0.031250 0.051562
4 0.996875 0.494531 0.006250 0.023438
4 0.232031 0.517969 0.023438 0.026562
4 0.070312 0.986719 0.028125 0.026562
4 0.260156 0.800781 0.035937 0.023438
4 0.364063 0.775000 0.031250 0.028125
4 0.240625 0.662500 0.050000 0.053125
