4 0.869531 0.417969 0.201563 0.201563
4 0.882031 0.571875 0.148438 0.137500
4 0.948438 0.718750 0.096875 0.187500
4 0.588281 0.253906 0.057813 0.048438
4 0.531250 0.196094 0.059375 0.076563
1 0.280469 0.353125 0.014063 0.015625
3 0.307031 0.451562 0.023438 0.065625
4 0.834375 0.242188 0.078125 0.093750
5 0.714844 0.342187 0.023438 0.040625
5 0.537500 0.408594 0.043750 0.104688
5 0.516406 0.324219 0.039062 0.060937
5 0.488281 0.669531 0.029687 0.064062
5 0.412500 0.838281 0.031250 0.076563
2 0.366406 0.871875 0.042188 0.059375
2 0.503906 0.910156 0.060937 0.107813
4 0.700000 0.133594 0.059375 0.085938
4 0.649219 0.423438 0.073438 0.053125
4 0.774219 0.369531 0.032813 0.101562
4 0.807031 0.307031 0.029687 0.039062
4 0.521875 0.586719 0.046875 0.107813
4 0.668750 0.481250 0.034375 0.075000
4 0.233594 0.450000 0.017188 0.025000
4 0.252344 0.246094 0.014063 0.054688
4 0.238281 0.329688 0.014063 0.034375
4 0.258594 0.366406 0.017188 0.042188
4 0.731250 0.218750 0.050000 0.062500
4 0.566406 0.028125 0.035937 0.018750
4 0.585156 0.016406 0.029687 0.029687
4 0.572656 0.319531 0.073438 0.060937
4 0.700781 0.452344 0.039062 0.064062
