1 0.610156 0.800000 0.026562 0.046875
1 0.644531 0.603125 0.023438 0.034375
1 0.550000 0.125781 0.015625 0.010937
1 0.420312 0.806250 0.031250 0.050000
5 0.886719 0.776563 0.032813 0.050000
5 0.821875 0.649219 0.031250 0.032813
5 0.907813 0.692187 0.015625 0.031250
1 0.289062 0.730469 0.040625 0.042188
5 0.263281 0.725781 0.048438 0.023438
4 0.339062 0.787500 0.053125 0.050000
2 0.469531 0.723437 0.060937 0.050000
2 0.442969 0.425000 0.042188 0.046875
2 0.528906 0.109375 0.035937 0.012500
5 0.479687 0.210938 0.009375 0.012500
4 0.642188 0.804688 0.034375 0.034375
