5 0.671094 0.632031 0.032813 0.067187
5 0.662500 0.550781 0.034375 0.029687
5 0.564063 0.628125 0.018750 0.025000
5 0.545312 0.634375 0.031250 0.043750
5 0.488281 0.525000 0.039062 0.037500
5 0.404687 0.328906 0.050000 0.045312
5 0.386719 0.300781 0.051562 0.060937
5 0.502344 0.295312 0.035937 0.062500
5 0.457813 0.160938 0.043750 0.040625
5 0.454688 0.453125 0.021875 0.025000
5 0.460938 0.511719 0.025000 0.048438
5 0.475000 0.541406 0.050000 0.026562
2 0.782813 0.481250 0.081250 0.065625
4 0.645312 0.473438 0.043750 0.043750
1 0.631250 0.442188 0.025000 0.040625
5 0.614062 0.356250 0.025000 0.037500
2 0.515625 0.645312 0.046875 0.046875
2 0.422656 0.632812 0.035937 0.031250
4 0.465625 0.573438 0.040625 0.037500
1 0.428125 0.507812 0.034375 0.034375
1 0.419531 0.552344 0.032813 0.035937
1 0.407813 0.530469 0.025000 0.042188
1 0.375000 0.533594 0.034375 0.035937
1 0.442969 0.435937 0.026562 0.028125
1 0.408594 0.691406 0.017188 0.020313
1 0.438281 0.411719 0.035937 0.032813
1 0.264844 0.695312 0.020313 0.028125
1 0.275000 0.647656 0.025000 0.020313
1 0.153125 0.705469 0.025000 0.026562
1 0.140625 0.726562 0.018750 0.025000
2 0.242969 0.874219 0.023438 0.017188
5 0.317188 0.730469 0.015625 0.017188
5 0.373437 0.729688 0.018750 0.025000
1 0.600781 0.644531 0.020313 0.020313
