2 0.980469 0.382812 0.039062 0.128125
4 0.092188 0.753906 0.062500 0.060937
4 0.168750 0.714844 0.043750 0.039062
4 0.042188 0.625781 0.084375 0.067187
4 0.249219 0.562500 0.064062 0.062500
4 0.332813 0.770312 0.043750 0.028125
4 0.373437 0.785156 0.037500 0.026562
4 0.401562 0.762500 0.037500 0.021875
4 0.203125 0.759375 0.018750 0.018750
5 0.203125 0.149219 0.196875 0.135937
4 0.103906 0.120313 0.057813 0.090625
5 0.143750 0.200000 0.087500 0.078125
5 0.182812 0.637500 0.031250 0.034375
3 0.705469 0.303906 0.167187 0.101562
