5 0.221094 0.350781 0.029687 0.020313
5 0.164844 0.328125 0.026562 0.034375
5 0.189062 0.288281 0.028125 0.060937
1 0.380469 0.400000 0.032813 0.034375
1 0.617188 0.117188 0.037500 0.059375
1 0.442188 0.161719 0.031250 0.054688
4 0.422656 0.121094 0.057813 0.079687
4 0.700000 0.153906 0.059375 0.067187
2 0.549219 0.275000 0.060937 0.068750
1 0.733594 0.228906 0.042188 0.054688
1 0.422656 0.802344 0.017188 0.010937
2 0.441406 0.821094 0.035937 0.020313
5 0.505469 0.745313 0.010937 0.018750
2 0.564844 0.552344 0.045312 0.045312
5 0.746875 0.253906 0.056250 0.039062
