4 0.639062 0.242969 0.103125 0.070312
4 0.528125 0.396875 0.075000 0.062500
4 0.670312 0.375000 0.137500 0.115625
4 0.628906 0.375000 0.117188 0.115625
4 0.569531 0.412500 0.045312 0.050000
4 0.530469 0.613281 0.079687 0.064062
4 0.609375 0.592969 0.071875 0.070312
4 0.838281 0.790625 0.060937 0.071875
4 0.642188 0.968750 0.143750 0.059375
2 0.295312 0.787500 0.090625 0.096875
4 0.194531 0.761719 0.098437 0.073438
4 0.305469 0.853125 0.220312 0.131250
4 0.196094 0.909375 0.057813 0.046875
4 0.223438 0.939063 0.068750 0.043750
4 0.248438 0.972656 0.134375 0.054688
4 0.402344 0.985156 0.079687 0.029687
4 0.443750 0.952344 0.125000 0.092188
4 0.397656 0.938281 0.045312 0.042188
4 0.355469 0.887500 0.107813 0.084375
4 0.410938 0.737500 0.100000 0.068750
4 0.960938 0.368750 0.056250 0.068750
4 0.903906 0.114844 0.026562 0.032813
5 0.955469 0.646875 0.070312 0.096875
4 0.765625 0.620313 0.103125 0.100000
4 0.928125 0.367188 0.053125 0.081250
5 0.888281 0.419531 0.023438 0.020313
