4 0.260937 0.602344 0.109375 0.123438
4 0.407813 0.662500 0.065625 0.087500
4 0.384375 0.739062 0.068750 0.112500
4 0.328906 0.856250 0.157812 0.178125
2 0.400000 0.917969 0.084375 0.092188
4 0.412500 0.842969 0.028125 0.054688
4 0.432812 0.819531 0.025000 0.070312
4 0.529687 0.520312 0.034375 0.034375
4 0.528125 0.838281 0.031250 0.054688
4 0.166406 0.630469 0.054688 0.070312
4 0.124219 0.557031 0.107813 0.095312
5 0.375000 0.410938 0.018750 0.021875
5 0.245312 0.986719 0.078125 0.026562
4 0.311719 0.646875 0.060937 0.068750
