4 0.277344 0.105469 0.214062 0.201563
4 0.388281 0.064062 0.270313 0.128125
4 0.400000 0.207031 0.065625 0.085938
4 0.423438 0.142969 0.096875 0.123438
4 0.499219 0.178125 0.142187 0.131250
4 0.598437 0.186719 0.084375 0.082812
2 0.795312 0.092969 0.112500 0.104688
4 0.775781 0.089063 0.170313 0.115625
4 0.728125 0.153125 0.071875 0.078125
4 0.663281 0.263281 0.073438 0.070312
4 0.802344 0.356250 0.057813 0.040625
4 0.800781 0.271875 0.026562 0.031250
5 0.821094 0.331250 0.064062 0.053125
5 0.846875 0.136719 0.153125 0.148438
4 0.897656 0.344531 0.079687 0.089063
4 0.946094 0.391406 0.107813 0.095312
4 0.132031 0.225781 0.032813 0.026562
4 0.446875 0.597656 0.050000 0.045312
4 0.330469 0.529687 0.020313 0.018750
4 0.653125 0.608594 0.028125 0.023438
