4 0.610938 0.630469 0.068750 0.042188
5 0.418750 0.371875 0.050000 0.071875
5 0.354687 0.305469 0.078125 0.089063
4 0.564844 0.333594 0.079687 0.073438
4 0.561719 0.280469 0.079687 0.089063
4 0.492188 0.358594 0.056250 0.082812
4 0.521094 0.197656 0.064062 0.095312
2 0.275781 0.742969 0.051562 0.054688
5 0.184375 0.700000 0.034375 0.040625
5 0.825781 0.696875 0.195312 0.178125
5 0.541406 0.030469 0.092188 0.060937
4 0.649219 0.382812 0.035937 0.046875
4 0.892969 0.342969 0.039062 0.057813
4 0.251563 0.389062 0.037500 0.040625
5 0.457031 0.102344 0.057813 0.120313
5 0.675781 0.546875 0.042188 0.050000
