5 0.652344 0.770312 0.032813 0.034375
5 0.790625 0.795312 0.059375 0.043750
5 0.714063 0.837500 0.037500 0.025000
5 0.633594 0.164844 0.042188 0.057813
5 0.138281 0.513281 0.014063 0.014063
2 0.050781 0.582812 0.020313 0.037500
1 0.082812 0.597656 0.012500 0.017188
1 0.577344 0.595313 0.035937 0.031250
1 0.792188 0.497656 0.062500 0.039062
4 0.796094 0.532031 0.042188 0.045312
2 0.663281 0.388281 0.060937 0.070312
1 0.763281 0.302344 0.064062 0.042188
4 0.724219 0.225781 0.054688 0.067187
1 0.655469 0.184375 0.057813 0.053125
2 0.353906 0.427344 0.060937 0.051562
