4 0.385937 0.067187 0.146875 0.134375
4 0.364063 0.320312 0.118750 0.112500
4 0.242188 0.153906 0.031250 0.082812
4 0.264844 0.232031 0.104688 0.079687
4 0.033594 0.441406 0.067187 0.076563
4 0.075781 0.010156 0.070312 0.020313
4 0.618750 0.312500 0.037500 0.046875
4 0.525000 0.234375 0.046875 0.068750
4 0.445312 0.335938 0.081250 0.112500
4 0.615625 0.176563 0.065625 0.084375
4 0.357812 0.199219 0.137500 0.139063
4 0.248438 0.060937 0.071875 0.121875
5 0.285938 0.082031 0.028125 0.035937
5 0.174219 0.013281 0.079687 0.026562
5 0.494531 0.414062 0.039062 0.059375
5 0.540625 0.388281 0.031250 0.026562
5 0.012500 0.527344 0.025000 0.076563
4 0.347656 0.625781 0.054688 0.064062
4 0.462500 0.112500 0.025000 0.037500
4 0.628125 0.453125 0.021875 0.046875
4 0.558594 0.671094 0.054688 0.095312
4 0.511719 0.339062 0.042188 0.084375
4 0.443750 0.478125 0.018750 0.028125
4 0.606250 0.360156 0.015625 0.026562
4 0.484375 0.595313 0.090625 0.146875
4 0.465625 0.474219 0.075000 0.107813
4 0.536719 0.439844 0.073438 0.092188
4 0.555469 0.300000 0.054688 0.062500
4 0.547656 0.362500 0.026562 0.040625
4 0.505469 0.062500 0.107813 0.125000
