5 0.911719 0.572656 0.017188 0.023438
5 0.652344 0.792188 0.032813 0.021875
5 0.467969 0.736719 0.042188 0.035937
5 0.278906 0.650000 0.079687 0.053125
5 0.190625 0.580469 0.103125 0.054688
5 0.105469 0.464062 0.057813 0.062500
5 0.296875 0.255469 0.053125 0.085938
5 0.425000 0.303125 0.062500 0.053125
5 0.727344 0.228906 0.020313 0.020313
1 0.689844 0.262500 0.026562 0.037500
1 0.629687 0.264844 0.043750 0.035937
1 0.592969 0.267969 0.042188 0.039062
1 0.650781 0.374219 0.023438 0.023438
1 0.752344 0.171094 0.026562 0.023438
1 0.762500 0.200781 0.018750 0.020313
1 0.808594 0.150000 0.032813 0.021875
1 0.803906 0.128125 0.029687 0.021875
5 0.901563 0.173437 0.018750 0.025000
2 0.816406 0.190625 0.032813 0.040625
5 0.693750 0.160938 0.053125 0.034375
1 0.853906 0.705469 0.017188 0.017188
5 0.811719 0.696094 0.017188 0.014063
2 0.764062 0.806250 0.056250 0.056250
2 0.654687 0.739062 0.059375 0.065625
1 0.667969 0.598437 0.029687 0.040625
1 0.625781 0.600781 0.026562 0.039062
5 0.486719 0.629687 0.045312 0.046875
5 0.346094 0.593750 0.051562 0.046875
5 0.325781 0.583594 0.048438 0.045312
4 0.471094 0.690625 0.057813 0.071875
5 0.492188 0.310937 0.053125 0.034375
4 0.674219 0.369531 0.045312 0.045312
