4 0.428125 0.292969 0.371875 0.329688
4 0.710938 0.122656 0.093750 0.101562
4 0.850781 0.117969 0.082812 0.101562
4 0.713281 0.350000 0.185938 0.234375
4 0.483594 0.515625 0.120313 0.140625
4 0.529687 0.439844 0.140625 0.107813
4 0.614062 0.465625 0.075000 0.084375
4 0.257812 0.121094 0.378125 0.242188
4 0.462500 0.217188 0.050000 0.040625
4 0.389062 0.564844 0.090625 0.110937
4 0.332813 0.684375 0.087500 0.078125
4 0.228906 0.644531 0.104688 0.054688
4 0.231250 0.597656 0.093750 0.067187
4 0.098437 0.553125 0.196875 0.175000
4 0.192969 0.827344 0.076563 0.073438
4 0.191406 0.741406 0.039062 0.032813
4 0.046875 0.870313 0.093750 0.075000
4 0.107813 0.879687 0.037500 0.037500
5 0.082031 0.680469 0.164062 0.154688
2 0.085156 0.582812 0.167187 0.109375
4 0.798438 0.822656 0.059375 0.064062
5 0.880469 0.691406 0.023438 0.023438
4 0.947656 0.347656 0.026562 0.029687
