5 0.496094 0.701562 0.095312 0.081250
4 0.372656 0.779687 0.104688 0.121875
2 0.269531 0.190625 0.067187 0.075000
5 0.054688 0.119531 0.053125 0.035937
4 0.763281 0.771094 0.117188 0.120313
4 0.831250 0.832031 0.106250 0.126562
4 0.859375 0.531250 0.046875 0.068750
4 0.963281 0.521875 0.032813 0.043750
4 0.537500 0.812500 0.075000 0.078125
4 0.433594 0.898438 0.076563 0.065625
4 0.374219 0.900781 0.067187 0.051562
5 0.471875 0.939844 0.093750 0.085938
4 0.793750 0.463281 0.084375 0.079687
4 0.973437 0.431250 0.050000 0.056250
5 0.893750 0.145313 0.065625 0.068750
5 0.611719 0.012500 0.114062 0.025000
4 0.542188 0.634375 0.115625 0.103125
4 0.553906 0.895312 0.067187 0.059375
