1 0.331250 0.551562 0.025000 0.031250
3 0.145313 0.403906 0.075000 0.051562
2 0.392969 0.466406 0.045312 0.042188
2 0.349219 0.421875 0.045312 0.034375
2 0.396875 0.316406 0.050000 0.067187
3 0.505469 0.469531 0.026562 0.045312
3 0.408594 0.532031 0.020313 0.017188
3 0.525000 0.289062 0.031250 0.031250
3 0.630469 0.423438 0.032813 0.025000
3 0.529687 0.513281 0.043750 0.029687
4 0.518750 0.377344 0.053125 0.060937
5 0.448437 0.506250 0.031250 0.028125
5 0.320312 0.580469 0.040625 0.017188
4 0.568750 0.626563 0.031250 0.021875
5 0.406250 0.611719 0.018750 0.023438
5 0.397656 0.628906 0.020313 0.014063
5 0.417187 0.636719 0.012500 0.014063
1 0.852344 0.483594 0.017188 0.020313
