1 0.200000 0.610156 0.046875 0.026562
1 0.396875 0.644531 0.034375 0.023438
1 0.875781 0.550000 0.010937 0.015625
1 0.195312 0.420312 0.050000 0.031250
5 0.223438 0.886719 0.050000 0.032813
5 0.350781 0.821875 0.032813 0.031250
5 0.309375 0.907813 0.031250 0.015625
1 0.271094 0.289062 0.042188 0.040625
5 0.275781 0.263281 0.023438 0.048438
4 0.212500 0.339062 0.050000 0.053125
2 0.278125 0.469531 0.050000 0.060937
2 0.576562 0.442969 0.046875 0.042188
2 0.892188 0.528906 0.012500 0.035937
5 0.789062 0.479687 0.012500 0.009375
4 0.196875 0.642188 0.034375 0.034375
