5 0.292969 0.341406 0.032813 0.032813
5 0.459375 0.263281 0.050000 0.042188
5 0.688281 0.407031 0.085938 0.051562
5 0.690625 0.499219 0.140625 0.092188
2 0.489844 0.832812 0.070312 0.087500
2 0.371875 0.467969 0.081250 0.076563
2 0.482031 0.587500 0.057813 0.053125
2 0.257031 0.130469 0.051562 0.054688
1 0.394531 0.420312 0.042188 0.040625
1 0.503125 0.513281 0.037500 0.042188
1 0.548438 0.308594 0.046875 0.051562
1 0.520312 0.209375 0.053125 0.034375
1 0.540625 0.122656 0.071875 0.048438
1 0.708594 0.450781 0.070312 0.051562
1 0.723437 0.482031 0.056250 0.048438
1 0.734375 0.589063 0.059375 0.059375
5 0.651563 0.675781 0.040625 0.026562
4 0.400781 0.560937 0.057813 0.056250
