5 0.097656 0.444531 0.026562 0.048438
5 0.192969 0.364844 0.026562 0.032813
5 0.307031 0.547656 0.051562 0.035937
5 0.536719 0.125781 0.020313 0.014063
2 0.483594 0.043750 0.035937 0.012500
2 0.545312 0.321875 0.046875 0.037500
1 0.467187 0.058594 0.015625 0.007812
1 0.326562 0.402344 0.025000 0.032813
1 0.379688 0.624219 0.028125 0.048438
1 0.518750 0.718750 0.034375 0.053125
1 0.665625 0.685937 0.040625 0.040625
5 0.175781 0.405469 0.017188 0.026562
2 0.489844 0.608594 0.051562 0.051562
4 0.630469 0.730469 0.060937 0.035937
4 0.343750 0.685937 0.046875 0.071875
