1 0.571094 0.418750 0.023438 0.028125
1 0.571094 0.313281 0.032813 0.039062
1 0.586719 0.264844 0.029687 0.051562
1 0.647656 0.272656 0.042188 0.035937
1 0.594531 0.214062 0.020313 0.056250
1 0.791406 0.406250 0.023438 0.034375
1 0.853906 0.457813 0.029687 0.037500
1 0.717969 0.526563 0.023438 0.034375
1 0.474219 0.418750 0.017188 0.037500
4 0.382031 0.453125 0.048438 0.059375
5 0.344531 0.228906 0.029687 0.051562
5 0.453125 0.111719 0.043750 0.079687
5 0.609375 0.141406 0.053125 0.073438
5 0.564844 0.217188 0.045312 0.031250
5 0.553125 0.380469 0.050000 0.032813
5 0.557813 0.346094 0.031250 0.039062
5 0.878125 0.510156 0.031250 0.032813
5 0.764062 0.571094 0.025000 0.023438
2 0.596094 0.451562 0.039062 0.031250
2 0.543750 0.530469 0.059375 0.057813
2 0.952344 0.614844 0.039062 0.035937
1 0.958594 0.464844 0.032813 0.023438
1 0.991406 0.470313 0.017188 0.034375
5 0.415625 0.011719 0.043750 0.020313
2 0.187500 0.426563 0.065625 0.062500
5 0.500000 0.433594 0.040625 0.048438
4 0.538281 0.435937 0.035937 0.040625
