5 0.496094 0.298438 0.095312 0.081250
4 0.372656 0.221875 0.104688 0.121875
2 0.269531 0.809375 0.067187 0.075000
5 0.054688 0.882031 0.053125 0.035937
4 0.763281 0.230469 0.117188 0.120313
4 0.831250 0.167969 0.106250 0.126562
4 0.859375 0.468750 0.046875 0.068750
4 0.963281 0.478125 0.032813 0.043750
4 0.537500 0.189062 0.075000 0.078125
4 0.433594 0.101562 0.076563 0.065625
4 0.374219 0.100781 0.067187 0.051562
5 0.471875 0.061719 0.093750 0.085938
4 0.793750 0.536719 0.084375 0.079687
4 0.973437 0.568750 0.050000 0.056250
5 0.893750 0.856250 0.065625 0.068750
5 0.611719 0.987500 0.114062 0.025000
4 0.542188 0.367188 0.115625 0.103125
4 0.553906 0.106250 0.067187 0.059375
