2 0.978125 0.656250 0.043750 0.121875
4 0.133594 0.233594 0.057813 0.057813
4 0.205469 0.276562 0.042188 0.034375
4 0.075000 0.353906 0.084375 0.060937
4 0.272656 0.430469 0.057813 0.057813
4 0.369531 0.233594 0.042188 0.026562
4 0.408594 0.221875 0.035937 0.025000
4 0.433594 0.246094 0.035937 0.020313
4 0.240625 0.235937 0.018750 0.018750
5 0.200000 0.829688 0.187500 0.121875
4 0.100781 0.850000 0.051562 0.087500
5 0.145313 0.775000 0.084375 0.071875
5 0.213281 0.353125 0.029687 0.031250
3 0.697656 0.712500 0.160938 0.090625
4 0.108594 0.975000 0.057813 0.050000
