5 0.340625 0.248438 0.028125 0.031250
5 0.212500 0.214062 0.053125 0.037500
5 0.288281 0.179688 0.032813 0.021875
5 0.307031 0.821875 0.035937 0.053125
5 0.803125 0.534375 0.012500 0.012500
2 0.892188 0.475781 0.015625 0.035937
1 0.863281 0.458594 0.010937 0.017188
1 0.396875 0.419531 0.031250 0.026562
1 0.186719 0.493750 0.057813 0.031250
4 0.185156 0.462500 0.035937 0.040625
2 0.298438 0.609375 0.053125 0.062500
1 0.196875 0.681250 0.059375 0.037500
4 0.226562 0.757031 0.046875 0.060937
1 0.288281 0.802344 0.051562 0.045312
2 0.592969 0.598437 0.054688 0.043750
