4 0.629687 0.409375 0.109375 0.140625
4 0.739062 0.512500 0.168750 0.175000
4 0.870313 0.593750 0.115625 0.181250
4 0.628125 0.284375 0.071875 0.071875
4 0.582812 0.128125 0.071875 0.093750
4 0.370312 0.570312 0.059375 0.100000
4 0.925000 0.217969 0.150000 0.195312
4 0.975000 0.093750 0.050000 0.068750
5 0.877344 0.075781 0.057813 0.123438
5 0.757812 0.179688 0.075000 0.087500
4 0.848437 0.092188 0.228125 0.168750
4 0.717969 0.162500 0.095312 0.106250
5 0.706250 0.042969 0.034375 0.073438
2 0.785937 0.329688 0.090625 0.090625
5 0.818750 0.410938 0.075000 0.056250
2 0.685156 0.291406 0.026562 0.026562
5 0.896875 0.381250 0.121875 0.115625
4 0.992969 0.323437 0.014063 0.028125
4 0.914062 0.479687 0.018750 0.021875
4 0.918750 0.635156 0.159375 0.198437
4 0.400000 0.744531 0.062500 0.095312
4 0.740625 0.223438 0.078125 0.071875
