5 0.184375 0.414062 0.093750 0.090625
5 0.269531 0.464062 0.098437 0.053125
5 0.439844 0.688281 0.054688 0.045312
5 0.627344 0.676562 0.035937 0.031250
5 0.415625 0.251563 0.056250 0.046875
1 0.410156 0.426563 0.060937 0.037500
1 0.314844 0.289062 0.048438 0.056250
1 0.264062 0.385156 0.053125 0.045312
1 0.268750 0.421875 0.078125 0.053125
1 0.370312 0.621875 0.046875 0.053125
1 0.363281 0.719531 0.051562 0.035937
1 0.309375 0.787500 0.065625 0.050000
1 0.584375 0.575000 0.046875 0.037500
1 0.521875 0.449219 0.043750 0.042188
2 0.657031 0.182031 0.073438 0.095312
2 0.625781 0.542969 0.076563 0.070312
2 0.567969 0.400781 0.048438 0.048438
2 0.563281 0.878906 0.051562 0.054688
4 0.633594 0.444531 0.057813 0.060937
