5 0.787500 0.361719 0.062500 0.048438
5 0.835938 0.958594 0.046875 0.023438
5 0.111719 0.982812 0.057813 0.034375
5 0.242969 0.357812 0.029687 0.028125
4 0.460938 0.425781 0.037500 0.098437
1 0.407031 0.255469 0.026562 0.048438
1 0.541406 0.511719 0.039062 0.073438
1 0.685937 0.514062 0.037500 0.075000
1 0.735156 0.371875 0.029687 0.050000
4 0.739062 0.443750 0.075000 0.068750
2 0.653125 0.014844 0.050000 0.029687
2 0.538281 0.373437 0.051562 0.053125
5 0.294531 0.533594 0.029687 0.060937
5 0.281250 0.318750 0.034375 0.028125
1 0.544531 0.748437 0.035937 0.050000
