4 0.185938 0.178125 0.087500 0.071875
4 0.332813 0.043750 0.081250 0.081250
4 0.277344 0.179688 0.076563 0.096875
4 0.672656 0.385937 0.101562 0.093750
4 0.946875 0.243750 0.090625 0.121875
4 0.871875 0.275781 0.078125 0.076563
4 0.390625 0.756250 0.071875 0.065625
4 0.189844 0.730469 0.114062 0.073438
4 0.221875 0.685937 0.043750 0.034375
4 0.041406 0.469531 0.082812 0.089063
4 0.346094 0.469531 0.167187 0.139063
4 0.753906 0.521094 0.117188 0.101562
4 0.844531 0.587500 0.195312 0.134375
4 0.924219 0.480469 0.151562 0.132812
4 0.836719 0.115625 0.129688 0.090625
