5 0.189062 0.770312 0.028125 0.043750
5 0.193750 0.290625 0.034375 0.053125
5 0.522656 0.286719 0.010937 0.014063
5 0.778906 0.775000 0.051562 0.037500
2 0.572656 0.463281 0.048438 0.064062
2 0.579688 0.758594 0.065625 0.067187
2 0.460938 0.210156 0.037500 0.020313
1 0.446094 0.239063 0.017188 0.012500
1 0.399219 0.668750 0.029687 0.034375
1 0.478906 0.846094 0.035937 0.057813
1 0.644531 0.903125 0.039062 0.062500
4 0.732812 0.874219 0.062500 0.070312
5 0.196875 0.702344 0.025000 0.026562
5 0.224219 0.672656 0.020313 0.032813
1 0.764062 0.796094 0.043750 0.054688
4 0.459375 0.904687 0.056250 0.078125
