4 0.658594 0.573438 0.148438 0.140625
4 0.889062 0.585938 0.221875 0.209375
4 0.776563 0.799219 0.337500 0.370312
4 0.793750 0.953125 0.196875 0.093750
5 0.838281 0.866406 0.032813 0.045312
4 0.460156 0.526563 0.079687 0.068750
4 0.300781 0.482812 0.060937 0.046875
5 0.301563 0.524219 0.068750 0.057813
4 0.206250 0.535156 0.081250 0.092188
4 0.120313 0.507031 0.162500 0.151562
5 0.304688 0.704688 0.153125 0.165625
2 0.368750 0.758594 0.115625 0.148438
4 0.384375 0.773438 0.184375 0.190625
4 0.432812 0.629687 0.109375 0.121875
4 0.571094 0.592187 0.085938 0.078125
