5 0.492188 0.282813 0.053125 0.059375
3 0.803906 0.014063 0.029687 0.028125
4 0.542188 0.759375 0.078125 0.118750
4 0.061719 0.688281 0.076563 0.048438
4 0.277344 0.588281 0.085938 0.135937
4 0.086719 0.485156 0.023438 0.029687
4 0.078125 0.782813 0.096875 0.137500
4 0.179688 0.760156 0.065625 0.114062
3 0.308594 0.799219 0.095312 0.107813
3 0.339844 0.750781 0.029687 0.042188
4 0.400781 0.861719 0.042188 0.039062
4 0.385937 0.835156 0.028125 0.048438
4 0.359375 0.767969 0.021875 0.032813
4 0.167187 0.891406 0.031250 0.060937
4 0.192969 0.892969 0.020313 0.042188
4 0.250781 0.826562 0.023438 0.025000
4 0.275781 0.893750 0.045312 0.059375
2 0.160156 0.950781 0.029687 0.023438
5 0.421094 0.639844 0.020313 0.042188
5 0.163281 0.594531 0.057813 0.139063
4 0.275000 0.732031 0.018750 0.023438
4 0.433594 0.136719 0.020313 0.051562
