5 0.447656 0.710938 0.039062 0.040625
5 0.467187 0.468750 0.034375 0.034375
5 0.463281 0.489844 0.048438 0.039062
1 0.455469 0.503906 0.042188 0.032813
1 0.552344 0.753906 0.029687 0.029687
1 0.717969 0.603906 0.039062 0.035937
4 0.557813 0.791406 0.053125 0.048438
5 0.551562 0.462500 0.034375 0.043750
4 0.570312 0.325000 0.075000 0.062500
1 0.511719 0.421875 0.035937 0.031250
1 0.402344 0.425000 0.042188 0.031250
5 0.421875 0.398438 0.031250 0.025000
2 0.339062 0.213281 0.040625 0.048438
5 0.374219 0.058594 0.029687 0.029687
1 0.203125 0.083594 0.028125 0.023438
2 0.157812 0.268750 0.037500 0.065625
