4 0.411719 0.468750 0.117188 0.140625
4 0.720313 0.375781 0.056250 0.067187
4 0.798438 0.481250 0.034375 0.059375
4 0.619531 0.462500 0.048438 0.075000
4 0.798438 0.082031 0.028125 0.026562
4 0.799219 0.056250 0.023438 0.025000
4 0.762500 0.046875 0.028125 0.021875
4 0.753125 0.105469 0.015625 0.017188
4 0.887500 0.178906 0.028125 0.039062
4 0.842969 0.121875 0.026562 0.050000
4 0.883594 0.089063 0.026562 0.037500
4 0.882031 0.062500 0.029687 0.009375
5 0.050000 0.692187 0.034375 0.059375
4 0.455469 0.922656 0.020313 0.029687
4 0.585156 0.550000 0.020313 0.043750
4 0.503125 0.660156 0.021875 0.026562
4 0.591406 0.574219 0.014063 0.010937
4 0.564063 0.328125 0.012500 0.015625
4 0.477344 0.507031 0.020313 0.026562
