5 0.282813 0.544531 0.087500 0.051562
4 0.621094 0.507812 0.054688 0.056250
2 0.601562 0.603125 0.071875 0.068750
2 0.560937 0.954688 0.056250 0.059375
2 0.566406 0.450000 0.057813 0.053125
2 0.632031 0.232031 0.064062 0.089063
1 0.299219 0.350000 0.048438 0.053125
1 0.400781 0.492969 0.048438 0.039062
1 0.276562 0.459375 0.056250 0.046875
1 0.275000 0.497656 0.071875 0.054688
1 0.565625 0.635156 0.043750 0.042188
1 0.511719 0.517188 0.042188 0.043750
1 0.382812 0.684375 0.050000 0.056250
1 0.325781 0.860938 0.073438 0.046875
1 0.370312 0.784375 0.056250 0.034375
5 0.449219 0.761719 0.051562 0.045312
5 0.611719 0.739844 0.035937 0.032813
