1 0.503906 0.665625 0.032813 0.018750
1 0.433594 0.479687 0.032813 0.031250
1 0.453906 0.463281 0.029687 0.020313
1 0.503906 0.450781 0.032813 0.029687
1 0.528906 0.441406 0.029687 0.020313
1 0.515625 0.425000 0.034375 0.018750
1 0.640625 0.603125 0.012500 0.018750
5 0.617969 0.566406 0.020313 0.017188
5 0.629687 0.548438 0.037500 0.028125
5 0.529687 0.528906 0.028125 0.032813
5 0.533594 0.492969 0.026562 0.042188
5 0.511719 0.476562 0.032813 0.018750
5 0.467969 0.455469 0.026562 0.014063
5 0.345313 0.449219 0.053125 0.039062
5 0.312500 0.430469 0.065625 0.045312
5 0.335156 0.538281 0.057813 0.029687
5 0.571094 0.671094 0.023438 0.023438
5 0.475781 0.632812 0.035937 0.028125
5 0.419531 0.653125 0.042188 0.021875
5 0.188281 0.487500 0.035937 0.040625
2 0.529687 0.802344 0.034375 0.073438
2 0.855469 0.229687 0.017188 0.025000
2 0.620313 0.435937 0.037500 0.034375
2 0.632031 0.521094 0.032813 0.035937
4 0.553906 0.485156 0.045312 0.029687
1 0.667969 0.405469 0.023438 0.017188
1 0.655469 0.262500 0.026562 0.015625
1 0.600781 0.282031 0.020313 0.023438
1 0.675781 0.157031 0.026562 0.017188
1 0.699219 0.146094 0.023438 0.020313
5 0.710156 0.367188 0.023438 0.018750
5 0.711719 0.318750 0.023438 0.015625
1 0.511719 0.400000 0.029687 0.018750
