4 0.643750 0.275000 0.106250 0.071875
4 0.527344 0.429688 0.076563 0.062500
4 0.675000 0.411719 0.140625 0.117188
4 0.632031 0.410156 0.120313 0.117188
4 0.568750 0.449219 0.046875 0.051562
4 0.526563 0.653906 0.081250 0.064062
4 0.607031 0.634375 0.073438 0.071875
4 0.839844 0.842187 0.060937 0.075000
2 0.282031 0.828906 0.092188 0.098437
4 0.178906 0.800000 0.101562 0.075000
4 0.288281 0.896094 0.226562 0.132812
4 0.177344 0.951562 0.060937 0.050000
4 0.203906 0.979688 0.070312 0.040625
4 0.429688 0.975781 0.128125 0.048438
4 0.382031 0.982031 0.045312 0.035937
4 0.339844 0.932031 0.110937 0.085938
4 0.399219 0.778125 0.101562 0.068750
4 0.971875 0.410156 0.053125 0.067187
4 0.918750 0.147656 0.025000 0.032813
5 0.961719 0.694531 0.073438 0.101562
4 0.766406 0.664844 0.104688 0.101562
4 0.937500 0.407031 0.053125 0.082812
5 0.896875 0.461719 0.025000 0.020313
