1 0.800000 0.898438 0.028125 0.043750
1 0.727344 0.735938 0.039062 0.050000
1 0.864062 0.789844 0.040625 0.048438
1 0.202344 0.425781 0.014063 0.017188
1 0.207031 0.392188 0.010937 0.015625
1 0.322656 0.285938 0.010937 0.012500
1 0.357812 0.570312 0.018750 0.021875
5 0.337500 0.746875 0.025000 0.028125
4 0.709375 0.928125 0.059375 0.071875
5 0.844531 0.828125 0.048438 0.046875
5 0.900000 0.938281 0.056250 0.029687
5 0.859375 0.814063 0.053125 0.056250
2 0.518750 0.496875 0.059375 0.037500
2 0.517969 0.709375 0.045312 0.043750
5 0.093750 0.439844 0.015625 0.020313
5 0.003125 0.377344 0.006250 0.010937
5 0.044531 0.328125 0.010937 0.009375
2 0.214062 0.263281 0.025000 0.007812
5 0.170313 0.439844 0.012500 0.007812
