4 0.970313 0.428125 0.059375 0.062500
4 0.828906 0.467187 0.120313 0.100000
5 0.907031 0.343750 0.023438 0.028125
4 0.616406 0.487500 0.198437 0.171875
4 0.640625 0.686719 0.271875 0.307812
4 0.797656 0.832031 0.226562 0.254688
5 0.735156 0.697656 0.032813 0.039062
5 0.808594 0.560156 0.079687 0.070312
4 0.453125 0.616406 0.131250 0.107813
4 0.517969 0.588281 0.098437 0.120313
4 0.493750 0.517969 0.068750 0.082812
4 0.399219 0.690625 0.070312 0.065625
4 0.287500 0.674219 0.071875 0.082812
4 0.324219 0.805469 0.057813 0.073438
4 0.355469 0.910937 0.170313 0.178125
2 0.340625 0.911719 0.106250 0.145313
5 0.226562 0.916406 0.153125 0.167187
4 0.189062 0.777344 0.031250 0.032813
4 0.124219 0.714063 0.064062 0.050000
4 0.071875 0.800781 0.050000 0.098437
5 0.130469 0.754687 0.070312 0.065625
4 0.276562 0.789062 0.056250 0.093750
5 0.160156 0.660937 0.020313 0.015625
4 0.184375 0.235156 0.059375 0.045312
5 0.319531 0.211719 0.023438 0.020313
