5 0.736719 0.259375 0.057813 0.065625
4 0.562500 0.097656 0.153125 0.139063
4 0.873437 0.078906 0.125000 0.092188
4 0.271094 0.213281 0.104688 0.082812
4 0.248438 0.128906 0.084375 0.045312
4 0.346094 0.232813 0.114062 0.071875
4 0.488281 0.238281 0.089063 0.064062
4 0.417969 0.264062 0.073438 0.075000
5 0.336719 0.291406 0.079687 0.026562
2 0.714063 0.439844 0.046875 0.035937
4 0.679688 0.385937 0.053125 0.059375
4 0.741406 0.383594 0.057813 0.060937
4 0.670312 0.262500 0.096875 0.043750
5 0.969531 0.220312 0.060937 0.075000
4 0.987500 0.526563 0.025000 0.028125
4 0.917188 0.343750 0.165625 0.087500
5 0.420312 0.078906 0.112500 0.070312
4 0.400000 0.136719 0.053125 0.039062
4 0.679688 0.195312 0.034375 0.046875
4 0.647656 0.048438 0.042188 0.034375
4 0.860156 0.207031 0.129688 0.101562
4 0.985938 0.442188 0.028125 0.062500
4 0.819531 0.371094 0.126562 0.114062
4 0.373437 0.402344 0.037500 0.017188
4 0.674219 0.117969 0.060937 0.076563
