5 0.678125 0.759375 0.021875 0.031250
5 0.703125 0.814063 0.034375 0.028125
5 0.742969 0.787500 0.060937 0.031250
1 0.621094 0.603906 0.035937 0.032813
1 0.889844 0.354687 0.060937 0.040625
1 0.855469 0.529687 0.054688 0.034375
4 0.895312 0.547656 0.081250 0.060937
4 0.848437 0.273438 0.068750 0.062500
2 0.738281 0.428906 0.070312 0.064062
1 0.773438 0.242969 0.056250 0.045312
1 0.220312 0.582031 0.012500 0.017188
2 0.200000 0.565625 0.021875 0.037500
5 0.273438 0.496875 0.018750 0.012500
2 0.459375 0.428125 0.046875 0.046875
5 0.746094 0.231250 0.042188 0.056250
