5 0.381250 0.531250 0.018750 0.025000
5 0.482031 0.514844 0.026562 0.029687
5 0.566406 0.558594 0.026562 0.032813
5 0.651563 0.462500 0.021875 0.034375
5 0.733594 0.503906 0.032813 0.048438
5 0.777344 0.482812 0.039062 0.075000
5 0.721875 0.556250 0.037500 0.068750
5 0.700781 0.531250 0.048438 0.034375
5 0.668750 0.425781 0.028125 0.026562
5 0.401562 0.993750 0.021875 0.006250
1 0.417969 0.960156 0.020313 0.023438
1 0.387500 0.966406 0.025000 0.017188
2 0.378906 0.891406 0.020313 0.039062
5 0.484375 0.858594 0.025000 0.017188
1 0.486719 0.813281 0.026562 0.026562
1 0.474219 0.782813 0.023438 0.028125
5 0.469531 0.751563 0.032813 0.040625
1 0.486719 0.722656 0.035937 0.020313
1 0.578125 0.705469 0.034375 0.023438
4 0.461719 0.792188 0.032813 0.028125
1 0.466406 0.607812 0.023438 0.031250
1 0.447656 0.610938 0.023438 0.028125
1 0.309375 0.548438 0.015625 0.015625
4 0.617969 0.384375 0.029687 0.046875
2 0.509375 0.386719 0.040625 0.045312
2 0.523438 0.267188 0.040625 0.062500
5 0.521875 0.347656 0.018750 0.020313
1 0.392188 0.373437 0.018750 0.018750
5 0.991406 0.487500 0.017188 0.046875
