4 0.950000 0.491406 0.037500 0.045312
1 0.925000 0.509375 0.031250 0.040625
1 0.810156 0.680469 0.032813 0.048438
1 0.605469 0.529687 0.032813 0.040625
5 0.793750 0.437500 0.046875 0.065625
1 0.575000 0.447656 0.034375 0.045312
5 0.557031 0.546094 0.057813 0.045312
5 0.552344 0.516406 0.035937 0.045312
5 0.557031 0.646094 0.039062 0.048438
1 0.549219 0.614062 0.042188 0.037500
4 0.468750 0.675781 0.075000 0.082812
5 0.444531 0.509375 0.026562 0.034375
2 0.269531 0.306250 0.064062 0.037500
5 0.324219 0.850000 0.029687 0.053125
2 0.261719 0.496094 0.048438 0.042188
2 0.161719 0.416406 0.020313 0.032813
5 0.200000 0.133594 0.015625 0.017188
