1 0.628906 0.610156 0.026562 0.026562
1 0.918750 0.398438 0.056250 0.034375
1 0.842969 0.553906 0.054688 0.029687
1 0.828125 0.271094 0.050000 0.035937
5 0.800781 0.255469 0.039062 0.051562
5 0.728125 0.821875 0.043750 0.025000
5 0.638281 0.774219 0.026562 0.017188
5 0.658594 0.801562 0.026562 0.018750
5 0.268750 0.607812 0.053125 0.037500
5 0.297656 0.456250 0.014063 0.012500
2 0.217188 0.506250 0.012500 0.034375
1 0.241406 0.521875 0.010937 0.015625
2 0.485156 0.422656 0.048438 0.045312
2 0.768750 0.443750 0.056250 0.053125
4 0.888281 0.578125 0.073438 0.046875
4 0.903125 0.306250 0.062500 0.053125
