4 0.120313 0.849219 0.131250 0.139063
2 0.152344 0.941406 0.029687 0.029687
4 0.100781 0.962500 0.035937 0.025000
4 0.032813 0.186719 0.031250 0.095312
4 0.610938 0.675000 0.043750 0.087500
4 0.146094 0.126562 0.048438 0.025000
2 0.052344 0.071094 0.020313 0.014063
2 0.873437 0.228125 0.009375 0.018750
2 0.730469 0.740625 0.010937 0.015625
2 0.585156 0.900781 0.010937 0.020313
2 0.243750 0.819531 0.043750 0.051562
5 0.511719 0.558594 0.017188 0.029687
5 0.018750 0.628906 0.037500 0.157812
4 0.016406 0.882812 0.032813 0.046875
