2 0.448437 0.215625 0.040625 0.062500
3 0.709375 0.946094 0.075000 0.042188
3 0.854688 0.912500 0.031250 0.034375
4 0.775781 0.842969 0.060937 0.045312
4 0.852344 0.114844 0.123438 0.132812
4 0.751563 0.219531 0.118750 0.154688
4 0.536719 0.378125 0.064062 0.043750
4 0.347656 0.294531 0.101562 0.076563
4 0.549219 0.192188 0.060937 0.062500
4 0.463281 0.241406 0.039062 0.035937
2 0.250000 0.123438 0.071875 0.059375
2 0.372656 0.354687 0.051562 0.031250
4 0.562500 0.063281 0.106250 0.120313
5 0.275781 0.562500 0.035937 0.043750
4 0.360938 0.657031 0.034375 0.029687
5 0.081250 0.435937 0.050000 0.031250
4 0.439063 0.978125 0.025000 0.031250
4 0.545312 0.250781 0.025000 0.023438
4 0.132812 0.021875 0.031250 0.028125
4 0.278125 0.229687 0.025000 0.034375
4 0.284375 0.331250 0.028125 0.031250
4 0.410156 0.235937 0.051562 0.050000
