4 0.735156 0.832031 0.126562 0.139063
4 0.625781 0.922656 0.114062 0.104688
4 0.578125 0.984375 0.043750 0.025000
4 0.453906 0.725781 0.107813 0.135937
4 0.702344 0.554688 0.067187 0.075000
4 0.908594 0.468750 0.064062 0.106250
4 0.815625 0.838281 0.084375 0.089063
5 0.851562 0.760156 0.059375 0.076563
4 0.875781 0.918750 0.057813 0.053125
4 0.971875 0.863281 0.037500 0.051562
4 0.958594 0.813281 0.026562 0.029687
5 0.900000 0.771875 0.034375 0.031250
4 0.978125 0.680469 0.037500 0.042188
4 0.690625 0.967969 0.025000 0.017188
5 0.334375 0.760156 0.090625 0.107813
4 0.914844 0.883594 0.060937 0.107813
4 0.861719 0.806250 0.048438 0.056250
4 0.828906 0.703125 0.085938 0.118750
4 0.811719 0.703906 0.029687 0.035937
4 0.826562 0.577344 0.096875 0.157812
4 0.752344 0.927344 0.092188 0.082812
