2 0.383594 0.417969 0.054688 0.089063
2 0.548438 0.257031 0.018750 0.035937
4 0.084375 0.213281 0.115625 0.101562
5 0.242188 0.420312 0.056250 0.062500
4 0.381250 0.491406 0.100000 0.107813
4 0.452344 0.474219 0.042188 0.076563
4 0.358594 0.330469 0.067187 0.107813
4 0.346875 0.654687 0.031250 0.040625
4 0.197656 0.705469 0.029687 0.054688
4 0.111719 0.692969 0.057813 0.051562
5 0.088281 0.635156 0.070312 0.114062
4 0.193750 0.311719 0.221875 0.145313
4 0.053906 0.435937 0.107813 0.287500
5 0.567969 0.683594 0.089063 0.089063
4 0.142969 0.757812 0.123438 0.125000
4 0.081250 0.823438 0.056250 0.084375
4 0.046094 0.752344 0.060937 0.170313
4 0.050781 0.902344 0.029687 0.079687
4 0.276562 0.902344 0.065625 0.095312
4 0.291406 0.943750 0.070312 0.112500
4 0.201563 0.933594 0.134375 0.132812
4 0.376563 0.722656 0.087500 0.173437
3 0.706250 0.885156 0.053125 0.082812
