4 0.521875 0.946875 0.140625 0.106250
4 0.689063 0.963281 0.156250 0.073438
4 0.789844 0.839063 0.076563 0.128125
4 0.864844 0.827344 0.089063 0.073438
4 0.702344 0.907031 0.089063 0.073438
4 0.732031 0.818750 0.042188 0.084375
4 0.690625 0.751563 0.106250 0.131250
4 0.617969 0.725000 0.076563 0.093750
4 0.678906 0.638281 0.029687 0.026562
5 0.656250 0.620313 0.090625 0.093750
4 0.577344 0.643750 0.064062 0.046875
4 0.651563 0.550000 0.100000 0.103125
4 0.707812 0.558594 0.100000 0.107813
5 0.750000 0.491406 0.053125 0.064062
4 0.704688 0.482812 0.053125 0.053125
4 0.651563 0.437500 0.078125 0.134375
5 0.670312 0.257812 0.103125 0.078125
4 0.470313 0.141406 0.093750 0.095312
4 0.542188 0.167969 0.031250 0.082812
4 0.473438 0.067187 0.100000 0.125000
5 0.419531 0.068750 0.035937 0.078125
4 0.575781 0.035937 0.042188 0.056250
4 0.474219 0.018750 0.060937 0.037500
2 0.518750 0.614062 0.031250 0.028125
4 0.275000 0.957031 0.046875 0.048438
4 0.742969 0.353906 0.104688 0.164062
4 0.328906 0.012500 0.029687 0.025000
5 0.654687 0.043750 0.037500 0.062500
5 0.479687 0.418750 0.034375 0.034375
