4 0.724219 0.603906 0.245312 0.210938
4 0.826562 0.629687 0.043750 0.028125
4 0.785937 0.579688 0.103125 0.084375
4 0.846094 0.542969 0.054688 0.032813
4 0.965625 0.514844 0.056250 0.045312
4 0.773438 0.907813 0.118750 0.115625
4 0.560156 0.732812 0.164062 0.121875
4 0.322656 0.978906 0.104688 0.042188
4 0.435937 0.649219 0.125000 0.126562
4 0.559375 0.612500 0.106250 0.096875
4 0.141406 0.714844 0.073438 0.060937
4 0.076563 0.500781 0.103125 0.054688
5 0.366406 0.478125 0.029687 0.034375
5 0.340625 0.528125 0.065625 0.056250
4 0.958594 0.752344 0.073438 0.057813
4 0.911719 0.843750 0.126562 0.109375
4 0.702344 0.737500 0.145313 0.075000
4 0.817969 0.707031 0.117188 0.076563
4 0.934375 0.496875 0.065625 0.053125
4 0.989844 0.498437 0.020313 0.037500
4 0.543750 0.379688 0.121875 0.084375
4 0.867188 0.428125 0.131250 0.096875
4 0.963281 0.571094 0.073438 0.042188
4 0.498437 0.475000 0.100000 0.056250
4 0.753906 0.800781 0.064062 0.085938
4 0.414844 0.561719 0.117188 0.107813
4 0.442188 0.382812 0.050000 0.050000
4 0.300000 0.400781 0.050000 0.026562
4 0.480469 0.430469 0.064062 0.039062
4 0.678906 0.482812 0.126562 0.093750
4 0.651563 0.380469 0.109375 0.079687
4 0.282031 0.585156 0.032813 0.026562
4 0.392969 0.408594 0.029687 0.020313
4 0.289062 0.582812 0.121875 0.118750
4 0.169531 0.562500 0.164062 0.118750
4 0.319531 0.487500 0.092188 0.078125
