5 0.496094 0.269531 0.051562 0.057813
3 0.835156 0.018750 0.029687 0.025000
4 0.514844 0.760156 0.073438 0.120313
4 0.032031 0.653906 0.064062 0.048438
4 0.253906 0.567969 0.082812 0.135937
4 0.066406 0.447656 0.023438 0.029687
4 0.042188 0.753906 0.084375 0.139063
4 0.140625 0.735938 0.062500 0.115625
3 0.271094 0.786719 0.095312 0.107813
3 0.306250 0.737500 0.028125 0.040625
4 0.360938 0.856250 0.040625 0.040625
4 0.347656 0.827344 0.026562 0.048438
4 0.325000 0.757031 0.021875 0.032813
4 0.118750 0.871094 0.031250 0.060937
4 0.146094 0.873437 0.020313 0.040625
4 0.209375 0.809375 0.021875 0.025000
4 0.230469 0.879687 0.045312 0.059375
2 0.107813 0.928125 0.028125 0.021875
5 0.398438 0.629687 0.018750 0.040625
5 0.135937 0.564844 0.056250 0.142187
4 0.240625 0.713281 0.018750 0.023438
4 0.448437 0.115625 0.018750 0.053125
