1 0.502344 0.754687 0.026562 0.040625
1 0.467187 0.465625 0.043750 0.062500
1 0.328125 0.416406 0.046875 0.076563
1 0.246094 0.527344 0.035937 0.054688
2 0.425781 0.576562 0.057813 0.062500
2 0.186719 0.910937 0.054688 0.053125
5 0.196875 0.520312 0.050000 0.040625
5 0.310937 0.025781 0.071875 0.051562
5 0.626563 0.719531 0.040625 0.048438
5 0.687500 0.686719 0.028125 0.032813
5 0.682031 0.522656 0.039062 0.070312
4 0.512500 0.575781 0.037500 0.060937
5 0.982812 0.178125 0.034375 0.087500
4 0.260937 0.465625 0.071875 0.062500
1 0.526563 0.253906 0.053125 0.067187
