4 0.187500 0.696094 0.159375 0.107813
4 0.193750 0.791406 0.078125 0.060937
4 0.308594 0.824219 0.095312 0.092188
5 0.734375 0.665625 0.062500 0.053125
5 0.864844 0.721094 0.054688 0.042188
4 0.753125 0.743750 0.106250 0.081250
4 0.867969 0.627344 0.101562 0.082812
4 0.780469 0.678125 0.060937 0.046875
4 0.769531 0.825000 0.126562 0.112500
4 0.706250 0.693750 0.059375 0.059375
4 0.670312 0.780469 0.065625 0.067187
4 0.810937 0.700781 0.031250 0.035937
4 0.982031 0.385937 0.014063 0.015625
4 0.977344 0.532813 0.045312 0.037500
2 0.689844 0.607031 0.032813 0.020313
4 0.296094 0.624219 0.032813 0.029687
4 0.578125 0.877344 0.100000 0.082812
4 0.584375 0.771094 0.096875 0.104688
4 0.500781 0.751563 0.082812 0.100000
4 0.516406 0.839844 0.064062 0.057813
4 0.445312 0.960938 0.037500 0.046875
4 0.516406 0.989844 0.067187 0.020313
4 0.682813 0.631250 0.065625 0.056250
4 0.838281 0.696094 0.032813 0.039062
4 0.525781 0.950000 0.079687 0.100000
