5 0.446094 0.175781 0.092188 0.095312
5 0.494531 0.266406 0.051562 0.101562
5 0.718750 0.450000 0.046875 0.056250
5 0.700781 0.642188 0.032813 0.037500
5 0.269531 0.407813 0.048438 0.056250
1 0.450781 0.409375 0.035937 0.062500
1 0.310937 0.306250 0.056250 0.050000
1 0.414844 0.257812 0.045312 0.053125
1 0.450000 0.264062 0.053125 0.081250
1 0.654687 0.374219 0.053125 0.048438
1 0.753125 0.371094 0.037500 0.054688
1 0.825781 0.318750 0.048438 0.068750
1 0.596875 0.594531 0.037500 0.048438
1 0.471875 0.526563 0.043750 0.046875
2 0.189062 0.656250 0.096875 0.071875
2 0.562500 0.635938 0.071875 0.078125
2 0.417969 0.571875 0.051562 0.050000
2 0.911719 0.583594 0.054688 0.051562
4 0.461719 0.640625 0.060937 0.056250
