4 0.321875 0.807813 0.109375 0.121875
4 0.440625 0.881250 0.100000 0.090625
4 0.492188 0.962500 0.043750 0.075000
4 0.580469 0.664844 0.089063 0.123438
4 0.316406 0.533594 0.057813 0.067187
4 0.103906 0.477344 0.048438 0.101562
4 0.243750 0.825781 0.075000 0.079687
5 0.198437 0.755469 0.050000 0.070312
4 0.195312 0.929688 0.053125 0.081250
4 0.096094 0.871875 0.029687 0.046875
4 0.102344 0.821094 0.023438 0.026562
5 0.152344 0.772656 0.029687 0.026562
4 0.064844 0.694531 0.032813 0.039062
4 0.382812 0.956250 0.025000 0.059375
5 0.454688 0.988281 0.028125 0.020313
5 0.701562 0.682813 0.078125 0.096875
4 0.106250 0.953125 0.075000 0.071875
4 0.153125 0.883594 0.046875 0.104688
4 0.194531 0.800781 0.042188 0.051562
4 0.210938 0.694531 0.071875 0.107813
4 0.228906 0.694531 0.026562 0.032813
5 0.021094 0.826562 0.017188 0.031250
4 0.197656 0.572656 0.073438 0.145313
4 0.317969 0.914844 0.082812 0.095312
