5 0.444531 0.024219 0.054688 0.029687
5 0.551562 0.107031 0.037500 0.029687
5 0.381250 0.271875 0.040625 0.056250
5 0.886719 0.422656 0.017188 0.023438
2 0.962500 0.345313 0.015625 0.040625
2 0.678125 0.475781 0.043750 0.051562
1 0.942187 0.332813 0.009375 0.018750
1 0.540625 0.260156 0.037500 0.029687
1 0.315625 0.367188 0.053125 0.031250
1 0.245312 0.538281 0.056250 0.039062
1 0.314844 0.688281 0.045312 0.045312
5 0.503125 0.100000 0.028125 0.018750
2 0.357812 0.480469 0.056250 0.057813
4 0.260156 0.659375 0.042188 0.065625
4 0.240625 0.342187 0.081250 0.053125
