2 0.962500 0.780469 0.046875 0.089063
4 0.581250 0.725000 0.071875 0.081250
5 0.552344 0.751563 0.029687 0.062500
1 0.760156 0.535937 0.054688 0.040625
1 0.752344 0.473438 0.042188 0.040625
4 0.608594 0.412500 0.076563 0.062500
1 0.929688 0.126562 0.018750 0.021875
5 0.924219 0.095312 0.020313 0.040625
5 0.837500 0.144531 0.028125 0.020313
1 0.710156 0.254688 0.042188 0.031250
1 0.659375 0.022656 0.046875 0.029687
5 0.468750 0.076563 0.056250 0.050000
5 0.427344 0.033594 0.082812 0.042188
5 0.305469 0.173437 0.098437 0.050000
5 0.160156 0.228125 0.095312 0.068750
5 0.514062 0.361719 0.078125 0.048438
1 0.554688 0.381250 0.037500 0.028125
5 0.041406 0.611719 0.070312 0.092188
5 0.007031 0.518750 0.014063 0.062500
