4 0.881250 0.842969 0.175000 0.179688
4 0.541406 0.485938 0.126562 0.271875
4 0.641406 0.194531 0.079687 0.114062
4 0.765625 0.272656 0.084375 0.098437
4 0.707812 0.339844 0.034375 0.032813
4 0.686719 0.382812 0.123438 0.146875
4 0.761719 0.417969 0.076563 0.104688
4 0.860938 0.067187 0.115625 0.134375
4 0.834375 0.183594 0.196875 0.276562
4 0.924219 0.183594 0.054688 0.135937
4 0.762500 0.092969 0.081250 0.085938
4 0.579688 0.178906 0.071875 0.039062
4 0.494531 0.204687 0.114062 0.162500
4 0.882031 0.489063 0.076563 0.093750
4 0.932031 0.384375 0.057813 0.071875
4 0.814063 0.345313 0.034375 0.034375
4 0.817969 0.577344 0.107813 0.117188
2 0.759375 0.567969 0.034375 0.048438
4 0.769531 0.515625 0.045312 0.043750
5 0.825781 0.742969 0.114062 0.135937
4 0.721094 0.737500 0.101562 0.156250
4 0.790625 0.862500 0.037500 0.050000
4 0.822656 0.397656 0.042188 0.035937
