1 0.585938 0.592969 0.021875 0.029687
1 0.592187 0.702344 0.031250 0.039062
1 0.610156 0.750781 0.032813 0.051562
1 0.673438 0.739062 0.040625 0.037500
1 0.621875 0.801562 0.021875 0.059375
1 0.814063 0.593750 0.021875 0.034375
1 0.876563 0.537500 0.028125 0.037500
1 0.732812 0.475000 0.021875 0.034375
1 0.487500 0.596875 0.015625 0.037500
4 0.390625 0.567969 0.050000 0.060937
5 0.363281 0.800000 0.029687 0.053125
5 0.480469 0.915625 0.042188 0.081250
5 0.640625 0.877344 0.053125 0.076563
5 0.590625 0.801562 0.043750 0.031250
5 0.568750 0.633594 0.050000 0.032813
5 0.576562 0.667188 0.031250 0.040625
5 0.898438 0.482031 0.031250 0.032813
5 0.777344 0.425781 0.026562 0.023438
2 0.610156 0.557813 0.039062 0.031250
2 0.552344 0.478906 0.060937 0.057813
2 0.968750 0.371094 0.037500 0.035937
1 0.982812 0.523438 0.034375 0.021875
2 0.191406 0.605469 0.067187 0.064062
5 0.513281 0.581250 0.042188 0.046875
4 0.552344 0.578125 0.035937 0.040625
