1 0.299219 0.685937 0.051562 0.053125
1 0.383594 0.767969 0.048438 0.039062
1 0.260937 0.534375 0.056250 0.034375
1 0.482031 0.435156 0.039062 0.032813
1 0.890625 0.460156 0.012500 0.017188
5 0.212500 0.288281 0.050000 0.035937
5 0.317969 0.263281 0.032813 0.020313
5 0.383594 0.317969 0.032813 0.032813
4 0.264062 0.495312 0.084375 0.050000
2 0.364844 0.607031 0.039062 0.045312
4 0.316406 0.740625 0.070312 0.062500
5 0.396875 0.796094 0.043750 0.054688
2 0.673438 0.601562 0.050000 0.059375
5 0.844531 0.545312 0.010937 0.012500
2 0.915625 0.482031 0.015625 0.035937
5 0.882031 0.024219 0.014063 0.010937
