1 0.660156 0.564063 0.023438 0.028125
3 0.874219 0.443750 0.073438 0.046875
2 0.610938 0.467187 0.043750 0.040625
2 0.663281 0.428906 0.045312 0.032813
2 0.630469 0.314844 0.045312 0.067187
3 0.495312 0.453125 0.025000 0.046875
3 0.583594 0.531250 0.020313 0.015625
3 0.505469 0.265625 0.032813 0.031250
3 0.375000 0.385156 0.031250 0.023438
3 0.462500 0.492969 0.043750 0.026562
4 0.496094 0.356250 0.048438 0.059375
5 0.548438 0.499219 0.031250 0.026562
5 0.665625 0.594531 0.040625 0.014063
4 0.406250 0.602344 0.031250 0.020313
5 0.574219 0.614062 0.017188 0.021875
5 0.578906 0.632812 0.020313 0.012500
5 0.557813 0.637500 0.012500 0.012500
1 0.139063 0.409375 0.015625 0.018750
