5 0.473438 0.728125 0.053125 0.059375
3 0.120313 0.961719 0.031250 0.026562
4 0.481250 0.232031 0.081250 0.123438
4 0.962500 0.366406 0.075000 0.051562
4 0.731250 0.440625 0.090625 0.140625
4 0.914062 0.570312 0.025000 0.031250
4 0.953906 0.265625 0.092188 0.143750
4 0.854688 0.276562 0.068750 0.118750
3 0.727344 0.220312 0.101562 0.112500
3 0.687500 0.267188 0.031250 0.043750
4 0.638281 0.143750 0.045312 0.043750
4 0.651563 0.175000 0.028125 0.050000
4 0.670312 0.246094 0.025000 0.035937
4 0.882812 0.142969 0.034375 0.064062
4 0.857031 0.139844 0.023438 0.042188
4 0.789844 0.200781 0.023438 0.026562
4 0.772656 0.128125 0.048438 0.062500
2 0.897656 0.085156 0.029687 0.023438
5 0.590625 0.371094 0.021875 0.042188
5 0.850000 0.448437 0.062500 0.143750
4 0.752344 0.295312 0.020313 0.025000
4 0.513281 0.885156 0.020313 0.054688
