4 0.159375 0.887500 0.071875 0.053125
4 0.062500 0.589063 0.121875 0.109375
4 0.357812 0.453125 0.090625 0.081250
4 0.068750 0.054688 0.109375 0.025000
4 0.469531 0.157031 0.079687 0.042188
4 0.525781 0.307812 0.064062 0.068750
4 0.590625 0.275000 0.075000 0.106250
4 0.472656 0.575781 0.101562 0.092188
4 0.568750 0.625000 0.178125 0.118750
4 0.808594 0.664062 0.085938 0.100000
4 0.697656 0.502344 0.282813 0.110937
4 0.765625 0.346875 0.193750 0.203125
5 0.914062 0.421094 0.171875 0.217188
5 0.888281 0.005469 0.129688 0.010937
