4 0.471094 0.976562 0.064062 0.046875
4 0.507812 0.836719 0.100000 0.123438
5 0.382812 0.921094 0.028125 0.023438
4 0.521875 0.614844 0.175000 0.201563
4 0.728125 0.632031 0.312500 0.273438
4 0.863281 0.785937 0.210938 0.221875
5 0.744531 0.729688 0.039062 0.031250
5 0.603906 0.810156 0.070312 0.079687
4 0.647656 0.441406 0.107813 0.132812
4 0.622656 0.509375 0.123438 0.100000
4 0.548438 0.485938 0.084375 0.068750
4 0.722656 0.381250 0.067187 0.071875
4 0.703125 0.267188 0.084375 0.071875
4 0.839844 0.300000 0.076563 0.056250
4 0.928125 0.328906 0.143750 0.170313
2 0.937500 0.314063 0.125000 0.106250
5 0.933594 0.196094 0.132812 0.154688
4 0.804688 0.160938 0.034375 0.031250
4 0.739062 0.095312 0.050000 0.065625
5 0.780469 0.100781 0.067187 0.070312
4 0.820312 0.250781 0.096875 0.057813
5 0.684375 0.133594 0.015625 0.020313
4 0.243750 0.175781 0.046875 0.060937
5 0.225000 0.317188 0.018750 0.025000
