4 0.885156 0.572656 0.229687 0.214062
4 0.841406 0.400000 0.098437 0.075000
4 0.765625 0.440625 0.059375 0.068750
4 0.621875 0.550000 0.065625 0.059375
4 0.353906 0.403906 0.189062 0.129688
4 0.512500 0.505469 0.056250 0.048438
4 0.453125 0.485156 0.109375 0.089063
4 0.392188 0.560156 0.071875 0.060937
4 0.454688 0.790625 0.081250 0.081250
4 0.172656 0.437500 0.070312 0.062500
4 0.042188 0.387500 0.043750 0.053125
4 0.014063 0.405469 0.015625 0.029687
5 0.015625 0.514062 0.025000 0.028125
4 0.243750 0.261719 0.040625 0.048438
4 0.235156 0.169531 0.073438 0.064062
5 0.146094 0.333594 0.060937 0.051562
4 0.024219 0.621094 0.039062 0.035937
4 0.271875 0.335938 0.068750 0.046875
