1 0.812500 0.605469 0.025000 0.045312
3 0.466406 0.675781 0.067187 0.060937
3 0.360938 0.639844 0.062500 0.042188
3 0.532031 0.391406 0.073438 0.067187
3 0.625781 0.682031 0.026562 0.023438
3 0.741406 0.469531 0.032813 0.079687
3 0.781250 0.362500 0.081250 0.043750
2 0.484375 0.460938 0.046875 0.056250
2 0.859375 0.412500 0.068750 0.059375
2 0.885156 0.040625 0.067187 0.081250
5 0.615625 0.525781 0.034375 0.045312
4 0.661719 0.704688 0.048438 0.050000
4 0.827344 0.807031 0.026562 0.017188
4 0.630469 0.888281 0.023438 0.020313
4 0.808594 0.922656 0.026562 0.026562
