2 0.914062 0.075781 0.025000 0.057813
2 0.757812 0.110156 0.050000 0.082812
5 0.803906 0.059375 0.032813 0.028125
4 0.472656 0.258594 0.045312 0.064062
1 0.650781 0.370312 0.051562 0.037500
1 0.666406 0.425781 0.042188 0.035937
4 0.559375 0.511719 0.087500 0.057813
1 0.518750 0.557813 0.034375 0.021875
5 0.497656 0.597656 0.051562 0.042188
1 0.707812 0.625000 0.040625 0.034375
5 0.103906 0.544531 0.120313 0.095312
5 0.132031 0.623437 0.076563 0.053125
5 0.185156 0.766406 0.067187 0.054688
5 0.533594 0.849219 0.045312 0.045312
5 0.455469 0.788281 0.060937 0.051562
5 0.440625 0.826562 0.040625 0.034375
5 0.513281 0.910937 0.067187 0.046875
1 0.756250 0.828125 0.053125 0.043750
1 0.874219 0.918750 0.045312 0.034375
1 0.981250 0.689844 0.037500 0.042188
5 0.887500 0.660156 0.025000 0.020313
1 0.975000 0.631250 0.037500 0.028125
1 0.963281 0.652344 0.029687 0.023438
5 0.938281 0.596094 0.026562 0.026562
2 0.959375 0.593750 0.018750 0.031250
