5 0.498437 0.493750 0.137500 0.068750
4 0.769531 0.461719 0.079687 0.067187
4 0.432031 0.110156 0.239063 0.220312
4 0.257031 0.108594 0.195312 0.185938
4 0.630469 0.134375 0.107813 0.081250
5 0.584375 0.496094 0.065625 0.048438
5 0.050000 0.667188 0.081250 0.040625
5 0.525781 0.273438 0.045312 0.031250
5 0.892969 0.437500 0.082812 0.059375
1 0.595313 0.768750 0.025000 0.018750
3 0.471094 0.719531 0.076563 0.039062
2 0.030469 0.719531 0.035937 0.045312
4 0.480469 0.780469 0.051562 0.032813
4 0.496094 0.835938 0.032813 0.021875
4 0.726562 0.783594 0.056250 0.017188
4 0.774219 0.742969 0.064062 0.039062
4 0.660156 0.400781 0.060937 0.064062
4 0.653125 0.541406 0.062500 0.045312
4 0.589844 0.420312 0.067187 0.084375
4 0.560156 0.441406 0.060937 0.045312
4 0.644531 0.433594 0.070312 0.064062
4 0.668750 0.242188 0.059375 0.043750
4 0.411719 0.303906 0.076563 0.070312
4 0.478906 0.203906 0.104688 0.032813
4 0.442969 0.350781 0.067187 0.064062
4 0.964844 0.417969 0.020313 0.051562
4 0.396094 0.362500 0.045312 0.031250
4 0.789062 0.391406 0.046875 0.054688
4 0.830469 0.058594 0.201563 0.117188
4 0.743750 0.813281 0.018750 0.010937
5 0.707031 0.827344 0.014063 0.017188
4 0.775781 0.283594 0.073438 0.073438
5 0.238281 0.307812 0.095312 0.125000
4 0.564063 0.173437 0.040625 0.046875
