1 0.650000 0.591406 0.071875 0.039062
1 0.651563 0.712500 0.059375 0.053125
1 0.653906 0.669531 0.042188 0.045312
1 0.525781 0.785937 0.057813 0.037500
1 0.496875 0.920312 0.059375 0.056250
1 0.433594 0.976562 0.042188 0.046875
1 0.375781 0.738281 0.042188 0.026562
1 0.468750 0.621875 0.040625 0.034375
1 0.596094 0.603125 0.067187 0.046875
5 0.298438 0.787500 0.034375 0.025000
5 0.382812 0.912500 0.040625 0.037500
5 0.707812 0.712500 0.075000 0.084375
5 0.550781 0.652344 0.070312 0.039062
5 0.503125 0.642969 0.043750 0.054688
5 0.684375 0.561719 0.081250 0.070312
5 0.784375 0.577344 0.053125 0.054688
5 0.588281 0.440625 0.042188 0.040625
5 0.460938 0.517969 0.056250 0.054688
5 0.444531 0.534375 0.039062 0.034375
2 0.347656 0.597656 0.054688 0.051562
2 0.414062 0.600781 0.053125 0.045312
2 0.450781 0.248438 0.060937 0.078125
4 0.412500 0.466406 0.059375 0.048438
4 0.429688 0.566406 0.068750 0.060937
