1 0.438281 0.812500 0.017188 0.009375
2 0.411719 0.822656 0.035937 0.020313
5 0.371094 0.728906 0.010937 0.010937
2 0.404687 0.514844 0.053125 0.048438
2 0.510938 0.243750 0.056250 0.050000
1 0.466406 0.128906 0.054688 0.057813
1 0.634375 0.180469 0.037500 0.057813
4 0.666406 0.188281 0.054688 0.085938
5 0.882812 0.346094 0.021875 0.039062
5 0.800000 0.380469 0.037500 0.026562
1 0.639844 0.401562 0.029687 0.043750
5 0.889062 0.250000 0.043750 0.040625
4 0.399219 0.131250 0.064062 0.056250
5 0.318750 0.180469 0.053125 0.048438
1 0.346094 0.176563 0.042188 0.053125
