5 0.261719 0.303125 0.064062 0.068750
4 0.393750 0.121094 0.165625 0.154688
4 0.100781 0.159375 0.132812 0.106250
4 0.686719 0.175000 0.110937 0.096875
4 0.693750 0.092188 0.084375 0.056250
4 0.621094 0.208594 0.117188 0.085938
4 0.489844 0.239063 0.095312 0.075000
4 0.560156 0.250781 0.079687 0.082812
5 0.640625 0.259375 0.078125 0.040625
2 0.314063 0.466406 0.050000 0.042188
4 0.338281 0.410938 0.060937 0.065625
4 0.280469 0.420312 0.064062 0.065625
4 0.325000 0.294531 0.096875 0.057813
5 0.035937 0.310937 0.071875 0.081250
4 0.071094 0.598437 0.039062 0.034375
4 0.104688 0.416406 0.178125 0.114062
5 0.523438 0.078906 0.115625 0.085938
4 0.553125 0.128125 0.056250 0.043750
4 0.302344 0.232813 0.039062 0.050000
4 0.306250 0.091406 0.046875 0.039062
4 0.136719 0.276562 0.139063 0.118750
4 0.039844 0.525000 0.079687 0.075000
4 0.204687 0.423438 0.137500 0.128125
4 0.625781 0.371094 0.039062 0.023438
4 0.294531 0.160938 0.070312 0.081250
