3 0.218750 0.106250 0.050000 0.028125
5 0.273438 0.365625 0.062500 0.050000
4 0.328125 0.398438 0.100000 0.084375
4 0.069531 0.936719 0.101562 0.126562
3 0.639844 0.747656 0.170313 0.101562
4 0.731250 0.548438 0.121875 0.087500
4 0.637500 0.397656 0.050000 0.070312
4 0.450781 0.671094 0.079687 0.067187
4 0.605469 0.680469 0.039062 0.035937
4 0.647656 0.667969 0.045312 0.035937
4 0.864062 0.708594 0.065625 0.082812
4 0.839063 0.790625 0.062500 0.037500
4 0.810937 0.883594 0.034375 0.026562
4 0.637500 0.889844 0.053125 0.054688
5 0.716406 0.834375 0.051562 0.037500
5 0.548438 0.628906 0.159375 0.079687
5 0.524219 0.546875 0.045312 0.031250
4 0.920312 0.774219 0.159375 0.239063
5 0.989062 0.944531 0.021875 0.060937
4 0.842187 0.939844 0.068750 0.073438
5 0.918750 0.631250 0.125000 0.065625
4 0.796094 0.808594 0.026562 0.042188
4 0.561719 0.851562 0.014063 0.043750
4 0.774219 0.252344 0.026562 0.026562
