4 0.145313 0.738281 0.059375 0.067187
4 0.127344 0.637500 0.045312 0.040625
4 0.114062 0.367969 0.165625 0.117188
4 0.199219 0.339844 0.051562 0.054688
4 0.197656 0.432812 0.085938 0.118750
4 0.029687 0.641406 0.037500 0.045312
4 0.040625 0.323437 0.040625 0.084375
4 0.410156 0.089844 0.082812 0.089063
4 0.278125 0.207031 0.171875 0.210938
4 0.099219 0.189062 0.048438 0.068750
4 0.107813 0.096875 0.043750 0.059375
4 0.092188 0.129688 0.028125 0.037500
4 0.066406 0.241406 0.032813 0.035937
4 0.068750 0.204687 0.018750 0.021875
4 0.110156 0.089844 0.023438 0.023438
4 0.167187 0.178125 0.028125 0.043750
