1 0.778125 0.634375 0.018750 0.040625
3 0.453906 0.671094 0.060937 0.051562
3 0.358594 0.630469 0.054688 0.035937
3 0.536719 0.414844 0.064062 0.057813
3 0.597656 0.691406 0.023438 0.020313
3 0.721875 0.504687 0.028125 0.071875
3 0.767188 0.408594 0.071875 0.039062
2 0.487500 0.476562 0.040625 0.050000
2 0.835938 0.461719 0.062500 0.051562
2 0.891406 0.114062 0.057813 0.084375
5 0.602344 0.545312 0.029687 0.040625
4 0.630469 0.714063 0.042188 0.043750
4 0.775000 0.821094 0.021875 0.014063
4 0.586719 0.880469 0.020313 0.017188
4 0.747656 0.925781 0.023438 0.023438
4 0.976562 0.710938 0.028125 0.043750
