4 0.183594 0.795312 0.195312 0.181250
4 0.268750 0.901563 0.256250 0.181250
4 0.326562 0.732812 0.056250 0.081250
4 0.330469 0.800000 0.082812 0.115625
4 0.410938 0.786719 0.131250 0.117188
4 0.507031 0.806250 0.076563 0.075000
2 0.664062 0.950000 0.103125 0.100000
4 0.646094 0.947656 0.160938 0.104688
4 0.618750 0.871094 0.065625 0.070312
4 0.588281 0.751563 0.067187 0.062500
4 0.743750 0.700781 0.053125 0.035937
4 0.719531 0.780469 0.023438 0.029687
5 0.753906 0.729688 0.057813 0.046875
5 0.725781 0.919531 0.139063 0.132812
4 0.831250 0.737500 0.071875 0.081250
4 0.910937 0.711719 0.150000 0.082812
4 0.025781 0.950000 0.051562 0.025000
4 0.078906 0.643750 0.029687 0.025000
4 0.475000 0.378125 0.046875 0.040625
4 0.347656 0.411719 0.017188 0.017188
4 0.671094 0.424219 0.026562 0.020313
