2 0.576562 0.419531 0.078125 0.045312
2 0.706250 0.590625 0.031250 0.012500
4 0.799219 0.166406 0.085938 0.098437
5 0.591406 0.289844 0.054688 0.048438
4 0.508594 0.408594 0.092188 0.085938
4 0.517188 0.477344 0.068750 0.032813
4 0.659375 0.407031 0.096875 0.054688
4 0.362500 0.359375 0.034375 0.028125
4 0.332031 0.216406 0.048438 0.023438
4 0.353906 0.139063 0.045312 0.050000
5 0.408594 0.124219 0.101562 0.057813
4 0.695312 0.256250 0.118750 0.196875
4 0.597656 0.091406 0.260937 0.126562
5 0.311719 0.560156 0.076563 0.076563
4 0.289844 0.159375 0.107813 0.106250
4 0.237500 0.094531 0.075000 0.045312
4 0.306250 0.046094 0.156250 0.092188
4 0.167969 0.035156 0.073438 0.070312
4 0.141406 0.266406 0.085938 0.054688
4 0.100781 0.275781 0.098437 0.057813
4 0.119531 0.192969 0.117188 0.114062
4 0.296094 0.378125 0.157812 0.068750
4 0.980469 0.596875 0.035937 0.056250
3 0.107813 0.664062 0.071875 0.043750
