2 0.365625 0.227344 0.043750 0.064062
3 0.820312 0.860156 0.078125 0.045312
3 0.952344 0.788281 0.032813 0.035937
4 0.856250 0.741406 0.062500 0.048438
4 0.871094 0.914844 0.042188 0.029687
4 0.730469 0.042969 0.126562 0.085938
4 0.660937 0.146094 0.125000 0.157812
4 0.497656 0.359375 0.064062 0.046875
4 0.290625 0.329688 0.103125 0.081250
4 0.457813 0.175781 0.062500 0.064062
4 0.387500 0.247656 0.040625 0.035937
2 0.149219 0.192188 0.073438 0.062500
2 0.330469 0.381250 0.051562 0.034375
4 0.435156 0.053906 0.107813 0.107813
5 0.296875 0.610156 0.037500 0.045312
4 0.404687 0.678125 0.034375 0.031250
5 0.072656 0.541406 0.051562 0.032813
4 0.569531 0.967187 0.026562 0.031250
4 0.470313 0.233594 0.028125 0.023438
4 0.011719 0.127344 0.023438 0.029687
4 0.205469 0.287500 0.026562 0.034375
4 0.241406 0.384375 0.029687 0.031250
4 0.335938 0.257031 0.053125 0.051562
