4 0.692187 0.493750 0.153125 0.143750
4 0.904687 0.408594 0.190625 0.204687
4 0.866406 0.663281 0.267188 0.376563
4 0.955469 0.845313 0.089063 0.171875
5 0.989062 0.700000 0.021875 0.046875
4 0.479687 0.533594 0.081250 0.067187
4 0.303125 0.559375 0.065625 0.046875
5 0.322656 0.600000 0.070312 0.056250
4 0.235156 0.652344 0.082812 0.095312
4 0.138281 0.662500 0.167187 0.153125
5 0.403906 0.774219 0.154688 0.170313
2 0.489844 0.799219 0.114062 0.154688
4 0.511719 0.806250 0.185938 0.193750
4 0.496094 0.646094 0.110937 0.123438
4 0.614844 0.548438 0.089063 0.081250
