5 0.413281 0.080469 0.023438 0.017188
5 0.203906 0.345313 0.023438 0.034375
5 0.265625 0.528125 0.037500 0.043750
5 0.358594 0.714063 0.054688 0.081250
5 0.429688 0.800781 0.059375 0.104688
5 0.550781 0.881250 0.064062 0.059375
5 0.753125 0.682813 0.087500 0.056250
5 0.700781 0.555469 0.054688 0.064062
5 0.764062 0.251563 0.021875 0.021875
1 0.731250 0.288281 0.037500 0.026562
1 0.731250 0.349219 0.037500 0.045312
1 0.728906 0.386719 0.039062 0.042188
1 0.621875 0.332031 0.025000 0.023438
1 0.821094 0.223438 0.023438 0.028125
1 0.790625 0.214844 0.021875 0.020313
1 0.839844 0.167187 0.023438 0.034375
1 0.863281 0.170313 0.023438 0.031250
5 0.812500 0.076563 0.025000 0.018750
2 0.799219 0.160938 0.042188 0.034375
5 0.833594 0.282813 0.035937 0.053125
1 0.283594 0.141406 0.017188 0.017188
5 0.292969 0.182031 0.014063 0.017188
2 0.185156 0.235156 0.057813 0.057813
2 0.255469 0.340625 0.067187 0.062500
1 0.395313 0.323437 0.040625 0.031250
1 0.396094 0.366406 0.039062 0.026562
5 0.371094 0.506250 0.048438 0.046875
5 0.413281 0.645312 0.048438 0.053125
5 0.425000 0.665625 0.046875 0.050000
4 0.312500 0.523438 0.071875 0.059375
5 0.691406 0.489063 0.035937 0.053125
4 0.625000 0.309375 0.046875 0.046875
