1 0.707812 0.708594 0.056250 0.029687
1 0.700781 0.571875 0.032813 0.043750
1 0.690625 0.539844 0.046875 0.054688
1 0.561719 0.489063 0.023438 0.037500
1 0.503125 0.543750 0.025000 0.031250
1 0.779687 0.253125 0.068750 0.037500
2 0.514844 0.367969 0.039062 0.051562
2 0.461719 0.198437 0.045312 0.065625
2 0.474219 0.574219 0.057813 0.082812
2 0.478906 0.857812 0.042188 0.050000
5 0.446094 0.671875 0.032813 0.025000
5 0.600000 0.618750 0.037500 0.031250
5 0.752344 0.519531 0.076563 0.060937
4 0.471875 0.514844 0.050000 0.039062
