1 0.657813 0.602344 0.075000 0.035937
1 0.671875 0.730469 0.059375 0.051562
1 0.671094 0.683594 0.042188 0.045312
1 0.546875 0.821875 0.059375 0.034375
1 0.531250 0.967187 0.059375 0.056250
1 0.383594 0.787500 0.042188 0.025000
1 0.468750 0.653906 0.040625 0.032813
1 0.600781 0.619531 0.070312 0.045312
5 0.307031 0.848437 0.035937 0.025000
5 0.412500 0.971094 0.040625 0.035937
5 0.731250 0.722656 0.071875 0.085938
5 0.559375 0.676562 0.071875 0.034375
5 0.507812 0.673438 0.040625 0.053125
5 0.690625 0.565625 0.081250 0.068750
5 0.799219 0.571094 0.051562 0.051562
5 0.575781 0.449219 0.042188 0.039062
5 0.448437 0.546094 0.056250 0.054688
5 0.432812 0.564844 0.037500 0.032813
2 0.338281 0.641406 0.054688 0.051562
2 0.408594 0.639062 0.054688 0.043750
2 0.408594 0.260156 0.057813 0.079687
4 0.392188 0.496875 0.059375 0.046875
4 0.422656 0.600000 0.070312 0.059375
