5 0.057031 0.196094 0.026562 0.032813
2 0.100781 0.243750 0.082812 0.043750
4 0.289062 0.553125 0.078125 0.068750
5 0.276562 0.587500 0.059375 0.028125
1 0.385937 0.328906 0.037500 0.051562
1 0.442969 0.312500 0.039062 0.040625
4 0.548438 0.414844 0.059375 0.073438
5 0.579688 0.036719 0.025000 0.020313
2 0.606250 0.034375 0.034375 0.021875
1 0.635938 0.021094 0.028125 0.023438
1 0.655469 0.017969 0.020313 0.023438
1 0.678125 0.028125 0.021875 0.025000
5 0.705469 0.017969 0.042188 0.035937
5 0.696094 0.117188 0.017188 0.025000
1 0.648438 0.268750 0.028125 0.037500
1 0.925781 0.121875 0.017188 0.031250
1 0.867969 0.228125 0.026562 0.043750
5 0.891406 0.412500 0.048438 0.053125
5 0.943750 0.432031 0.040625 0.076563
5 0.867969 0.589844 0.048438 0.092188
5 0.873437 0.735938 0.065625 0.090625
5 0.626563 0.478906 0.046875 0.073438
1 0.596094 0.450000 0.026562 0.034375
5 0.582031 0.971875 0.085938 0.056250
