5 0.926562 0.896875 0.028125 0.021875
2 0.868750 0.862500 0.031250 0.081250
4 0.512500 0.746094 0.059375 0.070312
5 0.481250 0.765625 0.018750 0.056250
1 0.715625 0.595313 0.046875 0.031250
1 0.718750 0.532813 0.034375 0.034375
4 0.592187 0.450781 0.068750 0.048438
5 0.964063 0.332813 0.015625 0.021875
2 0.962500 0.304688 0.015625 0.031250
1 0.968750 0.273438 0.018750 0.025000
1 0.966406 0.253125 0.020313 0.018750
1 0.950000 0.231250 0.021875 0.018750
5 0.955469 0.200000 0.032813 0.037500
5 0.856250 0.235156 0.025000 0.014063
1 0.715625 0.317969 0.034375 0.023438
1 0.798438 0.005469 0.031250 0.010937
1 0.706250 0.086719 0.043750 0.020313
5 0.514062 0.107031 0.046875 0.042188
5 0.482812 0.057031 0.075000 0.029687
5 0.342187 0.171094 0.090625 0.032813
5 0.192969 0.200000 0.085938 0.053125
5 0.509375 0.388281 0.071875 0.035937
1 0.545312 0.412500 0.034375 0.021875
5 0.021875 0.546875 0.043750 0.081250
