3 0.128906 0.900781 0.035937 0.054688
5 0.385156 0.792969 0.064062 0.073438
4 0.409375 0.730469 0.106250 0.117188
4 0.969531 0.859375 0.060937 0.087500
3 0.704688 0.339062 0.137500 0.190625
4 0.482031 0.286719 0.110937 0.139063
4 0.344531 0.412500 0.079687 0.065625
4 0.663281 0.549219 0.082812 0.095312
4 0.643750 0.388281 0.046875 0.048438
4 0.621875 0.349219 0.046875 0.051562
4 0.618750 0.117969 0.096875 0.082812
4 0.709375 0.128125 0.050000 0.068750
4 0.808594 0.137500 0.035937 0.040625
4 0.852344 0.314063 0.064062 0.062500
5 0.778906 0.244531 0.048438 0.057813
5 0.601562 0.458594 0.112500 0.176563
5 0.521875 0.498437 0.040625 0.050000
4 0.674219 0.074219 0.279687 0.148438
4 0.862500 0.092969 0.087500 0.085938
5 0.530469 0.077344 0.092188 0.139063
4 0.736719 0.167187 0.048438 0.034375
4 0.825781 0.399219 0.045312 0.023438
4 0.169531 0.300781 0.029687 0.029687
