5 0.584375 0.926562 0.162500 0.146875
5 0.425781 0.553125 0.154688 0.087500
5 0.232813 0.656250 0.118750 0.071875
5 0.500000 0.507812 0.071875 0.059375
4 0.824219 0.615625 0.092188 0.075000
4 0.597656 0.589063 0.064062 0.075000
4 0.661719 0.751563 0.107813 0.115625
4 0.567187 0.519531 0.065625 0.060937
4 0.595313 0.205469 0.043750 0.035937
4 0.614844 0.160938 0.070312 0.043750
4 0.433594 0.732031 0.151562 0.114062
4 0.546875 0.978125 0.059375 0.043750
4 0.502344 0.858594 0.035937 0.117188
3 0.047656 0.446875 0.095312 0.062500
4 0.425000 0.285938 0.046875 0.037500
4 0.670312 0.260156 0.084375 0.051562
5 0.715625 0.467969 0.040625 0.045312
5 0.769531 0.558594 0.085938 0.060937
5 0.717969 0.696094 0.095312 0.076563
5 0.452344 0.707031 0.079687 0.067187
5 0.477344 0.814844 0.054688 0.045312
5 0.542969 0.789062 0.067187 0.062500
5 0.542188 0.706250 0.031250 0.031250
5 0.869531 0.910937 0.120313 0.165625
5 0.632031 0.529687 0.023438 0.025000
5 0.664844 0.695312 0.057813 0.040625
5 0.536719 0.262500 0.032813 0.031250
4 0.740625 0.777344 0.087500 0.098437
5 0.680469 0.578906 0.085938 0.070312
5 0.841406 0.265625 0.051562 0.025000
