4 0.639062 0.757031 0.103125 0.070312
4 0.528125 0.604688 0.075000 0.062500
4 0.670312 0.625000 0.137500 0.115625
4 0.628906 0.625000 0.117188 0.115625
4 0.569531 0.587500 0.045312 0.050000
4 0.530469 0.386719 0.079687 0.064062
4 0.609375 0.407031 0.071875 0.070312
4 0.838281 0.209375 0.060937 0.071875
4 0.642188 0.032813 0.143750 0.059375
2 0.295312 0.212500 0.090625 0.096875
4 0.194531 0.238281 0.098437 0.073438
4 0.305469 0.146875 0.220312 0.131250
4 0.196094 0.092188 0.057813 0.046875
4 0.223438 0.062500 0.068750 0.043750
4 0.248438 0.027344 0.134375 0.054688
4 0.402344 0.014844 0.079687 0.029687
4 0.443750 0.049219 0.125000 0.092188
4 0.397656 0.061719 0.045312 0.042188
4 0.355469 0.114062 0.107813 0.084375
4 0.410938 0.264062 0.100000 0.068750
4 0.960938 0.631250 0.056250 0.068750
4 0.903906 0.885156 0.026562 0.032813
5 0.955469 0.354687 0.070312 0.096875
4 0.765625 0.379688 0.103125 0.100000
4 0.928125 0.632812 0.053125 0.081250
5 0.888281 0.580469 0.023438 0.020313
