5 0.774219 0.636719 0.070312 0.064062
4 0.911719 0.439063 0.154688 0.165625
4 0.960156 0.746875 0.079687 0.134375
4 0.755469 0.165625 0.095312 0.112500
4 0.837500 0.130469 0.053125 0.089063
4 0.746094 0.242969 0.082812 0.120313
4 0.760156 0.384375 0.073438 0.093750
4 0.725781 0.318750 0.082812 0.081250
5 0.687500 0.240625 0.034375 0.084375
2 0.592969 0.639062 0.039062 0.050000
4 0.639062 0.596875 0.065625 0.059375
4 0.651563 0.657813 0.065625 0.062500
4 0.760938 0.569531 0.053125 0.101562
5 0.846094 0.867188 0.082812 0.078125
4 0.545312 0.928906 0.034375 0.039062
4 0.716406 0.832812 0.104688 0.184375
5 0.909375 0.295312 0.081250 0.118750
4 0.848437 0.283594 0.043750 0.057813
4 0.831250 0.570312 0.050000 0.037500
4 0.971094 0.517188 0.039062 0.046875
4 0.844531 0.752344 0.117188 0.139063
4 0.630469 0.942187 0.073438 0.096875
4 0.674219 0.734375 0.126562 0.137500
4 0.581250 0.292969 0.021875 0.039062
4 0.906250 0.553125 0.081250 0.068750
