1 0.634375 0.223438 0.040625 0.018750
3 0.671094 0.547656 0.051562 0.060937
3 0.630469 0.642969 0.035937 0.054688
3 0.414844 0.463281 0.057813 0.064062
3 0.691406 0.402344 0.020313 0.023438
3 0.504687 0.278125 0.071875 0.028125
3 0.408594 0.234375 0.039062 0.071875
2 0.476562 0.512500 0.050000 0.040625
2 0.461719 0.164062 0.051562 0.062500
2 0.114062 0.108594 0.084375 0.057813
5 0.545312 0.399219 0.040625 0.029687
4 0.714063 0.371094 0.043750 0.042188
4 0.821094 0.226562 0.014063 0.021875
4 0.880469 0.413281 0.017188 0.020313
4 0.925781 0.252344 0.023438 0.023438
4 0.710938 0.023438 0.043750 0.028125
