5 0.614844 0.457813 0.023438 0.028125
5 0.514844 0.500000 0.032813 0.034375
5 0.416406 0.478125 0.032813 0.037500
5 0.352344 0.598437 0.029687 0.040625
5 0.257812 0.578125 0.043750 0.056250
5 0.217188 0.609375 0.053125 0.084375
5 0.257031 0.518750 0.051562 0.078125
5 0.284375 0.540625 0.056250 0.043750
5 0.344531 0.640625 0.032813 0.031250
1 0.464844 0.024219 0.026562 0.029687
1 0.493750 0.009375 0.028125 0.018750
2 0.524219 0.085938 0.026562 0.043750
5 0.423438 0.146875 0.028125 0.021875
1 0.432031 0.194531 0.032813 0.029687
1 0.453125 0.221875 0.031250 0.034375
5 0.467187 0.253125 0.040625 0.046875
1 0.456250 0.288281 0.040625 0.026562
1 0.366406 0.328125 0.039062 0.028125
4 0.464844 0.207813 0.035937 0.034375
1 0.506250 0.401562 0.028125 0.034375
1 0.525000 0.394531 0.028125 0.032813
1 0.684375 0.421875 0.018750 0.018750
4 0.407813 0.672656 0.037500 0.051562
2 0.520312 0.639844 0.050000 0.054688
2 0.535937 0.767188 0.053125 0.071875
5 0.516406 0.684375 0.023438 0.025000
1 0.644531 0.625000 0.023438 0.025000
