4 0.659375 0.692187 0.200000 0.237500
4 0.714844 0.778906 0.026562 0.042188
4 0.656250 0.754687 0.081250 0.100000
4 0.639844 0.823438 0.029687 0.053125
4 0.649219 0.944531 0.042188 0.054688
4 0.951562 0.642969 0.096875 0.117188
4 0.730469 0.496875 0.114062 0.159375
4 0.917969 0.193750 0.098437 0.103125
4 0.616406 0.407031 0.120313 0.120313
4 0.617969 0.534375 0.092188 0.103125
4 0.586719 0.110156 0.057813 0.070312
4 0.367188 0.114844 0.050000 0.101562
5 0.434375 0.392969 0.034375 0.029687
5 0.472656 0.354687 0.054688 0.062500
5 0.932031 0.114844 0.051562 0.095312
4 0.871094 0.864844 0.054688 0.070312
4 0.942969 0.793750 0.104688 0.121875
4 0.778125 0.629687 0.068750 0.143750
4 0.783594 0.745313 0.073438 0.112500
4 0.624219 0.920312 0.051562 0.065625
4 0.643750 0.975000 0.037500 0.025000
4 0.394531 0.589063 0.079687 0.118750
4 0.539062 0.878125 0.093750 0.125000
4 0.703125 0.927344 0.037500 0.073438
4 0.471094 0.519531 0.051562 0.095312
5 0.967969 0.899219 0.042188 0.045312
4 0.854688 0.658594 0.081250 0.060937
4 0.525781 0.413281 0.104688 0.114062
4 0.366406 0.492969 0.048438 0.048438
4 0.339062 0.355469 0.025000 0.048438
4 0.425000 0.515625 0.037500 0.062500
4 0.532031 0.685937 0.089063 0.121875
4 0.429688 0.689844 0.075000 0.107813
4 0.508594 0.282031 0.026562 0.032813
4 0.376563 0.441406 0.018750 0.029687
4 0.508594 0.290625 0.114062 0.115625
4 0.453125 0.185938 0.112500 0.159375
4 0.426563 0.346094 0.075000 0.089063
