5 0.674219 0.688281 0.029687 0.029687
5 0.734375 0.520312 0.037500 0.046875
5 0.572656 0.315625 0.042188 0.081250
5 0.485156 0.322656 0.076563 0.129688
2 0.185156 0.550000 0.079687 0.059375
2 0.545312 0.625781 0.068750 0.073438
2 0.419531 0.531250 0.045312 0.053125
2 0.880469 0.701562 0.048438 0.043750
1 0.589844 0.598437 0.035937 0.037500
1 0.488281 0.503125 0.035937 0.031250
1 0.681250 0.439063 0.046875 0.040625
1 0.777344 0.458594 0.029687 0.051562
1 0.858594 0.428125 0.039062 0.065625
1 0.527344 0.301563 0.045312 0.065625
1 0.497656 0.290625 0.042188 0.050000
1 0.392969 0.289844 0.051562 0.051562
5 0.318750 0.378906 0.021875 0.039062
4 0.453125 0.607812 0.050000 0.053125
