2 0.024219 0.696875 0.048438 0.125000
4 0.889062 0.206250 0.059375 0.056250
4 0.815625 0.255469 0.043750 0.035937
4 0.956250 0.328906 0.087500 0.060937
4 0.754687 0.420312 0.059375 0.056250
4 0.642969 0.220312 0.042188 0.025000
4 0.600000 0.209375 0.037500 0.025000
4 0.575000 0.236719 0.037500 0.020313
4 0.775781 0.216406 0.017188 0.017188
5 0.852344 0.834375 0.192188 0.118750
4 0.946094 0.849219 0.029687 0.085938
5 0.907031 0.775781 0.085938 0.073438
5 0.812500 0.337500 0.028125 0.031250
3 0.324219 0.739062 0.167187 0.087500
