5 0.957031 0.667188 0.010937 0.012500
5 0.907813 0.700000 0.009375 0.006250
5 0.838281 0.560937 0.014063 0.012500
1 0.764844 0.543750 0.010937 0.015625
1 0.745313 0.589063 0.012500 0.012500
2 0.725000 0.716406 0.025000 0.007812
5 0.793750 0.537500 0.012500 0.009375
5 0.714844 0.175781 0.017188 0.023438
1 0.643750 0.353906 0.015625 0.020313
2 0.457031 0.412500 0.054688 0.040625
1 0.300781 0.125781 0.039062 0.035937
5 0.308594 0.108594 0.032813 0.017188
5 0.200000 0.038281 0.046875 0.060937
1 0.175000 0.075000 0.037500 0.050000
1 0.263281 0.009375 0.029687 0.018750
4 0.361719 0.007812 0.060937 0.015625
2 0.502344 0.172656 0.042188 0.032813
5 0.435156 0.606250 0.014063 0.015625
1 0.621875 0.693750 0.006250 0.012500
