4 0.947656 0.759375 0.060937 0.075000
4 0.688281 0.907031 0.123438 0.139063
4 0.508594 0.654687 0.089063 0.096875
4 0.190625 0.970313 0.043750 0.059375
4 0.214062 0.604688 0.053125 0.081250
4 0.343750 0.524219 0.075000 0.070312
4 0.300781 0.470313 0.110937 0.087500
4 0.603125 0.525781 0.100000 0.107813
4 0.630469 0.425781 0.139063 0.182812
4 0.623437 0.197656 0.106250 0.098437
4 0.492188 0.330469 0.153125 0.276562
4 0.335938 0.295312 0.218750 0.212500
5 0.375000 0.131250 0.234375 0.215625
4 0.135937 0.971875 0.056250 0.053125
