5 0.367188 0.895312 0.025000 0.018750
5 0.186719 0.607812 0.026562 0.034375
5 0.265625 0.430469 0.040625 0.045312
5 0.378906 0.254688 0.060937 0.084375
5 0.460938 0.175781 0.068750 0.107813
5 0.588281 0.107031 0.067187 0.064062
5 0.769531 0.327344 0.089063 0.064062
5 0.703906 0.448437 0.060937 0.068750
5 0.735938 0.760156 0.025000 0.023438
1 0.708594 0.717969 0.039062 0.029687
1 0.712500 0.657813 0.040625 0.046875
1 0.714844 0.621094 0.042188 0.045312
1 0.602344 0.664062 0.026562 0.025000
1 0.789844 0.792969 0.026562 0.029687
1 0.757812 0.800000 0.021875 0.021875
1 0.803906 0.851562 0.026562 0.034375
1 0.825781 0.850781 0.026562 0.032813
5 0.766406 0.940625 0.026562 0.021875
2 0.760938 0.854688 0.043750 0.037500
5 0.807813 0.735938 0.040625 0.056250
1 0.242188 0.820312 0.018750 0.018750
5 0.257812 0.779687 0.015625 0.018750
2 0.155469 0.715625 0.060937 0.062500
2 0.237500 0.616406 0.071875 0.067187
1 0.375000 0.650000 0.043750 0.034375
1 0.379688 0.607031 0.040625 0.029687
5 0.369531 0.464062 0.051562 0.050000
5 0.425781 0.329688 0.054688 0.056250
5 0.439063 0.310937 0.050000 0.053125
4 0.313281 0.440625 0.076563 0.065625
5 0.687500 0.514062 0.040625 0.056250
4 0.603125 0.687500 0.050000 0.050000
