1 0.601562 0.612500 0.028125 0.028125
1 0.379688 0.905469 0.034375 0.057813
1 0.540625 0.831250 0.031250 0.056250
1 0.251563 0.810156 0.037500 0.051562
5 0.237500 0.782813 0.056250 0.040625
5 0.814844 0.719531 0.026562 0.045312
5 0.769531 0.623437 0.017188 0.028125
5 0.796875 0.646875 0.018750 0.028125
5 0.605469 0.245312 0.039062 0.056250
5 0.449219 0.271875 0.014063 0.015625
2 0.503906 0.189062 0.035937 0.015625
1 0.518750 0.214844 0.015625 0.010937
2 0.412500 0.461719 0.046875 0.051562
2 0.429688 0.753125 0.053125 0.056250
4 0.563281 0.878906 0.048438 0.076563
4 0.285156 0.886719 0.057813 0.064062
