4 0.265625 0.077344 0.134375 0.142187
4 0.500000 0.457813 0.065625 0.240625
4 0.357031 0.697656 0.054688 0.095312
4 0.260937 0.604688 0.062500 0.078125
4 0.324219 0.557031 0.026562 0.026562
4 0.351562 0.521875 0.090625 0.118750
4 0.291406 0.475781 0.054688 0.085938
4 0.084375 0.810156 0.153125 0.201563
4 0.182812 0.670312 0.134375 0.231250
4 0.074219 0.654687 0.082812 0.125000
4 0.230469 0.764844 0.060937 0.067187
4 0.409375 0.722656 0.062500 0.023438
4 0.488281 0.715625 0.076563 0.134375
4 0.351562 0.978906 0.037500 0.042188
4 0.198437 0.392188 0.056250 0.075000
4 0.135937 0.474219 0.040625 0.057813
4 0.232031 0.530469 0.026562 0.026562
4 0.273438 0.325000 0.081250 0.093750
2 0.322656 0.344531 0.023438 0.039062
4 0.303906 0.388281 0.035937 0.032813
5 0.296875 0.176563 0.084375 0.109375
4 0.388281 0.202344 0.067187 0.132812
4 0.349219 0.078906 0.026562 0.042188
4 0.973437 0.642188 0.025000 0.071875
4 0.234375 0.483594 0.034375 0.026562
