4 0.510938 0.336719 0.118750 0.189062
4 0.639062 0.401562 0.118750 0.159375
4 0.592969 0.332031 0.082812 0.114062
4 0.582031 0.289844 0.082812 0.117188
4 0.726562 0.600781 0.109375 0.104688
4 0.949219 0.545312 0.101562 0.115625
4 0.478125 0.610156 0.031250 0.032813
2 0.493750 0.639062 0.021875 0.028125
4 0.541406 0.554688 0.039062 0.046875
4 0.575781 0.601562 0.073438 0.068750
4 0.355469 0.500000 0.064062 0.106250
4 0.386719 0.425000 0.032813 0.034375
5 0.395313 0.460156 0.018750 0.020313
4 0.513281 0.915625 0.067187 0.087500
4 0.473438 0.851562 0.065625 0.050000
4 0.719531 0.937500 0.067187 0.053125
4 0.079687 0.527344 0.015625 0.017188
5 0.294531 0.511719 0.023438 0.023438
