1 0.453906 0.067969 0.032813 0.029687
1 0.321094 0.205469 0.045312 0.035937
1 0.475781 0.358594 0.032813 0.023438
1 0.524219 0.422656 0.039062 0.023438
1 0.429688 0.419531 0.031250 0.023438
1 0.634375 0.794531 0.028125 0.017188
1 0.823438 0.970313 0.021875 0.012500
1 0.985156 0.850781 0.007812 0.010937
5 0.901563 0.682031 0.012500 0.010937
5 0.459375 0.758594 0.028125 0.014063
2 0.735156 0.646875 0.029687 0.056250
2 0.524219 0.649219 0.035937 0.042188
4 0.349219 0.507812 0.048438 0.046875
5 0.489063 0.468750 0.018750 0.018750
5 0.399219 0.384375 0.026562 0.037500
5 0.460156 0.388281 0.029687 0.032813
4 0.450781 0.027344 0.057813 0.048438
