1 0.846094 0.564844 0.029687 0.045312
3 0.533594 0.686719 0.073438 0.067187
3 0.426563 0.671875 0.062500 0.046875
3 0.546875 0.408594 0.078125 0.073438
3 0.682031 0.667969 0.029687 0.026562
3 0.757031 0.449219 0.045312 0.079687
3 0.775000 0.341406 0.081250 0.054688
2 0.514844 0.482812 0.051562 0.059375
2 0.858594 0.375781 0.073438 0.067187
2 0.820312 0.031250 0.078125 0.062500
5 0.646875 0.521875 0.040625 0.046875
4 0.720313 0.682813 0.053125 0.053125
4 0.892969 0.751563 0.026562 0.018750
4 0.721094 0.860938 0.023438 0.021875
4 0.893750 0.863281 0.028125 0.029687
