5 0.644531 0.590625 0.057813 0.075000
5 0.565625 0.309375 0.059375 0.106250
5 0.836719 0.273438 0.035937 0.087500
5 0.853906 0.875000 0.029687 0.031250
5 0.757812 0.756250 0.021875 0.065625
5 0.657813 0.687500 0.034375 0.043750
5 0.807031 0.843750 0.032813 0.034375
5 0.846094 0.912500 0.014063 0.043750
1 0.847656 0.991406 0.026562 0.017188
1 0.551562 0.876563 0.018750 0.037500
1 0.517188 0.887500 0.025000 0.043750
1 0.486719 0.671094 0.029687 0.054688
1 0.462500 0.642188 0.025000 0.062500
1 0.238281 0.600781 0.029687 0.060937
4 0.291406 0.737500 0.051562 0.037500
5 0.307812 0.708594 0.043750 0.035937
4 0.485938 0.787500 0.031250 0.062500
