5 0.481250 0.892188 0.040625 0.034375
5 0.618750 0.791406 0.031250 0.023438
5 0.172656 0.634375 0.064062 0.081250
5 0.263281 0.637500 0.057813 0.046875
4 0.564844 0.472656 0.039062 0.039062
5 0.475781 0.460156 0.054688 0.057813
5 0.507812 0.517188 0.043750 0.025000
5 0.350000 0.392969 0.053125 0.023438
4 0.496875 0.550000 0.053125 0.043750
2 0.528125 0.564844 0.046875 0.045312
2 0.588281 0.607031 0.067187 0.054688
2 0.550781 0.242969 0.051562 0.076563
1 0.289062 0.513281 0.062500 0.042188
1 0.542969 0.723437 0.039062 0.015625
1 0.357031 0.875781 0.045312 0.051562
1 0.410938 0.952344 0.037500 0.035937
1 0.369531 0.708594 0.054688 0.026562
1 0.464062 0.590625 0.034375 0.037500
1 0.234375 0.600000 0.056250 0.034375
