5 0.475000 0.167969 0.043750 0.042188
5 0.597656 0.446094 0.032813 0.029687
5 0.617188 0.382812 0.025000 0.043750
5 0.645312 0.575000 0.025000 0.025000
5 0.548438 0.624219 0.015625 0.020313
5 0.531250 0.637500 0.034375 0.037500
5 0.514062 0.312500 0.034375 0.053125
5 0.429688 0.339062 0.046875 0.050000
5 0.410938 0.309375 0.050000 0.065625
5 0.455469 0.493750 0.023438 0.025000
5 0.463281 0.550781 0.023438 0.045312
5 0.477344 0.576562 0.045312 0.021875
5 0.505469 0.559375 0.023438 0.043750
2 0.503125 0.644531 0.040625 0.042188
2 0.425000 0.628906 0.034375 0.032813
4 0.471094 0.593750 0.039062 0.037500
1 0.439844 0.549219 0.032813 0.035937
1 0.418750 0.569531 0.021875 0.039062
1 0.396875 0.571094 0.031250 0.039062
1 0.431250 0.578906 0.025000 0.029687
1 0.403906 0.707031 0.020313 0.026562
1 0.582812 0.639062 0.021875 0.018750
1 0.457031 0.436719 0.032813 0.032813
1 0.447656 0.469531 0.023438 0.035937
1 0.282031 0.638281 0.023438 0.023438
1 0.270313 0.709375 0.021875 0.034375
1 0.167969 0.723437 0.020313 0.028125
1 0.156250 0.744531 0.021875 0.023438
5 0.318750 0.749219 0.015625 0.020313
5 0.367188 0.744531 0.018750 0.023438
2 0.249219 0.869531 0.023438 0.017188
2 0.766406 0.508594 0.079687 0.057813
4 0.638281 0.507812 0.039062 0.040625
1 0.631250 0.485156 0.025000 0.039062
