4 0.083594 0.482812 0.167187 0.184375
4 0.157031 0.321875 0.095312 0.062500
4 0.221875 0.385156 0.050000 0.064062
4 0.333594 0.536719 0.060937 0.051562
4 0.646875 0.466406 0.181250 0.101562
4 0.457031 0.522656 0.051562 0.042188
4 0.523438 0.520312 0.103125 0.075000
4 0.561719 0.613281 0.067187 0.051562
4 0.433594 0.827344 0.073438 0.073438
4 0.819531 0.552344 0.064062 0.054688
4 0.964844 0.539844 0.035937 0.051562
4 0.989844 0.565625 0.017188 0.028125
5 0.954688 0.674219 0.021875 0.026562
4 0.798438 0.355469 0.034375 0.045312
4 0.832031 0.265625 0.067187 0.053125
5 0.874219 0.455469 0.057813 0.042188
4 0.916406 0.780469 0.035937 0.029687
4 0.747656 0.421094 0.067187 0.035937
