1 0.349219 0.953125 0.007812 0.015625
1 0.216406 0.789844 0.017188 0.017188
5 0.357812 0.846094 0.021875 0.020313
5 0.314844 0.457031 0.042188 0.039062
5 0.386719 0.356250 0.039062 0.059375
5 0.404687 0.363281 0.043750 0.051562
5 0.345313 0.274219 0.046875 0.092188
5 0.440625 0.238281 0.046875 0.082812
5 0.643750 0.310156 0.071875 0.082812
5 0.603906 0.419531 0.064062 0.057813
1 0.340625 0.616406 0.034375 0.039062
1 0.373437 0.647656 0.037500 0.029687
1 0.773438 0.783594 0.028125 0.020313
1 0.746094 0.778906 0.032813 0.032813
1 0.728906 0.695312 0.029687 0.031250
1 0.669531 0.631250 0.020313 0.034375
1 0.675781 0.745313 0.029687 0.031250
1 0.621875 0.579688 0.031250 0.046875
1 0.644531 0.546094 0.039062 0.039062
5 0.746875 0.875000 0.025000 0.021875
2 0.716406 0.776563 0.042188 0.034375
5 0.671875 0.705469 0.025000 0.026562
4 0.577344 0.640625 0.042188 0.056250
1 0.553906 0.617969 0.014063 0.026562
1 0.672656 0.541406 0.020313 0.029687
5 0.585156 0.463281 0.042188 0.045312
5 0.751563 0.617969 0.059375 0.048438
5 0.523438 0.109375 0.050000 0.065625
2 0.226562 0.621094 0.053125 0.051562
2 0.144531 0.689844 0.054688 0.051562
5 0.189062 0.590625 0.043750 0.034375
5 0.225000 0.392188 0.034375 0.046875
