5 0.852344 0.928125 0.032813 0.025000
2 0.798438 0.886719 0.040625 0.085938
4 0.455469 0.718750 0.067187 0.078125
5 0.421094 0.735156 0.026562 0.060937
1 0.682813 0.594531 0.053125 0.035937
1 0.694531 0.533594 0.039062 0.039062
4 0.577344 0.432812 0.073438 0.056250
5 0.969531 0.366406 0.020313 0.023438
2 0.970313 0.337500 0.018750 0.034375
1 0.982812 0.306250 0.021875 0.028125
1 0.982031 0.285938 0.023438 0.021875
1 0.969531 0.261719 0.023438 0.020313
5 0.979688 0.231250 0.037500 0.040625
5 0.874219 0.252344 0.026562 0.017188
1 0.721094 0.315625 0.039062 0.028125
1 0.744531 0.082031 0.045312 0.026562
5 0.547656 0.075000 0.051562 0.046875
5 0.522656 0.020313 0.079687 0.037500
5 0.365625 0.115625 0.096875 0.043750
5 0.211719 0.121875 0.092188 0.062500
5 0.503125 0.357031 0.075000 0.042188
1 0.535937 0.388281 0.037500 0.026562
