1 0.730469 0.442969 0.026562 0.032813
3 0.960938 0.572656 0.078125 0.051562
2 0.676562 0.546875 0.046875 0.043750
2 0.733594 0.589844 0.048438 0.035937
2 0.698438 0.712500 0.050000 0.071875
3 0.552344 0.563281 0.026562 0.051562
3 0.646875 0.478125 0.021875 0.015625
3 0.560937 0.766406 0.034375 0.032813
3 0.421875 0.636719 0.034375 0.026562
3 0.517188 0.519531 0.046875 0.029687
4 0.553125 0.669531 0.053125 0.064062
5 0.608594 0.513281 0.032813 0.029687
5 0.735938 0.409375 0.043750 0.015625
4 0.454688 0.401562 0.034375 0.021875
5 0.636719 0.387500 0.020313 0.025000
5 0.642188 0.368750 0.021875 0.012500
5 0.620313 0.362500 0.012500 0.012500
1 0.166406 0.609375 0.017188 0.018750
