1 0.921875 0.338281 0.018750 0.017188
5 0.922656 0.489063 0.020313 0.021875
5 0.577344 0.312500 0.042188 0.043750
5 0.459375 0.342969 0.059375 0.042188
5 0.459375 0.361719 0.053125 0.045312
5 0.397656 0.274219 0.092188 0.051562
5 0.328906 0.350000 0.082812 0.050000
5 0.322656 0.565625 0.082812 0.075000
5 0.439844 0.567187 0.060937 0.065625
1 0.716406 0.391406 0.039062 0.035937
1 0.734375 0.435156 0.031250 0.039062
1 0.716406 0.853906 0.020313 0.029687
1 0.722656 0.826562 0.032813 0.031250
1 0.650781 0.780469 0.032813 0.029687
1 0.613281 0.703125 0.035937 0.021875
1 0.716406 0.749219 0.032813 0.029687
1 0.580469 0.639844 0.048438 0.032813
1 0.542188 0.648438 0.040625 0.040625
5 0.811719 0.860938 0.023438 0.025000
2 0.730469 0.799219 0.035937 0.042188
5 0.681250 0.730469 0.028125 0.026562
4 0.653906 0.621875 0.057813 0.043750
1 0.641406 0.592187 0.026562 0.015625
1 0.528125 0.675000 0.031250 0.021875
5 0.487500 0.565625 0.046875 0.043750
5 0.571094 0.774219 0.051562 0.060937
5 0.180469 0.380469 0.067187 0.051562
2 0.761719 0.289844 0.054688 0.054688
2 0.854688 0.235937 0.053125 0.056250
5 0.746094 0.242969 0.035937 0.045312
5 0.549219 0.205469 0.048438 0.035937
