5 0.507812 0.501563 0.068750 0.137500
4 0.538281 0.230469 0.067187 0.079687
4 0.889844 0.567969 0.220312 0.239063
4 0.891406 0.742969 0.185938 0.195312
4 0.867188 0.369531 0.081250 0.107813
5 0.505469 0.415625 0.048438 0.065625
5 0.334375 0.950000 0.040625 0.081250
5 0.726562 0.475781 0.031250 0.045312
5 0.562500 0.107031 0.059375 0.082812
1 0.231250 0.404687 0.018750 0.025000
3 0.280469 0.528906 0.039062 0.076563
2 0.282031 0.969531 0.045312 0.035937
4 0.219531 0.519531 0.032813 0.051562
4 0.164062 0.503906 0.021875 0.032813
4 0.216406 0.275000 0.017188 0.056250
4 0.258594 0.227344 0.039062 0.064062
4 0.599219 0.339844 0.064062 0.060937
4 0.458594 0.346875 0.045312 0.062500
4 0.579688 0.410156 0.084375 0.067187
4 0.560156 0.439844 0.045312 0.060937
4 0.566406 0.357031 0.064062 0.070312
4 0.757812 0.332813 0.043750 0.059375
4 0.696094 0.589844 0.070312 0.076563
4 0.796094 0.522656 0.032813 0.104688
4 0.649219 0.557031 0.064062 0.067187
4 0.583594 0.036719 0.051562 0.020313
4 0.637500 0.603906 0.031250 0.045312
4 0.610156 0.210938 0.054688 0.046875
4 0.941406 0.169531 0.117188 0.201563
4 0.186719 0.256250 0.010937 0.018750
5 0.172656 0.292969 0.017188 0.014063
4 0.716406 0.225781 0.073438 0.073438
5 0.693750 0.761719 0.125000 0.095312
4 0.826562 0.435937 0.046875 0.040625
