4 0.712500 0.361719 0.228125 0.182812
4 0.812500 0.317188 0.040625 0.021875
4 0.778906 0.374219 0.095312 0.073438
4 0.845313 0.403906 0.053125 0.026562
4 0.971875 0.413281 0.053125 0.039062
4 0.713281 0.050000 0.107813 0.093750
4 0.524219 0.256250 0.154688 0.103125
4 0.241406 0.028906 0.098437 0.057813
4 0.411719 0.360156 0.110937 0.114062
4 0.544531 0.378906 0.098437 0.085938
4 0.100781 0.341406 0.067187 0.054688
4 0.070312 0.567969 0.100000 0.042188
5 0.368750 0.545312 0.025000 0.031250
5 0.335156 0.498437 0.060937 0.050000
5 0.161719 0.003125 0.095312 0.006250
4 0.924219 0.171094 0.067187 0.048438
4 0.863281 0.086719 0.117188 0.095312
4 0.667969 0.229687 0.145313 0.056250
4 0.789844 0.241406 0.110937 0.064062
4 0.942969 0.434375 0.064062 0.046875
4 0.996094 0.422656 0.007812 0.035937
4 0.564844 0.616406 0.117188 0.070312
4 0.885156 0.516406 0.123438 0.082812
4 0.961719 0.353906 0.073438 0.032813
4 0.503906 0.527344 0.095312 0.042188
5 0.976562 0.078125 0.043750 0.040625
4 0.710156 0.155469 0.054688 0.079687
4 0.405469 0.452344 0.107813 0.095312
4 0.460938 0.629687 0.043750 0.043750
4 0.314844 0.635938 0.048438 0.021875
4 0.492188 0.574219 0.062500 0.032813
4 0.686719 0.490625 0.120313 0.078125
4 0.674219 0.599219 0.104688 0.064062
4 0.265625 0.450000 0.031250 0.021875
4 0.407813 0.611719 0.028125 0.017188
4 0.274219 0.451562 0.110937 0.106250
4 0.156250 0.490625 0.156250 0.100000
4 0.319531 0.543750 0.085938 0.068750
