2 0.832812 0.862500 0.084375 0.043750
5 0.871094 0.925781 0.026562 0.032813
4 0.770312 0.521875 0.065625 0.040625
1 0.597656 0.670312 0.035937 0.053125
1 0.535937 0.668750 0.034375 0.043750
4 0.481250 0.531250 0.053125 0.090625
1 0.446875 0.474219 0.021875 0.035937
5 0.410156 0.440625 0.039062 0.053125
1 0.317188 0.647656 0.034375 0.042188
5 0.590625 0.057813 0.090625 0.109375
5 0.500781 0.056250 0.048438 0.078125
5 0.336719 0.064844 0.051562 0.067187
5 0.141406 0.396875 0.045312 0.043750
5 0.228906 0.337500 0.048438 0.059375
5 0.193750 0.308594 0.034375 0.042188
5 0.083594 0.357812 0.042188 0.068750
1 0.092969 0.634375 0.042188 0.053125
1 0.164062 0.909375 0.043750 0.034375
5 0.223438 0.823438 0.018750 0.025000
1 0.226562 0.923438 0.028125 0.037500
1 0.208594 0.903906 0.023438 0.029687
5 0.275781 0.896875 0.026562 0.025000
2 0.271094 0.918750 0.032813 0.015625
