5 0.760156 0.652344 0.029687 0.020313
5 0.817969 0.675000 0.026562 0.034375
5 0.793750 0.715625 0.028125 0.059375
1 0.602344 0.603125 0.032813 0.034375
1 0.367188 0.884375 0.037500 0.059375
1 0.540625 0.839844 0.031250 0.054688
4 0.560156 0.880469 0.057813 0.079687
4 0.284375 0.848437 0.059375 0.065625
2 0.433594 0.728906 0.060937 0.067187
1 0.250781 0.774219 0.042188 0.054688
1 0.560156 0.203906 0.017188 0.010937
2 0.542969 0.185156 0.035937 0.020313
5 0.478906 0.260937 0.010937 0.018750
2 0.419531 0.452344 0.045312 0.045312
5 0.237500 0.747656 0.056250 0.039062
