1 0.768750 0.256250 0.031250 0.046875
3 0.420312 0.289844 0.075000 0.067187
3 0.328125 0.354687 0.065625 0.050000
3 0.564063 0.541406 0.081250 0.076563
3 0.566406 0.236719 0.029687 0.026562
3 0.739844 0.405469 0.045312 0.082812
3 0.807813 0.496875 0.084375 0.056250
2 0.498437 0.488281 0.053125 0.060937
2 0.869531 0.424219 0.076563 0.067187
2 0.982812 0.778125 0.034375 0.100000
5 0.603125 0.389062 0.040625 0.050000
4 0.596094 0.206250 0.054688 0.056250
4 0.723437 0.060156 0.028125 0.020313
4 0.512500 0.038281 0.025000 0.023438
