5 0.381250 0.937500 0.012500 0.012500
5 0.341406 0.895312 0.007812 0.009375
5 0.460938 0.803125 0.012500 0.015625
1 0.466406 0.727344 0.017188 0.010937
1 0.417969 0.716406 0.014063 0.014063
2 0.289062 0.721875 0.009375 0.025000
5 0.477344 0.753906 0.010937 0.014063
5 0.811719 0.610938 0.023438 0.018750
5 0.656250 0.982031 0.015625 0.004687
1 0.625000 0.574219 0.021875 0.017188
2 0.534375 0.405469 0.043750 0.057813
1 0.783594 0.199219 0.039062 0.042188
5 0.800781 0.202344 0.020313 0.032813
5 0.849219 0.085156 0.064062 0.051562
1 0.808594 0.067187 0.051562 0.040625
1 0.905469 0.137500 0.054688 0.034375
4 0.935937 0.232031 0.071875 0.067187
2 0.775781 0.403906 0.035937 0.045312
5 0.341406 0.419531 0.017188 0.014063
1 0.292969 0.616406 0.010937 0.007812
