2 0.285156 0.489063 0.076563 0.056250
2 0.650781 0.640625 0.035937 0.037500
2 0.544531 0.641406 0.054688 0.048438
2 0.772656 0.883594 0.026562 0.020313
5 0.559375 0.563281 0.043750 0.039062
5 0.568750 0.531250 0.040625 0.046875
5 0.669531 0.357031 0.048438 0.076563
5 0.639844 0.386719 0.051562 0.035937
5 0.582812 0.224219 0.043750 0.048438
5 0.554688 0.332031 0.040625 0.064062
4 0.413281 0.512500 0.045312 0.037500
5 0.392969 0.541406 0.020313 0.032813
5 0.457813 0.385937 0.025000 0.040625
5 0.492969 0.617188 0.020313 0.025000
5 0.678125 0.746094 0.015625 0.026562
5 0.735938 0.739844 0.018750 0.026562
1 0.653125 0.702344 0.015625 0.026562
1 0.887500 0.722656 0.018750 0.026562
1 0.902344 0.746875 0.020313 0.028125
1 0.785937 0.698438 0.021875 0.028125
1 0.772656 0.653906 0.023438 0.023438
1 0.675781 0.553125 0.039062 0.040625
1 0.639062 0.551562 0.025000 0.040625
1 0.617188 0.565625 0.031250 0.021875
1 0.618750 0.537500 0.034375 0.034375
1 0.617188 0.464062 0.034375 0.037500
1 0.578906 0.489063 0.023438 0.037500
1 0.423438 0.475000 0.025000 0.046875
1 0.468750 0.625781 0.021875 0.020313
5 0.549219 0.503125 0.023438 0.025000
5 0.582031 0.587500 0.045312 0.037500
