5 0.243750 0.672656 0.081250 0.092188
5 0.311719 0.604688 0.057813 0.068750
4 0.548438 0.342187 0.071875 0.046875
4 0.499219 0.634375 0.057813 0.081250
4 0.411719 0.610156 0.073438 0.082812
4 0.432812 0.782031 0.065625 0.089063
4 0.488281 0.696875 0.070312 0.081250
4 0.317969 0.913281 0.060937 0.064062
4 0.320312 0.853906 0.037500 0.057813
2 0.225000 0.220312 0.050000 0.059375
5 0.128125 0.264062 0.037500 0.059375
4 0.812500 0.626563 0.040625 0.059375
4 0.571875 0.590625 0.043750 0.046875
5 0.760156 0.292187 0.157812 0.212500
5 0.449219 0.957812 0.117188 0.084375
5 0.614844 0.435937 0.051562 0.046875
