4 0.407031 0.731250 0.204687 0.231250
4 0.188281 0.861719 0.073438 0.092188
4 0.261719 0.941406 0.139063 0.073438
4 0.225781 0.570312 0.354687 0.303125
4 0.045312 0.578906 0.090625 0.167187
4 0.452344 0.469531 0.126562 0.135937
4 0.414844 0.557813 0.132812 0.115625
4 0.490625 0.591406 0.100000 0.079687
4 0.521094 0.285156 0.067187 0.085938
4 0.439844 0.368750 0.079687 0.084375
4 0.418750 0.211719 0.131250 0.126562
4 0.280469 0.152344 0.195312 0.201563
2 0.300781 0.136719 0.157812 0.126562
4 0.600000 0.115625 0.037500 0.062500
4 0.566406 0.024219 0.098437 0.048438
5 0.357031 0.075781 0.145313 0.151562
4 0.512500 0.130469 0.031250 0.029687
4 0.558594 0.907813 0.026562 0.034375
4 0.921094 0.535937 0.048438 0.056250
4 0.856250 0.671875 0.021875 0.025000
4 0.897656 0.286719 0.026562 0.032813
5 0.565625 0.102344 0.062500 0.079687
