5 0.098437 0.614844 0.018750 0.023438
5 0.378125 0.820312 0.034375 0.025000
5 0.563281 0.752344 0.045312 0.039062
5 0.750781 0.649219 0.082812 0.057813
5 0.837500 0.573438 0.106250 0.062500
5 0.915625 0.446875 0.062500 0.065625
5 0.703906 0.246094 0.060937 0.092188
5 0.575781 0.304688 0.067187 0.059375
5 0.260156 0.250000 0.023438 0.021875
1 0.300781 0.282031 0.029687 0.039062
1 0.363281 0.280469 0.045312 0.039062
1 0.400781 0.281250 0.045312 0.040625
1 0.349219 0.393750 0.023438 0.025000
1 0.231250 0.192188 0.028125 0.025000
1 0.222656 0.224219 0.020313 0.023438
1 0.171875 0.175000 0.034375 0.025000
1 0.174219 0.150781 0.032813 0.023438
5 0.078906 0.206250 0.020313 0.028125
2 0.167187 0.217969 0.034375 0.042188
5 0.291406 0.178125 0.054688 0.037500
1 0.166406 0.748437 0.020313 0.018750
5 0.208594 0.735938 0.017188 0.015625
2 0.264844 0.845313 0.060937 0.059375
2 0.371094 0.767969 0.064062 0.070312
1 0.347656 0.625781 0.032813 0.045312
1 0.392188 0.623437 0.028125 0.040625
5 0.536719 0.643750 0.048438 0.050000
5 0.678125 0.596094 0.056250 0.051562
5 0.697656 0.583594 0.051562 0.048438
4 0.557031 0.703906 0.064062 0.076563
5 0.507812 0.317188 0.056250 0.037500
4 0.326562 0.390625 0.046875 0.046875
