1 0.590625 0.675000 0.031250 0.071875
1 0.714063 0.696875 0.046875 0.056250
1 0.668750 0.694531 0.043750 0.039062
1 0.809375 0.580469 0.031250 0.054688
1 0.951562 0.573438 0.053125 0.053125
1 0.784375 0.419531 0.021875 0.042188
1 0.651563 0.496094 0.031250 0.039062
1 0.610938 0.621875 0.040625 0.065625
5 0.848437 0.349219 0.021875 0.035937
5 0.962500 0.456250 0.034375 0.037500
5 0.703906 0.754687 0.079687 0.065625
5 0.669531 0.583594 0.029687 0.070312
5 0.667969 0.534375 0.051562 0.037500
5 0.554688 0.706250 0.062500 0.075000
5 0.554688 0.810937 0.050000 0.046875
5 0.446875 0.588281 0.037500 0.039062
5 0.546875 0.470313 0.050000 0.053125
5 0.566406 0.457031 0.029687 0.035937
2 0.646875 0.369531 0.046875 0.051562
2 0.639062 0.436719 0.040625 0.051562
2 0.273438 0.417187 0.075000 0.053125
4 0.502344 0.414062 0.042188 0.056250
4 0.600781 0.448437 0.054688 0.065625
