1 0.527344 0.705469 0.029687 0.032813
5 0.489844 0.628125 0.045312 0.037500
2 0.480469 0.692187 0.054688 0.050000
2 0.403125 0.725000 0.043750 0.043750
2 0.463281 0.857031 0.026562 0.032813
3 0.395313 0.548438 0.065625 0.046875
3 0.513281 0.660156 0.067187 0.026562
3 0.525781 0.485156 0.026562 0.051562
3 0.495312 0.548438 0.031250 0.053125
5 0.549219 0.619531 0.017188 0.026562
5 0.617969 0.786719 0.020313 0.026562
5 0.649219 0.697656 0.026562 0.032813
4 0.649219 0.504687 0.020313 0.025000
3 0.332031 0.419531 0.029687 0.032813
3 0.507812 0.406250 0.053125 0.043750
3 0.492969 0.367969 0.023438 0.032813
1 0.542969 0.228906 0.020313 0.014063
