5 0.719531 0.742188 0.057813 0.065625
4 0.536719 0.889844 0.154688 0.142187
4 0.841406 0.930469 0.126562 0.095312
4 0.257031 0.755469 0.104688 0.085938
4 0.228906 0.837500 0.082812 0.046875
4 0.332031 0.740625 0.114062 0.075000
4 0.471875 0.746094 0.090625 0.067187
4 0.403906 0.715625 0.073438 0.075000
5 0.325781 0.683594 0.079687 0.029687
2 0.709375 0.563281 0.046875 0.035937
4 0.671875 0.614062 0.053125 0.059375
4 0.730469 0.620313 0.057813 0.062500
4 0.653125 0.735156 0.096875 0.045312
5 0.950000 0.796875 0.071875 0.075000
4 0.985156 0.496094 0.029687 0.029687
4 0.905469 0.670312 0.176563 0.093750
5 0.393750 0.898438 0.112500 0.075000
4 0.378125 0.839063 0.053125 0.040625
4 0.659375 0.802344 0.034375 0.048438
4 0.617188 0.943750 0.043750 0.034375
4 0.836719 0.803125 0.129688 0.106250
4 0.981250 0.578125 0.034375 0.062500
4 0.807813 0.638281 0.128125 0.117188
4 0.369531 0.576562 0.039062 0.018750
4 0.646875 0.876563 0.062500 0.075000
