5 0.235937 0.643750 0.031250 0.028125
5 0.201563 0.768750 0.037500 0.053125
5 0.167187 0.694531 0.021875 0.032813
5 0.798438 0.674219 0.053125 0.035937
5 0.515625 0.187500 0.012500 0.012500
2 0.458594 0.100000 0.035937 0.015625
1 0.441406 0.128906 0.017188 0.010937
1 0.403906 0.587500 0.026562 0.031250
1 0.476562 0.795312 0.031250 0.056250
4 0.445312 0.796094 0.040625 0.035937
2 0.589844 0.684375 0.060937 0.053125
1 0.661719 0.784375 0.035937 0.059375
4 0.735156 0.754687 0.060937 0.046875
1 0.778906 0.694531 0.045312 0.051562
2 0.578125 0.395313 0.043750 0.053125
