4 0.383594 0.423438 0.110937 0.140625
4 0.282813 0.526563 0.168750 0.175000
4 0.157812 0.608594 0.118750 0.179688
4 0.381250 0.301563 0.071875 0.071875
4 0.420312 0.149219 0.071875 0.095312
4 0.642188 0.569531 0.059375 0.098437
4 0.083594 0.249219 0.167187 0.198437
4 0.032031 0.130469 0.064062 0.070312
5 0.131250 0.100000 0.059375 0.137500
5 0.253125 0.203906 0.075000 0.085938
4 0.160938 0.111719 0.228125 0.192188
4 0.289844 0.187500 0.095312 0.106250
5 0.298438 0.059375 0.037500 0.093750
2 0.230469 0.351562 0.092188 0.090625
5 0.201563 0.432031 0.075000 0.054688
2 0.325781 0.310156 0.026562 0.026562
5 0.124219 0.404687 0.123438 0.115625
4 0.017969 0.353906 0.035937 0.029687
4 0.111719 0.501563 0.020313 0.021875
4 0.012500 0.494531 0.025000 0.117188
4 0.097656 0.650781 0.189062 0.201563
4 0.617969 0.739062 0.064062 0.093750
4 0.271094 0.247656 0.076563 0.070312
