4 0.689063 0.403906 0.253125 0.310937
4 0.914062 0.631250 0.084375 0.071875
4 0.953906 0.762500 0.092188 0.059375
4 0.700000 0.688281 0.200000 0.135937
4 0.489063 0.509375 0.118750 0.090625
4 0.573438 0.534375 0.078125 0.121875
4 0.569531 0.621875 0.070312 0.059375
4 0.847656 0.192188 0.242188 0.325000
4 0.767188 0.418750 0.031250 0.043750
4 0.421875 0.432812 0.093750 0.068750
4 0.294531 0.407031 0.060937 0.073438
4 0.308594 0.298438 0.029687 0.096875
4 0.353125 0.289844 0.046875 0.082812
4 0.360938 0.137500 0.125000 0.203125
4 0.128125 0.307812 0.056250 0.062500
4 0.208594 0.285938 0.023438 0.034375
4 0.051562 0.175000 0.053125 0.093750
4 0.058594 0.239844 0.029687 0.029687
4 0.007812 0.194531 0.015625 0.073438
5 0.236719 0.154688 0.114062 0.165625
2 0.332813 0.148438 0.071875 0.150000
4 0.273438 0.879687 0.053125 0.043750
5 0.417187 0.926562 0.018750 0.018750
4 0.757812 0.907813 0.025000 0.021875
