5 0.589844 0.209375 0.045312 0.059375
5 0.015625 0.275000 0.031250 0.046875
5 0.106250 0.959375 0.078125 0.053125
5 0.689844 0.719531 0.026562 0.026562
4 0.588281 0.527344 0.092188 0.035937
1 0.757812 0.546875 0.046875 0.025000
1 0.493750 0.467969 0.068750 0.035937
1 0.464844 0.332813 0.070312 0.034375
1 0.589063 0.259375 0.046875 0.028125
4 0.521094 0.269531 0.067187 0.070312
2 0.950000 0.271094 0.053125 0.048438
2 0.623437 0.446094 0.050000 0.048438
5 0.517969 0.702344 0.057813 0.026562
5 0.721094 0.675000 0.026562 0.031250
1 0.271094 0.507812 0.048438 0.034375
