4 0.214062 0.743750 0.087500 0.162500
4 0.246094 0.615625 0.032813 0.053125
5 0.244531 0.882031 0.045312 0.051562
4 0.362500 0.879687 0.068750 0.121875
4 0.664062 0.949219 0.062500 0.079687
4 0.748437 0.985938 0.046875 0.028125
4 0.628125 0.851562 0.087500 0.128125
4 0.588281 0.763281 0.051562 0.085938
4 0.653125 0.778125 0.065625 0.078125
4 0.628125 0.676562 0.059375 0.081250
4 0.731250 0.599219 0.115625 0.107813
4 0.651563 0.609375 0.081250 0.090625
4 0.758594 0.496875 0.117188 0.125000
4 0.852344 0.575781 0.073438 0.070312
4 0.806250 0.626563 0.106250 0.121875
5 0.903125 0.614844 0.075000 0.082812
5 0.921875 0.396875 0.112500 0.143750
5 0.714063 0.675000 0.112500 0.096875
5 0.691406 0.831250 0.051562 0.043750
4 0.877344 0.978125 0.123438 0.043750
4 0.876563 0.207031 0.084375 0.048438
4 0.771875 0.098437 0.162500 0.146875
4 0.796094 0.056250 0.114062 0.053125
4 0.922656 0.071875 0.067187 0.040625
4 0.574219 0.957812 0.129688 0.084375
4 0.671875 0.726562 0.028125 0.031250
4 0.894531 0.500781 0.060937 0.076563
5 0.600781 0.456250 0.076563 0.090625
2 0.592187 0.603906 0.034375 0.032813
5 0.314844 0.348438 0.032813 0.034375
4 0.296094 0.455469 0.032813 0.042188
