5 0.468750 0.933594 0.043750 0.035937
5 0.332031 0.824219 0.032813 0.026562
5 0.793750 0.681250 0.068750 0.084375
5 0.702344 0.681250 0.060937 0.050000
4 0.397656 0.500781 0.042188 0.042188
5 0.489844 0.490625 0.057813 0.062500
5 0.454688 0.549219 0.046875 0.026562
5 0.621875 0.427344 0.056250 0.026562
4 0.464844 0.582812 0.054688 0.046875
2 0.432812 0.596875 0.050000 0.050000
2 0.369531 0.635938 0.070312 0.059375
2 0.420312 0.267188 0.056250 0.078125
1 0.679688 0.551562 0.065625 0.043750
1 0.412500 0.758594 0.040625 0.017188
1 0.596094 0.919531 0.048438 0.054688
1 0.537500 0.988281 0.040625 0.023438
1 0.589844 0.748437 0.057813 0.028125
1 0.497656 0.625000 0.035937 0.040625
1 0.732031 0.643750 0.060937 0.037500
