4 0.481250 0.700000 0.178125 0.209375
4 0.287500 0.866406 0.062500 0.085938
4 0.375000 0.952344 0.134375 0.095312
4 0.275781 0.573438 0.323437 0.262500
4 0.069531 0.617188 0.135937 0.156250
4 0.480469 0.434375 0.110937 0.121875
4 0.458594 0.528125 0.120313 0.100000
4 0.539844 0.547656 0.092188 0.067187
4 0.516406 0.241406 0.057813 0.079687
4 0.450781 0.338281 0.070312 0.076563
4 0.403906 0.186719 0.117188 0.110937
4 0.256250 0.151562 0.171875 0.181250
2 0.273438 0.134375 0.143750 0.109375
4 0.563281 0.060937 0.029687 0.059375
5 0.317969 0.067969 0.126562 0.129688
5 0.012500 0.036719 0.025000 0.054688
4 0.481250 0.090625 0.028125 0.025000
4 0.662500 0.846875 0.021875 0.031250
4 0.952344 0.418750 0.042188 0.050000
4 0.914062 0.564063 0.018750 0.021875
4 0.887500 0.177344 0.021875 0.029687
5 0.529687 0.053906 0.053125 0.073438
