5 0.508594 0.633594 0.023438 0.017188
5 0.489063 0.534375 0.028125 0.025000
5 0.526563 0.446875 0.031250 0.025000
5 0.426563 0.368750 0.034375 0.018750
5 0.462500 0.283594 0.046875 0.032813
5 0.441406 0.242188 0.073438 0.037500
5 0.516406 0.293750 0.067187 0.037500
5 0.492188 0.315625 0.034375 0.046875
5 0.389062 0.352344 0.025000 0.026562
5 0.972656 0.587500 0.014063 0.021875
1 0.933594 0.573438 0.023438 0.018750
1 0.942187 0.603125 0.015625 0.025000
2 0.867188 0.615625 0.037500 0.018750
5 0.828125 0.514062 0.015625 0.025000
1 0.782813 0.512500 0.025000 0.025000
1 0.754687 0.526563 0.028125 0.021875
5 0.722656 0.534375 0.039062 0.031250
1 0.693750 0.517969 0.018750 0.035937
1 0.671875 0.428125 0.021875 0.034375
4 0.764844 0.539844 0.026562 0.029687
1 0.580469 0.543750 0.029687 0.021875
1 0.583594 0.562500 0.026562 0.021875
1 0.529687 0.703125 0.015625 0.015625
4 0.350000 0.404687 0.043750 0.028125
2 0.359375 0.513281 0.043750 0.039062
2 0.239063 0.504687 0.059375 0.040625
5 0.319531 0.503125 0.020313 0.018750
1 0.351562 0.629687 0.018750 0.018750
5 0.434375 0.018750 0.046875 0.037500
