2 0.664844 0.542188 0.060937 0.056250
2 0.418750 0.530469 0.056250 0.048438
1 0.242188 0.575000 0.065625 0.037500
1 0.372656 0.415625 0.060937 0.028125
1 0.528906 0.349219 0.032813 0.026562
5 0.420312 0.110937 0.040625 0.025000
5 0.522656 0.192188 0.029687 0.028125
5 0.485156 0.178125 0.029687 0.015625
5 0.421875 0.328906 0.025000 0.042188
4 0.278125 0.392188 0.090625 0.043750
2 0.935937 0.424219 0.018750 0.039062
1 0.913281 0.409375 0.010937 0.015625
5 0.853906 0.491406 0.014063 0.020313
5 0.436719 0.707812 0.035937 0.062500
5 0.374219 0.731250 0.048438 0.065625
1 0.354687 0.713281 0.053125 0.042188
4 0.266406 0.685937 0.060937 0.062500
