4 0.208594 0.271875 0.085938 0.168750
4 0.235156 0.409375 0.032813 0.053125
5 0.247656 0.127344 0.045312 0.051562
4 0.371094 0.136719 0.067187 0.126562
4 0.693750 0.079687 0.062500 0.081250
4 0.728125 0.011719 0.056250 0.023438
4 0.784375 0.029687 0.046875 0.059375
4 0.650781 0.181250 0.085938 0.131250
4 0.603906 0.271875 0.051562 0.090625
4 0.671875 0.260156 0.065625 0.079687
4 0.640625 0.364844 0.059375 0.082812
4 0.744531 0.452344 0.117188 0.107813
4 0.661719 0.437500 0.082812 0.090625
4 0.767969 0.561719 0.117188 0.126562
4 0.870313 0.484375 0.075000 0.071875
4 0.825000 0.426563 0.106250 0.121875
5 0.925781 0.445312 0.076563 0.087500
5 0.934375 0.676562 0.112500 0.146875
5 0.732031 0.370312 0.114062 0.096875
5 0.715625 0.207031 0.053125 0.045312
4 0.909375 0.039844 0.106250 0.079687
4 0.875000 0.873437 0.087500 0.046875
4 0.756250 0.946875 0.159375 0.078125
4 0.600000 0.053125 0.134375 0.106250
4 0.688281 0.314844 0.029687 0.029687
4 0.910937 0.564063 0.059375 0.078125
5 0.599219 0.593750 0.076563 0.093750
2 0.599219 0.439844 0.035937 0.032813
5 0.292187 0.693750 0.034375 0.037500
4 0.278906 0.579688 0.032813 0.043750
