5 0.918750 0.442969 0.162500 0.157812
5 0.547656 0.602344 0.082812 0.148438
5 0.651563 0.786719 0.068750 0.114062
5 0.503125 0.531250 0.056250 0.068750
4 0.601562 0.216406 0.071875 0.089063
4 0.580469 0.435156 0.073438 0.060937
4 0.736719 0.371875 0.110937 0.103125
4 0.513281 0.467187 0.057813 0.062500
4 0.208594 0.444531 0.032813 0.042188
4 0.167187 0.426563 0.040625 0.068750
4 0.720313 0.592187 0.109375 0.146875
4 0.968750 0.479687 0.062500 0.059375
4 0.841406 0.523438 0.114062 0.034375
3 0.453125 0.960938 0.056250 0.078125
4 0.290625 0.608594 0.034375 0.042188
4 0.260937 0.371875 0.050000 0.081250
5 0.462500 0.324219 0.043750 0.039062
5 0.548438 0.269531 0.059375 0.082812
5 0.682031 0.317969 0.073438 0.092188
5 0.696094 0.575000 0.064062 0.075000
5 0.800000 0.548438 0.043750 0.053125
5 0.773438 0.485156 0.059375 0.064062
5 0.694531 0.488281 0.029687 0.029687
5 0.889844 0.157031 0.164062 0.135937
5 0.522656 0.403906 0.023438 0.023438
5 0.682813 0.368750 0.037500 0.056250
5 0.266406 0.500781 0.029687 0.032813
4 0.759375 0.294531 0.093750 0.082812
5 0.567969 0.357812 0.067187 0.081250
5 0.264844 0.205469 0.023438 0.051562
