2 0.852344 0.198437 0.039062 0.078125
5 0.910937 0.161719 0.031250 0.023438
4 0.533594 0.261719 0.039062 0.060937
1 0.677344 0.421094 0.048438 0.032813
1 0.675781 0.479687 0.039062 0.031250
4 0.548438 0.532813 0.084375 0.050000
1 0.495312 0.567969 0.034375 0.017188
5 0.463281 0.600781 0.048438 0.035937
1 0.659375 0.686719 0.037500 0.032813
5 0.096094 0.439063 0.114062 0.084375
5 0.103125 0.522656 0.075000 0.045312
5 0.114062 0.677344 0.062500 0.048438
5 0.428906 0.853906 0.042188 0.042188
5 0.370312 0.773438 0.056250 0.043750
5 0.343750 0.806250 0.037500 0.031250
5 0.392969 0.908594 0.064062 0.039062
1 0.650781 0.895312 0.048438 0.037500
1 0.907031 0.824219 0.032813 0.039062
5 0.825781 0.771094 0.023438 0.017188
1 0.919531 0.765625 0.035937 0.025000
1 0.900781 0.783594 0.029687 0.020313
5 0.892969 0.721094 0.023438 0.023438
2 0.913281 0.725000 0.014063 0.031250
