5 0.919531 0.889062 0.029687 0.021875
2 0.858594 0.853906 0.032813 0.082812
4 0.494531 0.735156 0.060937 0.073438
5 0.463281 0.756250 0.020313 0.059375
1 0.704688 0.579688 0.050000 0.031250
1 0.707031 0.517188 0.035937 0.034375
4 0.577344 0.433594 0.070312 0.051562
5 0.958594 0.312500 0.017188 0.021875
2 0.954688 0.285156 0.015625 0.032813
1 0.962500 0.250781 0.018750 0.026562
1 0.959375 0.231250 0.021875 0.018750
1 0.943750 0.207813 0.021875 0.018750
5 0.949219 0.177344 0.032813 0.039062
5 0.846875 0.211719 0.025000 0.014063
1 0.702344 0.296094 0.035937 0.023438
1 0.692187 0.060937 0.043750 0.021875
5 0.497656 0.081250 0.048438 0.043750
5 0.464844 0.032031 0.076563 0.029687
5 0.320312 0.146875 0.093750 0.034375
5 0.168750 0.175781 0.087500 0.054688
5 0.491406 0.367969 0.073438 0.035937
1 0.529687 0.393750 0.034375 0.021875
5 0.008594 0.532031 0.017188 0.082812
