1 0.646094 0.448437 0.032813 0.034375
3 0.984375 0.679688 0.031250 0.090625
3 0.528125 0.549219 0.046875 0.032813
3 0.482031 0.539062 0.023438 0.050000
3 0.447656 0.668750 0.035937 0.043750
3 0.597656 0.749219 0.032813 0.035937
2 0.579688 0.573438 0.043750 0.046875
2 0.764062 0.552344 0.043750 0.042188
2 0.775781 0.676562 0.048438 0.075000
4 0.414062 0.450781 0.031250 0.026562
3 0.593750 0.472656 0.018750 0.026562
5 0.614844 0.412500 0.026562 0.021875
5 0.571875 0.437500 0.021875 0.015625
5 0.503906 0.420312 0.026562 0.021875
5 0.520312 0.443750 0.025000 0.021875
1 0.171094 0.717969 0.020313 0.026562
4 0.683594 0.732031 0.064062 0.079687
