4 0.928906 0.531250 0.051562 0.078125
4 0.961719 0.304688 0.076563 0.106250
4 0.862500 0.728125 0.081250 0.065625
4 0.656250 0.614062 0.081250 0.100000
4 0.672656 0.550781 0.051562 0.057813
4 0.446875 0.365625 0.025000 0.034375
4 0.353125 0.217188 0.040625 0.068750
4 0.438281 0.707812 0.042188 0.046875
4 0.406250 0.720313 0.043750 0.087500
4 0.707031 0.803906 0.098437 0.145313
4 0.714063 0.927344 0.050000 0.039062
5 0.699219 0.289844 0.026562 0.073438
4 0.417187 0.582812 0.040625 0.062500
4 0.064844 0.635156 0.026562 0.079687
5 0.395313 0.973437 0.043750 0.031250
