5 0.653906 0.739844 0.032813 0.032813
5 0.462500 0.755469 0.053125 0.045312
5 0.293750 0.529687 0.090625 0.053125
5 0.325781 0.439063 0.145313 0.093750
2 0.645312 0.191406 0.068750 0.089063
2 0.623437 0.587500 0.084375 0.078125
2 0.560937 0.430469 0.059375 0.051562
2 0.610938 0.957031 0.053125 0.057813
1 0.584375 0.625781 0.043750 0.042188
1 0.512500 0.494531 0.037500 0.042188
1 0.392969 0.676562 0.048438 0.053125
1 0.384375 0.782813 0.056250 0.034375
1 0.332031 0.858594 0.073438 0.048438
1 0.290625 0.478906 0.071875 0.054688
1 0.288281 0.444531 0.057813 0.048438
1 0.317188 0.335938 0.059375 0.059375
5 0.430469 0.281250 0.042188 0.028125
4 0.632031 0.487500 0.060937 0.056250
