2 0.533594 0.028906 0.060937 0.057813
2 0.647656 0.366406 0.045312 0.039062
2 0.622656 0.486719 0.032813 0.032813
2 0.275000 0.328906 0.053125 0.057813
5 0.526563 0.392188 0.028125 0.040625
5 0.545312 0.375781 0.015625 0.039062
5 0.310937 0.339844 0.065625 0.051562
5 0.244531 0.339062 0.064062 0.040625
5 0.299219 0.254688 0.064062 0.040625
5 0.553125 0.321875 0.034375 0.018750
5 0.578906 0.229687 0.026562 0.028125
5 0.396094 0.155469 0.032813 0.029687
5 0.511719 0.284375 0.035937 0.031250
5 0.619531 0.314063 0.020313 0.015625
5 0.629687 0.342969 0.034375 0.029687
5 0.710156 0.560937 0.017188 0.018750
5 0.702344 0.528906 0.017188 0.017188
2 0.825000 0.663281 0.012500 0.017188
1 0.692969 0.698438 0.020313 0.015625
1 0.668750 0.695312 0.018750 0.012500
1 0.669531 0.621094 0.023438 0.017188
1 0.606250 0.595313 0.025000 0.021875
1 0.687500 0.496875 0.018750 0.015625
1 0.539844 0.480469 0.026562 0.017188
1 0.528125 0.494531 0.031250 0.020313
1 0.542188 0.433594 0.028125 0.020313
1 0.507031 0.422656 0.039062 0.023438
1 0.426563 0.366406 0.043750 0.029687
1 0.445312 0.416406 0.028125 0.023438
1 0.686719 0.277344 0.020313 0.014063
1 0.500781 0.196094 0.042188 0.032813
5 0.479687 0.435156 0.028125 0.020313
4 0.571094 0.427344 0.048438 0.035937
4 0.498437 0.167187 0.053125 0.053125
5 0.110937 0.293750 0.050000 0.046875
