5 0.548438 0.520312 0.081250 0.134375
4 0.610938 0.763281 0.071875 0.079687
4 0.888281 0.410156 0.223438 0.242188
4 0.867188 0.250781 0.190625 0.198437
4 0.892188 0.593750 0.087500 0.106250
5 0.557031 0.599219 0.051562 0.064062
5 0.332813 0.130469 0.046875 0.079687
5 0.751563 0.516406 0.034375 0.045312
5 0.649219 0.872656 0.064062 0.082812
1 0.308594 0.643750 0.020313 0.025000
3 0.338281 0.524219 0.045312 0.073438
3 0.422656 0.027344 0.060937 0.051562
2 0.279687 0.105469 0.053125 0.070312
4 0.282813 0.539844 0.037500 0.051562
4 0.234375 0.561719 0.025000 0.032813
4 0.312500 0.764844 0.021875 0.051562
4 0.355469 0.803125 0.042188 0.062500
4 0.651563 0.655469 0.065625 0.064062
4 0.522656 0.667969 0.048438 0.060937
4 0.626563 0.593750 0.084375 0.071875
4 0.603906 0.570312 0.048438 0.059375
4 0.620313 0.644531 0.065625 0.070312
4 0.798438 0.642969 0.046875 0.057813
4 0.709375 0.416406 0.075000 0.076563
4 0.808594 0.465625 0.042188 0.100000
4 0.671094 0.451562 0.064062 0.065625
4 0.677344 0.935937 0.048438 0.025000
4 0.653906 0.410156 0.032813 0.045312
4 0.678906 0.771875 0.054688 0.050000
4 0.960938 0.764844 0.078125 0.198437
4 0.285938 0.785156 0.012500 0.017188
5 0.269531 0.752344 0.014063 0.014063
4 0.775000 0.745313 0.075000 0.075000
5 0.685156 0.257812 0.123438 0.100000
4 0.846875 0.539844 0.046875 0.042188
