2 0.447656 0.550781 0.089063 0.057813
2 0.335156 0.350781 0.035937 0.020313
4 0.175000 0.786719 0.106250 0.117188
5 0.413281 0.686719 0.064062 0.057813
4 0.518750 0.572656 0.109375 0.104688
4 0.521094 0.499219 0.076563 0.045312
4 0.357031 0.551562 0.110937 0.071875
4 0.665625 0.646094 0.040625 0.032813
4 0.676562 0.802344 0.056250 0.032813
4 0.642969 0.882812 0.054688 0.059375
5 0.582031 0.889062 0.114062 0.075000
4 0.298438 0.707031 0.153125 0.226562
4 0.377344 0.896094 0.295312 0.170313
5 0.750781 0.442969 0.092188 0.092188
4 0.712500 0.870313 0.128125 0.128125
4 0.759375 0.946094 0.084375 0.057813
4 0.678125 0.962500 0.178125 0.075000
4 0.823438 0.989062 0.087500 0.021875
4 0.885938 0.779687 0.096875 0.068750
4 0.921094 0.773438 0.092188 0.071875
4 0.892969 0.858594 0.129688 0.135937
4 0.739062 0.636719 0.175000 0.095312
4 0.044531 0.303125 0.048438 0.065625
3 0.969531 0.360938 0.060937 0.056250
