2 0.522656 0.065625 0.101562 0.131250
3 0.926562 0.108594 0.081250 0.079687
4 0.859375 0.251563 0.053125 0.059375
4 0.892188 0.593750 0.159375 0.184375
4 0.861719 0.895312 0.076563 0.106250
4 0.956250 0.378906 0.087500 0.110937
4 0.978125 0.469531 0.043750 0.051562
4 0.985156 0.400000 0.029687 0.100000
4 0.853125 0.318750 0.025000 0.040625
4 0.890625 0.419531 0.021875 0.023438
4 0.581250 0.327344 0.018750 0.051562
4 0.967969 0.134375 0.045312 0.050000
4 0.915625 0.182812 0.025000 0.021875
4 0.796875 0.207813 0.021875 0.025000
