5 0.346094 0.486719 0.076563 0.089063
4 0.301563 0.359375 0.112500 0.100000
2 0.853125 0.389844 0.068750 0.064062
5 0.962500 0.209375 0.034375 0.050000
4 0.227344 0.714844 0.110937 0.110937
4 0.157812 0.760938 0.118750 0.100000
4 0.422656 0.850000 0.064062 0.043750
4 0.409375 0.945312 0.040625 0.031250
4 0.237500 0.500781 0.075000 0.070312
4 0.180469 0.390625 0.060937 0.071875
4 0.192188 0.335938 0.046875 0.062500
5 0.135937 0.415625 0.081250 0.087500
4 0.498437 0.803906 0.075000 0.079687
4 0.489844 0.974219 0.051562 0.048438
5 0.764062 0.961719 0.062500 0.060937
5 0.943750 0.735156 0.031250 0.104688
4 0.396094 0.542188 0.095312 0.109375
4 0.160156 0.499219 0.054688 0.064062
