5 0.248438 0.340625 0.031250 0.028125
5 0.214062 0.212500 0.037500 0.053125
5 0.179688 0.288281 0.021875 0.032813
5 0.821875 0.307031 0.053125 0.035937
5 0.534375 0.803125 0.012500 0.012500
2 0.475781 0.892188 0.035937 0.015625
1 0.458594 0.863281 0.017188 0.010937
1 0.419531 0.396875 0.026562 0.031250
1 0.493750 0.186719 0.031250 0.057813
4 0.462500 0.185156 0.040625 0.035937
2 0.609375 0.298438 0.062500 0.053125
1 0.681250 0.196875 0.037500 0.059375
4 0.757031 0.226562 0.060937 0.046875
1 0.802344 0.288281 0.045312 0.051562
2 0.598437 0.592969 0.043750 0.054688
