4 0.595313 0.730469 0.200000 0.239063
4 0.627344 0.832812 0.026562 0.043750
4 0.575781 0.793750 0.079687 0.100000
4 0.541406 0.855469 0.029687 0.054688
4 0.518750 0.974219 0.043750 0.051562
5 0.949219 0.913281 0.017188 0.060937
4 0.911719 0.764844 0.129688 0.117188
4 0.716406 0.558594 0.114062 0.160938
4 0.965625 0.310156 0.068750 0.104688
4 0.628125 0.439844 0.121875 0.120313
4 0.596094 0.567187 0.092188 0.103125
4 0.677344 0.141406 0.057813 0.070312
4 0.460156 0.088281 0.048438 0.101562
5 0.451562 0.379688 0.034375 0.028125
5 0.500000 0.351562 0.053125 0.062500
5 0.994531 0.236719 0.010937 0.098437
4 0.757031 0.955469 0.054688 0.070312
4 0.845313 0.905469 0.103125 0.123438
4 0.728125 0.701562 0.068750 0.143750
4 0.703125 0.817969 0.071875 0.114062
4 0.501563 0.946094 0.050000 0.064062
4 0.505469 0.996875 0.035937 0.006250
4 0.362500 0.561719 0.078125 0.120313
4 0.428906 0.882812 0.092188 0.128125
4 0.576562 0.967969 0.037500 0.064062
4 0.455469 0.511719 0.051562 0.098437
4 0.795312 0.749219 0.084375 0.060937
4 0.537500 0.424219 0.103125 0.114062
4 0.360156 0.460156 0.048438 0.048438
4 0.370312 0.317969 0.025000 0.048438
4 0.411719 0.496875 0.035937 0.062500
4 0.472656 0.692969 0.089063 0.123438
4 0.368750 0.668750 0.075000 0.106250
4 0.554688 0.289844 0.025000 0.032813
4 0.382812 0.411719 0.018750 0.029687
4 0.552344 0.297656 0.114062 0.117188
4 0.525781 0.180469 0.110937 0.160938
4 0.457813 0.332031 0.075000 0.089063
