2 0.373437 0.954688 0.137500 0.084375
2 0.841406 0.946094 0.135937 0.107813
3 0.419531 0.521875 0.045312 0.078125
5 0.604688 0.322656 0.087500 0.070312
2 0.812500 0.049219 0.059375 0.042188
4 0.977344 0.325000 0.045312 0.115625
4 0.827344 0.245312 0.029687 0.043750
4 0.851562 0.530469 0.050000 0.092188
4 0.939844 0.510938 0.101562 0.125000
4 0.782031 0.322656 0.095312 0.160938
5 0.729688 0.092188 0.059375 0.090625
4 0.909375 0.780469 0.168750 0.423438
4 0.764844 0.986719 0.067187 0.026562
4 0.847656 0.657031 0.154688 0.145313
4 0.974219 0.285938 0.029687 0.053125
