3 0.106250 0.218750 0.028125 0.050000
5 0.365625 0.273438 0.050000 0.062500
4 0.398438 0.328125 0.084375 0.100000
4 0.936719 0.069531 0.126562 0.101562
3 0.747656 0.639844 0.101562 0.170313
4 0.548438 0.731250 0.087500 0.121875
4 0.397656 0.637500 0.070312 0.050000
4 0.671094 0.450781 0.067187 0.079687
4 0.680469 0.605469 0.035937 0.039062
4 0.667969 0.647656 0.035937 0.045312
4 0.708594 0.864062 0.082812 0.065625
4 0.790625 0.839063 0.037500 0.062500
4 0.883594 0.810937 0.026562 0.034375
4 0.889844 0.637500 0.054688 0.053125
5 0.834375 0.716406 0.037500 0.051562
5 0.628906 0.548438 0.079687 0.159375
5 0.546875 0.524219 0.031250 0.045312
4 0.774219 0.920312 0.239063 0.159375
5 0.944531 0.989062 0.060937 0.021875
4 0.939844 0.842187 0.073438 0.068750
5 0.631250 0.918750 0.065625 0.125000
4 0.808594 0.796094 0.042188 0.026562
4 0.851562 0.561719 0.043750 0.014063
4 0.252344 0.774219 0.026562 0.026562
