4 0.684375 0.381250 0.293750 0.343750
4 0.940625 0.574219 0.093750 0.082812
4 0.974219 0.700000 0.051562 0.071875
4 0.735156 0.660937 0.217188 0.162500
4 0.502344 0.512500 0.129688 0.106250
4 0.589063 0.526563 0.093750 0.131250
4 0.596875 0.612500 0.078125 0.068750
4 0.812500 0.163281 0.284375 0.326562
4 0.765625 0.383594 0.037500 0.048438
4 0.425000 0.445312 0.103125 0.081250
4 0.294531 0.439063 0.070312 0.081250
4 0.294531 0.329688 0.042188 0.100000
4 0.338281 0.314844 0.057813 0.089063
4 0.322656 0.160938 0.151562 0.218750
4 0.116406 0.363281 0.064062 0.070312
4 0.192188 0.331250 0.028125 0.037500
4 0.027344 0.242188 0.054688 0.100000
4 0.038281 0.305469 0.032813 0.032813
5 0.202344 0.196094 0.135937 0.179688
2 0.297656 0.177344 0.092188 0.157812
4 0.340625 0.909375 0.059375 0.050000
5 0.489063 0.935937 0.021875 0.021875
4 0.823438 0.870313 0.028125 0.025000
