4 0.682031 0.840625 0.042188 0.053125
1 0.277344 0.836719 0.035937 0.023438
2 0.210938 0.689063 0.046875 0.071875
2 0.541406 0.671094 0.054688 0.060937
5 0.581250 0.763281 0.043750 0.054688
5 0.936719 0.789062 0.126562 0.093750
1 0.745313 0.665625 0.087500 0.056250
1 0.464844 0.442969 0.054688 0.035937
5 0.460938 0.405469 0.050000 0.054688
4 0.586719 0.468750 0.079687 0.084375
5 0.850000 0.245312 0.059375 0.046875
5 0.557813 0.624219 0.040625 0.039062
5 0.518750 0.589063 0.037500 0.040625
1 0.483594 0.738281 0.051562 0.032813
5 0.339062 0.567187 0.034375 0.037500
