5 0.845313 0.407031 0.018750 0.039062
4 0.905469 0.412500 0.029687 0.021875
4 0.928125 0.364844 0.021875 0.014063
2 0.803906 0.439063 0.023438 0.025000
5 0.800000 0.405469 0.015625 0.010937
5 0.964063 0.619531 0.034375 0.079687
2 0.986719 0.563281 0.020313 0.023438
2 0.822656 0.785937 0.001563 0.006250
2 0.812500 0.766406 0.037500 0.045312
3 0.757812 0.814844 0.037500 0.101562
5 0.877344 0.355469 0.026562 0.017188
3 0.561719 0.433594 0.026562 0.026562
1 0.714844 0.450781 0.014063 0.014063
3 0.696875 0.531250 0.043750 0.015625
3 0.647656 0.577344 0.020313 0.020313
2 0.621094 0.559375 0.042188 0.028125
