5 0.527344 0.544531 0.132812 0.067187
4 0.785156 0.534375 0.076563 0.065625
4 0.522656 0.903125 0.226562 0.193750
4 0.358594 0.924219 0.185938 0.151562
4 0.703125 0.861719 0.103125 0.079687
5 0.607812 0.530469 0.062500 0.045312
5 0.081250 0.450781 0.081250 0.039062
5 0.583594 0.746875 0.042188 0.031250
5 0.903906 0.539844 0.079687 0.057813
1 0.577344 0.272656 0.023438 0.017188
3 0.468750 0.338281 0.075000 0.039062
3 0.014844 0.568750 0.026562 0.056250
2 0.039844 0.405469 0.067187 0.045312
4 0.467969 0.280469 0.048438 0.032813
4 0.474219 0.225000 0.032813 0.021875
4 0.696875 0.239844 0.053125 0.017188
4 0.746875 0.271094 0.062500 0.035937
4 0.691406 0.607812 0.057813 0.062500
4 0.664062 0.476562 0.059375 0.043750
4 0.623437 0.600781 0.065625 0.079687
4 0.592969 0.584375 0.057813 0.043750
4 0.671094 0.578906 0.067187 0.060937
4 0.721875 0.753906 0.056250 0.042188
4 0.473438 0.734375 0.071875 0.068750
4 0.551562 0.817969 0.100000 0.029687
4 0.497656 0.686719 0.064062 0.060937
4 0.972656 0.546094 0.020313 0.048438
4 0.451562 0.682813 0.043750 0.028125
4 0.813281 0.597656 0.045312 0.051562
4 0.903125 0.910156 0.190625 0.129688
4 0.708594 0.208594 0.017188 0.010937
5 0.672656 0.203125 0.014063 0.015625
4 0.816406 0.700781 0.070312 0.070312
5 0.310937 0.757812 0.090625 0.118750
4 0.635938 0.834375 0.037500 0.043750
