4 0.682031 0.827344 0.242188 0.242188
4 0.534375 0.884375 0.168750 0.175000
4 0.407031 0.960938 0.204687 0.078125
4 0.764062 0.502344 0.062500 0.070312
4 0.805469 0.431250 0.089063 0.075000
1 0.579688 0.228125 0.018750 0.018750
3 0.489063 0.280469 0.071875 0.039062
4 0.846875 0.742969 0.109375 0.098437
5 0.713281 0.653906 0.045312 0.032813
5 0.596094 0.496094 0.114062 0.067187
5 0.674219 0.450781 0.067187 0.051562
5 0.325781 0.521875 0.070312 0.043750
5 0.138281 0.495312 0.082812 0.046875
2 0.091406 0.459375 0.067187 0.053125
2 0.091406 0.604688 0.120313 0.084375
4 0.915625 0.578125 0.100000 0.078125
4 0.614844 0.611719 0.067187 0.082812
4 0.703906 0.721094 0.107813 0.054688
4 0.774219 0.732812 0.045312 0.037500
4 0.417969 0.532813 0.117188 0.071875
4 0.563281 0.647656 0.079687 0.048438
4 0.470313 0.207813 0.028125 0.021875
4 0.675781 0.168750 0.057813 0.025000
4 0.589844 0.178906 0.035937 0.020313
4 0.560937 0.207813 0.046875 0.025000
4 0.840625 0.635156 0.075000 0.064062
4 0.981250 0.417187 0.025000 0.040625
4 0.989844 0.434375 0.020313 0.031250
4 0.695312 0.505469 0.075000 0.085938
4 0.600000 0.670312 0.071875 0.053125
