1 0.953125 0.650781 0.015625 0.007812
1 0.789844 0.785156 0.017188 0.017188
5 0.846094 0.643750 0.020313 0.021875
5 0.457031 0.685156 0.039062 0.042188
5 0.356250 0.613281 0.059375 0.039062
5 0.363281 0.596875 0.051562 0.043750
5 0.274219 0.654687 0.092188 0.046875
5 0.238281 0.560937 0.082812 0.046875
5 0.310156 0.356250 0.082812 0.071875
5 0.419531 0.396094 0.057813 0.064062
1 0.616406 0.660937 0.039062 0.034375
1 0.647656 0.626563 0.029687 0.037500
1 0.783594 0.226562 0.020313 0.028125
1 0.778906 0.253906 0.032813 0.032813
1 0.695312 0.271094 0.031250 0.029687
1 0.631250 0.332031 0.034375 0.020313
1 0.745313 0.324219 0.031250 0.029687
1 0.579688 0.378125 0.046875 0.031250
1 0.546094 0.357031 0.039062 0.039062
5 0.875000 0.254688 0.021875 0.025000
2 0.776563 0.283594 0.034375 0.042188
5 0.705469 0.329688 0.026562 0.025000
4 0.640625 0.422656 0.056250 0.042188
1 0.617969 0.446094 0.026562 0.014063
1 0.541406 0.327344 0.029687 0.020313
5 0.463281 0.416406 0.045312 0.042188
5 0.617969 0.250000 0.048438 0.059375
5 0.109375 0.478125 0.065625 0.050000
2 0.621094 0.773438 0.051562 0.053125
2 0.689844 0.855469 0.051562 0.054688
5 0.590625 0.810937 0.034375 0.043750
5 0.392188 0.776563 0.046875 0.034375
