4 0.335156 0.553906 0.182812 0.114062
4 0.397656 0.428906 0.154688 0.117188
4 0.329688 0.474219 0.112500 0.082812
4 0.288281 0.485156 0.114062 0.079687
4 0.590625 0.343750 0.103125 0.106250
4 0.540625 0.112500 0.115625 0.125000
4 0.806250 0.102344 0.090625 0.095312
4 0.600781 0.585938 0.032813 0.031250
2 0.629687 0.570312 0.028125 0.021875
4 0.547656 0.525000 0.045312 0.037500
4 0.593750 0.490625 0.068750 0.071875
4 0.494531 0.706250 0.104688 0.062500
4 0.419531 0.674219 0.032813 0.032813
5 0.454688 0.666406 0.018750 0.017188
4 0.900000 0.552344 0.084375 0.064062
4 0.837500 0.591406 0.050000 0.064062
4 0.920312 0.349219 0.053125 0.067187
4 0.520312 0.975781 0.015625 0.014063
5 0.503906 0.764844 0.023438 0.023438
