5 0.600000 0.217969 0.037500 0.017188
4 0.595313 0.157031 0.021875 0.029687
4 0.646875 0.135937 0.015625 0.021875
2 0.565625 0.260156 0.025000 0.023438
5 0.599219 0.265625 0.010937 0.015625
5 0.385156 0.090625 0.082812 0.034375
2 0.444531 0.067187 0.023438 0.025000
2 0.210938 0.228906 0.006250 0.001563
2 0.230469 0.239844 0.045312 0.035937
3 0.178906 0.292969 0.104688 0.032813
5 0.652344 0.186719 0.017188 0.026562
3 0.563281 0.508594 0.026562 0.026562
1 0.551562 0.350000 0.012500 0.012500
3 0.466406 0.364063 0.014063 0.043750
3 0.417969 0.413281 0.020313 0.020313
2 0.435156 0.441406 0.026562 0.042188
