4 0.527344 0.470313 0.039062 0.037500
4 0.402344 0.519531 0.057813 0.060937
2 0.752344 0.475781 0.064062 0.064062
2 0.364844 0.425000 0.045312 0.068750
2 0.346875 0.510938 0.040625 0.040625
5 0.342969 0.607031 0.051562 0.042188
5 0.336719 0.658594 0.026562 0.079687
5 0.300781 0.891406 0.085938 0.048438
5 0.326562 0.791406 0.053125 0.048438
5 0.510938 0.971094 0.053125 0.051562
5 0.471094 0.864844 0.051562 0.082812
5 0.581250 0.703125 0.031250 0.043750
5 0.442188 0.538281 0.050000 0.057813
1 0.190625 0.479687 0.021875 0.037500
1 0.135156 0.642188 0.026562 0.046875
1 0.005469 0.654687 0.010937 0.053125
5 0.135937 0.407813 0.028125 0.034375
1 0.268750 0.814844 0.046875 0.039062
1 0.332031 0.815625 0.035937 0.059375
1 0.372656 0.763281 0.042188 0.057813
1 0.378906 0.710938 0.032813 0.062500
1 0.340625 0.556250 0.028125 0.040625
