4 0.290625 0.910156 0.050000 0.042188
1 0.283594 0.878906 0.045312 0.035937
1 0.159375 0.696094 0.053125 0.035937
1 0.391406 0.553906 0.042188 0.035937
5 0.407031 0.776563 0.070312 0.053125
1 0.485156 0.555469 0.048438 0.035937
5 0.393750 0.498437 0.050000 0.062500
5 0.425000 0.505469 0.050000 0.039062
5 0.295312 0.457813 0.053125 0.043750
1 0.328906 0.464062 0.042188 0.046875
4 0.301563 0.360156 0.090625 0.079687
5 0.475781 0.401562 0.039062 0.031250
2 0.748437 0.310156 0.043750 0.067187
5 0.185938 0.146875 0.056250 0.034375
2 0.561719 0.224219 0.045312 0.051562
2 0.681250 0.159375 0.037500 0.021875
5 0.946094 0.309375 0.017188 0.015625
