4 0.326562 0.392969 0.290625 0.345313
4 0.071875 0.614844 0.093750 0.082812
4 0.035937 0.750781 0.071875 0.070312
4 0.292969 0.689844 0.220312 0.157812
4 0.529687 0.517969 0.131250 0.104688
4 0.439063 0.538281 0.090625 0.132812
4 0.436719 0.628906 0.079687 0.067187
4 0.175781 0.168750 0.279687 0.337500
4 0.242969 0.401562 0.035937 0.046875
4 0.605469 0.440625 0.104688 0.078125
4 0.741406 0.424219 0.070312 0.082812
4 0.735156 0.308594 0.039062 0.104688
4 0.687500 0.296875 0.056250 0.090625
4 0.691406 0.135156 0.145313 0.223438
4 0.924219 0.332031 0.064062 0.070312
4 0.842187 0.303125 0.028125 0.037500
4 0.992188 0.197656 0.015625 0.101562
4 0.992969 0.264844 0.014063 0.032813
5 0.821094 0.163281 0.132812 0.182812
2 0.719531 0.150000 0.085938 0.162500
4 0.728125 0.923438 0.059375 0.050000
5 0.573438 0.963281 0.021875 0.020313
4 0.216406 0.918750 0.026562 0.025000
