2 0.485938 0.916406 0.081250 0.107813
4 0.103906 0.678906 0.035937 0.042188
3 0.050781 0.681250 0.098437 0.150000
5 0.191406 0.927344 0.042188 0.042188
4 0.142969 0.811719 0.029687 0.035937
4 0.180469 0.767969 0.039062 0.070312
4 0.120313 0.742188 0.028125 0.043750
4 0.100781 0.835156 0.017188 0.026562
4 0.114062 0.532813 0.065625 0.081250
4 0.152344 0.575781 0.051562 0.060937
4 0.114844 0.629687 0.057813 0.068750
4 0.148438 0.625781 0.034375 0.051562
4 0.254688 0.582812 0.065625 0.078125
4 0.467969 0.430469 0.014063 0.035937
4 0.372656 0.183594 0.067187 0.079687
5 0.208594 0.517969 0.035937 0.035937
4 0.157031 0.846875 0.110937 0.109375
4 0.232031 0.815625 0.014063 0.021875
4 0.042188 0.755469 0.031250 0.039062
4 0.133594 0.786719 0.026562 0.029687
