4 0.437500 0.576562 0.140625 0.112500
4 0.317969 0.263281 0.067187 0.054688
4 0.423438 0.172656 0.062500 0.032813
4 0.416406 0.361719 0.076563 0.045312
4 0.034375 0.247656 0.018750 0.014063
4 0.100781 0.103906 0.039062 0.026562
4 0.052344 0.154688 0.035937 0.021875
5 0.696094 0.935937 0.060937 0.031250
5 0.660937 0.991406 0.037500 0.017188
4 0.905469 0.497656 0.029687 0.020313
4 0.508594 0.391406 0.045312 0.017188
4 0.628906 0.467187 0.026562 0.021875
4 0.532813 0.382812 0.012500 0.015625
4 0.278906 0.428906 0.017188 0.014063
4 0.471875 0.504687 0.028125 0.018750
