4 0.337500 0.078906 0.156250 0.129688
4 0.157812 0.096094 0.171875 0.117188
4 0.092969 0.267188 0.089063 0.140625
4 0.033594 0.299219 0.067187 0.082812
4 0.164062 0.173437 0.096875 0.081250
4 0.157812 0.274219 0.050000 0.092188
4 0.218750 0.332031 0.118750 0.145313
4 0.302344 0.337500 0.085938 0.103125
4 0.263281 0.446094 0.032813 0.029687
5 0.292187 0.457813 0.100000 0.103125
4 0.365625 0.410938 0.068750 0.053125
4 0.316406 0.528906 0.110937 0.114062
4 0.254688 0.535937 0.112500 0.118750
5 0.229687 0.615625 0.059375 0.071875
4 0.279687 0.614062 0.059375 0.059375
4 0.347656 0.646094 0.089063 0.145313
5 0.377344 0.835938 0.114062 0.090625
4 0.616406 0.900000 0.104688 0.106250
4 0.533594 0.892188 0.039062 0.090625
4 0.628906 0.950000 0.104688 0.084375
5 0.686719 0.949219 0.039062 0.060937
2 0.435937 0.426563 0.034375 0.031250
4 0.591406 0.015625 0.051562 0.031250
4 0.274219 0.757031 0.120313 0.179688
5 0.528906 0.616406 0.039062 0.039062
