1 0.685937 0.700781 0.053125 0.051562
1 0.767969 0.617969 0.039062 0.048438
1 0.534375 0.740625 0.034375 0.056250
1 0.435156 0.517969 0.032813 0.039062
1 0.460156 0.109375 0.017188 0.012500
5 0.288281 0.787500 0.035937 0.050000
5 0.263281 0.683594 0.020313 0.032813
5 0.317969 0.617969 0.032813 0.032813
4 0.495312 0.735938 0.050000 0.084375
2 0.607031 0.636719 0.045312 0.039062
4 0.740625 0.683594 0.062500 0.070312
5 0.796094 0.604688 0.054688 0.043750
2 0.601562 0.328125 0.059375 0.050000
5 0.545312 0.155469 0.012500 0.010937
2 0.482031 0.084375 0.035937 0.015625
5 0.024219 0.119531 0.010937 0.014063
