4 0.650000 0.553125 0.056250 0.078125
5 0.338281 0.410938 0.082812 0.065625
5 0.255469 0.357812 0.107813 0.096875
4 0.331250 0.570312 0.090625 0.093750
4 0.274219 0.579688 0.107813 0.100000
4 0.342187 0.489063 0.096875 0.075000
4 0.180469 0.555469 0.110937 0.082812
2 0.692187 0.179688 0.065625 0.062500
5 0.628906 0.095312 0.048438 0.043750
5 0.766406 0.763281 0.223438 0.235937
5 0.028125 0.610938 0.046875 0.100000
4 0.400000 0.648438 0.056250 0.046875
4 0.412500 0.910937 0.068750 0.050000
4 0.318750 0.233594 0.050000 0.048438
5 0.067187 0.510156 0.134375 0.082812
5 0.577344 0.639062 0.060937 0.053125
