4 0.507812 0.732031 0.212500 0.235937
4 0.353906 0.931250 0.076563 0.093750
4 0.454688 0.967969 0.143750 0.064062
4 0.281250 0.652344 0.362500 0.317188
4 0.099219 0.735156 0.145313 0.173437
4 0.451562 0.476562 0.131250 0.140625
4 0.450000 0.571094 0.134375 0.120313
4 0.531250 0.571875 0.100000 0.084375
4 0.446094 0.282813 0.070312 0.087500
4 0.403125 0.389844 0.084375 0.089063
4 0.327344 0.254688 0.135937 0.131250
4 0.179688 0.250781 0.200000 0.207813
2 0.189844 0.228906 0.160938 0.132812
4 0.454688 0.100000 0.040625 0.062500
4 0.391406 0.030469 0.098437 0.054688
5 0.217188 0.149219 0.150000 0.164062
4 0.382031 0.145313 0.032813 0.031250
4 0.710938 0.836719 0.028125 0.035937
4 0.902344 0.364063 0.048438 0.056250
4 0.894531 0.512500 0.023438 0.025000
4 0.789062 0.146094 0.028125 0.032813
5 0.420312 0.100000 0.065625 0.081250
