1 0.371094 0.658594 0.017188 0.014063
1 0.391406 0.659375 0.020313 0.012500
1 0.405469 0.586719 0.023438 0.014063
1 0.463281 0.568750 0.020313 0.018750
1 0.399219 0.461719 0.023438 0.014063
1 0.378906 0.492969 0.017188 0.017188
2 0.457813 0.457813 0.031250 0.031250
5 0.369531 0.523438 0.014063 0.018750
4 0.504687 0.410156 0.043750 0.029687
1 0.534375 0.425000 0.028125 0.021875
1 0.527344 0.464844 0.032813 0.017188
1 0.541406 0.479687 0.032813 0.018750
1 0.574219 0.417187 0.035937 0.021875
1 0.632812 0.417187 0.021875 0.018750
1 0.655469 0.376563 0.039062 0.025000
5 0.603906 0.432031 0.023438 0.014063
5 0.557813 0.389062 0.028125 0.040625
5 0.536719 0.373437 0.014063 0.040625
5 0.539844 0.320312 0.032813 0.015625
5 0.455469 0.322656 0.032813 0.026562
5 0.467969 0.298438 0.020313 0.015625
2 0.444531 0.344531 0.032813 0.035937
1 0.432031 0.253125 0.020313 0.012500
5 0.528125 0.215625 0.028125 0.028125
5 0.610156 0.278906 0.026562 0.026562
1 0.627344 0.195312 0.039062 0.025000
4 0.627344 0.169531 0.051562 0.051562
2 0.598437 0.025781 0.062500 0.051562
5 0.767969 0.360938 0.067187 0.043750
5 0.790625 0.281250 0.071875 0.037500
5 0.832812 0.368750 0.071875 0.043750
5 0.957812 0.327344 0.040625 0.042188
5 0.732031 0.170313 0.026562 0.025000
2 0.814844 0.336719 0.054688 0.051562
