1 0.067969 0.453906 0.029687 0.032813
1 0.205469 0.321094 0.035937 0.045312
1 0.358594 0.475781 0.023438 0.032813
1 0.422656 0.524219 0.023438 0.039062
1 0.419531 0.429688 0.023438 0.031250
1 0.794531 0.634375 0.017188 0.028125
1 0.970313 0.823438 0.012500 0.021875
1 0.850781 0.985156 0.010937 0.007812
5 0.682031 0.901563 0.010937 0.012500
5 0.758594 0.459375 0.014063 0.028125
2 0.646875 0.735156 0.056250 0.029687
2 0.649219 0.524219 0.042188 0.035937
4 0.507812 0.349219 0.046875 0.048438
5 0.468750 0.489063 0.018750 0.018750
5 0.384375 0.399219 0.037500 0.026562
5 0.388281 0.460156 0.032813 0.029687
4 0.027344 0.450781 0.048438 0.057813
