5 0.718750 0.457031 0.087500 0.051562
4 0.380469 0.493750 0.054688 0.056250
2 0.398438 0.398438 0.071875 0.068750
2 0.440625 0.046875 0.056250 0.059375
2 0.435156 0.550000 0.057813 0.053125
2 0.367969 0.767969 0.064062 0.089063
1 0.702344 0.651563 0.048438 0.053125
1 0.599219 0.507031 0.048438 0.039062
1 0.723437 0.542188 0.056250 0.046875
1 0.725000 0.503906 0.071875 0.054688
1 0.435937 0.366406 0.043750 0.042188
1 0.488281 0.484375 0.042188 0.043750
1 0.618750 0.317188 0.050000 0.056250
1 0.675781 0.140625 0.073438 0.046875
1 0.629687 0.215625 0.056250 0.034375
5 0.550781 0.239844 0.051562 0.045312
5 0.388281 0.260156 0.035937 0.032813
