2 0.554688 0.671094 0.062500 0.067187
2 0.483594 0.417187 0.054688 0.062500
1 0.487500 0.224219 0.043750 0.070312
1 0.353906 0.396875 0.032813 0.065625
1 0.321094 0.575781 0.029687 0.035937
5 0.049219 0.520312 0.026562 0.043750
5 0.157812 0.606250 0.031250 0.031250
5 0.134375 0.571094 0.018750 0.032813
5 0.275000 0.468750 0.046875 0.028125
4 0.306250 0.304688 0.050000 0.096875
2 0.496094 0.980469 0.042188 0.023438
1 0.477344 0.961719 0.017188 0.010937
5 0.546875 0.879687 0.021875 0.015625
5 0.671094 0.393750 0.067187 0.040625
5 0.681250 0.323437 0.071875 0.056250
1 0.658594 0.307812 0.048438 0.059375
4 0.608594 0.222656 0.070312 0.067187
