4 0.625781 0.308594 0.342187 0.292187
4 0.426563 0.053125 0.081250 0.093750
4 0.296875 0.023438 0.068750 0.046875
4 0.342969 0.260937 0.160938 0.218750
4 0.496094 0.494531 0.104688 0.129688
4 0.479687 0.408594 0.131250 0.092188
4 0.392969 0.401562 0.067187 0.078125
4 0.839063 0.174219 0.321875 0.282813
4 0.620313 0.227344 0.046875 0.035937
4 0.564844 0.571875 0.079687 0.103125
4 0.574219 0.703125 0.082812 0.071875
4 0.685156 0.702344 0.101562 0.042188
4 0.699219 0.657813 0.089063 0.056250
4 0.853906 0.670312 0.220312 0.150000
4 0.653125 0.882812 0.068750 0.065625
4 0.684375 0.805469 0.037500 0.029687
4 0.776563 0.971875 0.103125 0.056250
4 0.713281 0.960938 0.032813 0.034375
5 0.821094 0.792188 0.179688 0.134375
2 0.838281 0.696094 0.157812 0.089063
4 0.097656 0.664844 0.051562 0.057813
5 0.067969 0.516406 0.020313 0.020313
4 0.128125 0.176563 0.025000 0.028125
