4 0.468750 0.322656 0.081250 0.164062
4 0.593750 0.359375 0.090625 0.134375
4 0.541406 0.305469 0.060937 0.098437
4 0.525000 0.267188 0.059375 0.100000
4 0.702344 0.525000 0.089063 0.084375
4 0.907813 0.440625 0.103125 0.093750
4 0.955469 0.683594 0.070312 0.073438
4 0.482031 0.574219 0.023438 0.026562
2 0.500781 0.596094 0.014063 0.023438
4 0.528906 0.513281 0.029687 0.039062
4 0.568750 0.550000 0.059375 0.056250
4 0.353125 0.494531 0.043750 0.095312
4 0.371094 0.421094 0.026562 0.026562
5 0.383594 0.450781 0.014063 0.017188
4 0.562500 0.842969 0.050000 0.073438
4 0.514844 0.792188 0.054688 0.037500
4 0.750000 0.829688 0.059375 0.040625
5 0.226562 0.950781 0.018750 0.020313
4 0.109375 0.560937 0.012500 0.012500
5 0.300781 0.514062 0.017188 0.018750
