2 0.675781 0.386719 0.042188 0.048438
2 0.544531 0.417187 0.035937 0.037500
2 0.721094 0.784375 0.060937 0.056250
5 0.648438 0.517969 0.043750 0.032813
5 0.666406 0.498437 0.042188 0.018750
5 0.710156 0.747656 0.054688 0.070312
5 0.710938 0.817187 0.043750 0.068750
5 0.801562 0.757812 0.043750 0.068750
5 0.724219 0.488281 0.020313 0.035937
5 0.822656 0.458594 0.029687 0.029687
5 0.906250 0.653906 0.031250 0.035937
5 0.766406 0.531250 0.032813 0.037500
5 0.730469 0.415625 0.017188 0.021875
5 0.700000 0.405469 0.031250 0.039062
5 0.465625 0.323437 0.018750 0.018750
5 0.498437 0.331250 0.018750 0.018750
2 0.353125 0.203906 0.018750 0.014063
1 0.319531 0.344531 0.017188 0.023438
1 0.321094 0.371094 0.014063 0.020313
1 0.400781 0.368750 0.017188 0.025000
1 0.430469 0.435156 0.023438 0.026562
1 0.533594 0.346875 0.017188 0.021875
1 0.553906 0.503906 0.020313 0.029687
1 0.539844 0.517188 0.023438 0.031250
1 0.605469 0.501563 0.023438 0.031250
1 0.617969 0.537500 0.026562 0.040625
1 0.678906 0.625000 0.032813 0.046875
1 0.623437 0.604688 0.025000 0.031250
1 0.769531 0.344531 0.017188 0.023438
1 0.860156 0.541406 0.035937 0.045312
5 0.603906 0.568750 0.023438 0.031250
4 0.610938 0.471875 0.040625 0.053125
4 0.889844 0.542969 0.057813 0.057813
5 0.760156 0.946094 0.045312 0.026562
