5 0.134375 0.439063 0.096875 0.093750
5 0.236719 0.429688 0.101562 0.053125
5 0.496875 0.292187 0.056250 0.046875
5 0.668750 0.386719 0.037500 0.032813
5 0.280469 0.695312 0.057813 0.050000
1 0.353125 0.528125 0.062500 0.037500
1 0.201563 0.616406 0.050000 0.057813
1 0.197656 0.501563 0.054688 0.046875
1 0.217188 0.469531 0.081250 0.054688
1 0.401562 0.324219 0.050000 0.054688
1 0.436719 0.229687 0.054688 0.037500
1 0.415625 0.142187 0.068750 0.050000
1 0.583594 0.464062 0.048438 0.037500
1 0.468750 0.553906 0.046875 0.045312
2 0.479687 0.867969 0.075000 0.098437
2 0.608594 0.513281 0.079687 0.073438
2 0.492188 0.621094 0.050000 0.051562
2 0.698438 0.167187 0.053125 0.056250
4 0.572656 0.607812 0.057813 0.062500
