2 0.649219 0.515625 0.064062 0.059375
2 0.403906 0.529687 0.060937 0.053125
1 0.234375 0.591406 0.065625 0.042188
1 0.346094 0.421094 0.060937 0.032813
1 0.493750 0.338281 0.034375 0.029687
5 0.362500 0.114844 0.040625 0.026562
5 0.472656 0.185156 0.032813 0.029687
5 0.433594 0.174219 0.029687 0.017188
5 0.386719 0.329688 0.029687 0.043750
4 0.250000 0.407813 0.090625 0.050000
2 0.904687 0.371094 0.021875 0.039062
1 0.881250 0.358594 0.012500 0.017188
5 0.831250 0.446094 0.015625 0.020313
5 0.439844 0.702344 0.042188 0.064062
5 0.380469 0.733594 0.054688 0.070312
1 0.360938 0.717187 0.056250 0.046875
4 0.270313 0.699219 0.065625 0.067187
