1 0.662500 0.507812 0.031250 0.028125
5 0.750000 0.458594 0.043750 0.026562
5 0.745313 0.427344 0.028125 0.023438
5 0.648438 0.387500 0.034375 0.037500
4 0.461719 0.371875 0.026562 0.021875
3 0.447656 0.485156 0.039062 0.048438
5 0.574219 0.535937 0.042188 0.040625
3 0.573438 0.476562 0.028125 0.021875
3 0.650000 0.534375 0.065625 0.065625
3 0.414062 0.737500 0.037500 0.028125
3 0.341406 0.548438 0.039062 0.031250
2 0.521875 0.649219 0.050000 0.073438
2 0.639844 0.574219 0.051562 0.051562
2 0.653125 0.633594 0.046875 0.042188
2 0.843750 0.603906 0.037500 0.032813
3 0.511719 0.545312 0.039062 0.037500
4 0.387500 0.561719 0.050000 0.064062
1 0.189844 0.500781 0.017188 0.023438
