5 0.709375 0.403906 0.043750 0.042188
5 0.479687 0.523438 0.037500 0.037500
5 0.498437 0.510156 0.043750 0.051562
1 0.508594 0.496094 0.035937 0.045312
1 0.795312 0.487500 0.031250 0.031250
1 0.717969 0.712500 0.039062 0.043750
4 0.834375 0.478906 0.053125 0.057813
5 0.507812 0.608594 0.046875 0.039062
4 0.380469 0.684375 0.070312 0.081250
1 0.451562 0.585938 0.031250 0.037500
1 0.409375 0.477344 0.034375 0.045312
5 0.389844 0.507031 0.026562 0.032813
2 0.173437 0.504687 0.053125 0.043750
5 0.036719 0.603125 0.032813 0.031250
2 0.152344 0.301563 0.070312 0.040625
