2 0.442969 0.767188 0.035937 0.059375
3 0.785937 0.055469 0.075000 0.035937
3 0.929688 0.102344 0.028125 0.032813
4 0.842187 0.164844 0.056250 0.042188
4 0.825781 0.000781 0.039062 0.001563
4 0.842969 0.913281 0.114062 0.123438
4 0.750000 0.796094 0.106250 0.148438
4 0.550781 0.611719 0.060937 0.039062
4 0.348438 0.677344 0.096875 0.070312
4 0.542969 0.803125 0.057813 0.059375
4 0.459375 0.743750 0.037500 0.031250
2 0.232031 0.841406 0.067187 0.054688
2 0.379688 0.620313 0.050000 0.028125
4 0.542969 0.936719 0.098437 0.114062
5 0.304688 0.396875 0.031250 0.040625
4 0.401562 0.310937 0.031250 0.028125
5 0.092188 0.504687 0.050000 0.028125
4 0.515625 0.003125 0.021875 0.006250
4 0.543750 0.742969 0.025000 0.020313
4 0.101562 0.931250 0.028125 0.025000
4 0.270313 0.735156 0.021875 0.032813
4 0.289062 0.632812 0.025000 0.028125
4 0.406250 0.742969 0.050000 0.048438
