1 0.768750 0.745313 0.031250 0.046875
3 0.420312 0.710156 0.075000 0.067187
3 0.328125 0.645312 0.065625 0.050000
3 0.564063 0.460156 0.081250 0.076563
3 0.566406 0.764844 0.029687 0.026562
3 0.739844 0.594531 0.045312 0.082812
3 0.807813 0.504687 0.084375 0.056250
2 0.498437 0.513281 0.053125 0.060937
2 0.869531 0.575781 0.076563 0.067187
2 0.982812 0.221875 0.034375 0.100000
5 0.603125 0.612500 0.040625 0.050000
4 0.596094 0.795312 0.054688 0.056250
4 0.723437 0.941406 0.028125 0.020313
4 0.512500 0.961719 0.025000 0.023438
