4 0.568750 0.096094 0.087500 0.114062
4 0.532813 0.325000 0.153125 0.190625
4 0.747656 0.353125 0.292187 0.240625
4 0.911719 0.223438 0.176563 0.203125
5 0.785937 0.256250 0.037500 0.028125
5 0.659375 0.142187 0.062500 0.075000
4 0.625781 0.532031 0.092188 0.126562
4 0.613281 0.456250 0.117188 0.084375
4 0.532031 0.463281 0.079687 0.060937
4 0.689844 0.608594 0.060937 0.067187
4 0.642969 0.721094 0.079687 0.064062
4 0.791406 0.716406 0.073438 0.048438
4 0.911719 0.711719 0.173437 0.151562
2 0.907031 0.726562 0.145313 0.087500
5 0.884375 0.848437 0.159375 0.137500
4 0.725000 0.851562 0.031250 0.028125
4 0.641406 0.904687 0.042188 0.062500
4 0.718750 0.982812 0.103125 0.034375
5 0.686719 0.907813 0.060937 0.065625
4 0.760156 0.763281 0.095312 0.042188
5 0.595313 0.852344 0.012500 0.020313
4 0.153906 0.714063 0.039062 0.056250
5 0.165625 0.565625 0.015625 0.021875
