4 0.569531 0.792188 0.092188 0.228125
4 0.367969 0.647656 0.079687 0.079687
5 0.332031 0.580469 0.014063 0.020313
5 0.101562 0.570312 0.096875 0.046875
5 0.034375 0.855469 0.068750 0.064062
5 0.190625 0.551562 0.037500 0.037500
4 0.541406 0.642969 0.023438 0.039062
4 0.591406 0.536719 0.020313 0.039062
5 0.578125 0.510938 0.025000 0.028125
4 0.557813 0.420312 0.056250 0.106250
4 0.434375 0.391406 0.106250 0.148438
4 0.415625 0.297656 0.046875 0.039062
5 0.441406 0.263281 0.054688 0.070312
5 0.567187 0.305469 0.025000 0.035937
4 0.225781 0.267188 0.060937 0.078125
4 0.224219 0.184375 0.060937 0.081250
5 0.061719 0.283594 0.057813 0.067187
4 0.121094 0.040625 0.070312 0.081250
4 0.168750 0.413281 0.081250 0.092188
4 0.010156 0.435937 0.017188 0.050000
