5 0.763281 0.693750 0.064062 0.053125
5 0.863281 0.084375 0.051562 0.053125
5 0.141406 0.013281 0.064062 0.026562
5 0.215625 0.646875 0.031250 0.031250
4 0.439844 0.600000 0.045312 0.100000
1 0.371094 0.767188 0.029687 0.050000
1 0.529687 0.520312 0.043750 0.075000
1 0.673438 0.531250 0.043750 0.078125
1 0.711719 0.678906 0.032813 0.051562
4 0.721094 0.607031 0.079687 0.076563
2 0.514062 0.658594 0.056250 0.057813
5 0.284375 0.478125 0.034375 0.062500
5 0.252344 0.690625 0.035937 0.031250
1 0.553906 0.283594 0.039062 0.051562
