4 0.644531 0.406250 0.042188 0.068750
5 0.378125 0.589063 0.071875 0.050000
5 0.311719 0.653125 0.089063 0.078125
4 0.344531 0.442969 0.073438 0.079687
4 0.291406 0.442969 0.089063 0.079687
4 0.369531 0.517188 0.082812 0.056250
4 0.208594 0.482031 0.095312 0.064062
2 0.744531 0.744531 0.054688 0.051562
5 0.700000 0.834375 0.040625 0.034375
5 0.718750 0.192969 0.178125 0.195312
5 0.036719 0.453906 0.073438 0.092188
4 0.396875 0.358594 0.046875 0.035937
4 0.366406 0.114844 0.057813 0.039062
4 0.389062 0.757812 0.040625 0.037500
5 0.111719 0.541406 0.120313 0.057813
5 0.562500 0.338281 0.050000 0.042188
