5 0.168750 0.053125 0.025000 0.031250
2 0.195312 0.112500 0.081250 0.037500
4 0.271094 0.466406 0.073438 0.064062
5 0.247656 0.494531 0.057813 0.023438
1 0.435937 0.285938 0.034375 0.050000
1 0.495312 0.289062 0.037500 0.037500
4 0.561719 0.419531 0.054688 0.070312
5 0.714844 0.071875 0.023438 0.018750
2 0.739844 0.078125 0.032813 0.018750
1 0.772656 0.075000 0.026562 0.021875
1 0.791406 0.079687 0.020313 0.021875
1 0.810156 0.097656 0.020313 0.023438
5 0.840625 0.094531 0.040625 0.035937
5 0.798438 0.185938 0.015625 0.025000
1 0.703906 0.314063 0.026562 0.037500
1 0.924219 0.347656 0.023438 0.042188
5 0.885156 0.528125 0.045312 0.050000
5 0.929688 0.564063 0.034375 0.075000
5 0.807031 0.689063 0.042188 0.090625
5 0.764062 0.828125 0.059375 0.087500
5 0.615625 0.504687 0.040625 0.071875
1 0.594531 0.467969 0.023438 0.032813
5 0.412500 0.965625 0.084375 0.065625
5 0.503125 0.992969 0.059375 0.014063
