4 0.815625 0.300000 0.353125 0.315625
4 0.579688 0.238281 0.209375 0.242188
4 0.620313 0.005469 0.109375 0.010937
4 0.717187 0.031250 0.081250 0.062500
4 0.641406 0.485938 0.142187 0.143750
4 0.569531 0.385937 0.095312 0.078125
4 0.876563 0.211719 0.059375 0.032813
4 0.950000 0.233594 0.043750 0.070312
4 0.690625 0.560156 0.065625 0.082812
4 0.662500 0.714063 0.062500 0.081250
2 0.928906 0.730469 0.142187 0.126562
4 0.925781 0.698438 0.148438 0.200000
4 0.797656 0.675000 0.092188 0.071875
4 0.775000 0.719531 0.106250 0.064062
4 0.735156 0.825781 0.035937 0.029687
5 0.910156 0.807813 0.179688 0.171875
4 0.180469 0.644531 0.048438 0.057813
4 0.193750 0.483594 0.018750 0.026562
4 0.317188 0.877344 0.028125 0.032813
4 0.371875 0.131250 0.028125 0.034375
5 0.387500 0.017969 0.046875 0.020313
4 0.677344 0.909375 0.039062 0.068750
5 0.721094 0.894531 0.067187 0.085938
