4 0.594531 0.739062 0.195312 0.237500
4 0.632812 0.841406 0.025000 0.042188
4 0.578125 0.803906 0.078125 0.098437
4 0.545312 0.869531 0.028125 0.054688
4 0.530469 0.983594 0.039062 0.032813
5 0.967969 0.906250 0.014063 0.062500
4 0.921875 0.757031 0.131250 0.114062
4 0.710156 0.556250 0.110937 0.159375
4 0.959375 0.285938 0.081250 0.103125
4 0.611719 0.439844 0.120313 0.117188
4 0.585938 0.570312 0.090625 0.103125
4 0.646094 0.129688 0.057813 0.068750
4 0.421875 0.087500 0.046875 0.103125
5 0.428906 0.386719 0.032813 0.026562
5 0.478125 0.354687 0.053125 0.062500
5 0.987500 0.208594 0.025000 0.098437
4 0.772656 0.960938 0.051562 0.068750
4 0.861719 0.903125 0.101562 0.121875
4 0.729688 0.701562 0.062500 0.146875
4 0.710156 0.822656 0.070312 0.114062
4 0.509375 0.964063 0.050000 0.065625
4 0.346094 0.577344 0.076563 0.120313
4 0.432031 0.903906 0.089063 0.126562
4 0.586719 0.975781 0.032813 0.048438
4 0.439063 0.522656 0.046875 0.098437
4 0.801562 0.747656 0.081250 0.057813
4 0.519531 0.426563 0.101562 0.112500
4 0.339062 0.473438 0.046875 0.046875
4 0.341406 0.326562 0.023438 0.050000
4 0.392969 0.508594 0.035937 0.064062
4 0.467187 0.705469 0.084375 0.123438
4 0.360156 0.688281 0.070312 0.107813
4 0.528906 0.288281 0.023438 0.032813
4 0.360938 0.421094 0.018750 0.029687
4 0.526563 0.297656 0.112500 0.117188
4 0.494531 0.177344 0.107813 0.160938
4 0.432031 0.336719 0.073438 0.089063
