5 0.870313 0.243750 0.012500 0.012500
5 0.819531 0.224219 0.010937 0.007812
1 0.944531 0.225781 0.007812 0.010937
5 0.780469 0.363281 0.014063 0.014063
1 0.715625 0.392969 0.012500 0.017188
1 0.689063 0.354687 0.015625 0.015625
2 0.649219 0.239844 0.023438 0.010937
5 0.742969 0.393750 0.014063 0.012500
5 0.735938 0.738281 0.018750 0.023438
1 0.638281 0.587500 0.017188 0.021875
2 0.456250 0.567969 0.056250 0.045312
1 0.364063 0.860156 0.040625 0.039062
5 0.373437 0.871875 0.034375 0.021875
5 0.287500 0.957812 0.053125 0.062500
1 0.257031 0.927344 0.042188 0.051562
1 0.354687 0.980469 0.037500 0.039062
4 0.449219 0.971875 0.073438 0.056250
2 0.540625 0.781250 0.043750 0.037500
5 0.401562 0.392969 0.015625 0.017188
1 0.557813 0.279687 0.009375 0.012500
