4 0.608594 0.673438 0.345313 0.290625
4 0.386719 0.929688 0.082812 0.093750
4 0.249219 0.964063 0.070312 0.071875
4 0.310156 0.707031 0.157812 0.220312
4 0.482031 0.471875 0.104688 0.131250
4 0.461719 0.562500 0.132812 0.090625
4 0.371094 0.564844 0.067187 0.079687
4 0.831250 0.824219 0.337500 0.279687
4 0.598437 0.757031 0.046875 0.035937
4 0.559375 0.394531 0.078125 0.104688
4 0.577344 0.258594 0.082812 0.070312
4 0.691406 0.266406 0.104688 0.039062
4 0.704688 0.312500 0.090625 0.056250
4 0.866406 0.308594 0.223438 0.145313
4 0.667969 0.075781 0.070312 0.064062
4 0.696875 0.157812 0.037500 0.028125
4 0.802344 0.007812 0.101562 0.015625
4 0.735156 0.007031 0.032813 0.014063
5 0.838281 0.178906 0.182812 0.132812
2 0.851562 0.280469 0.162500 0.085938
4 0.078125 0.271875 0.050000 0.059375
5 0.038281 0.426563 0.020313 0.021875
4 0.082812 0.783594 0.025000 0.026562
