5 0.633594 0.492969 0.017188 0.023438
5 0.534375 0.512500 0.025000 0.028125
5 0.446875 0.473438 0.025000 0.031250
5 0.368750 0.573438 0.018750 0.034375
5 0.283594 0.537500 0.032813 0.046875
5 0.242188 0.560156 0.037500 0.073438
5 0.293750 0.485156 0.037500 0.067187
5 0.315625 0.507812 0.046875 0.034375
5 0.352344 0.610938 0.026562 0.025000
5 0.587500 0.028906 0.021875 0.014063
1 0.573438 0.066406 0.018750 0.023438
1 0.603125 0.059375 0.025000 0.015625
2 0.615625 0.134375 0.018750 0.037500
5 0.514062 0.173437 0.025000 0.015625
1 0.512500 0.217188 0.025000 0.025000
1 0.526563 0.245312 0.021875 0.028125
5 0.534375 0.277344 0.031250 0.039062
1 0.517969 0.307812 0.035937 0.018750
1 0.428125 0.329688 0.034375 0.021875
4 0.539844 0.236719 0.029687 0.026562
1 0.543750 0.421094 0.021875 0.029687
1 0.562500 0.416406 0.021875 0.026562
1 0.703125 0.470313 0.015625 0.015625
4 0.404687 0.650000 0.028125 0.043750
2 0.513281 0.640625 0.039062 0.043750
2 0.504687 0.760938 0.040625 0.059375
5 0.503125 0.682031 0.018750 0.020313
1 0.629687 0.648438 0.018750 0.018750
5 0.018750 0.567187 0.037500 0.046875
