5 0.149219 0.071875 0.032813 0.025000
2 0.203125 0.114844 0.040625 0.085938
4 0.544531 0.282813 0.067187 0.078125
5 0.578906 0.266406 0.026562 0.060937
1 0.318750 0.405469 0.053125 0.035937
1 0.307031 0.467969 0.039062 0.039062
4 0.422656 0.568750 0.073438 0.056250
5 0.030469 0.635156 0.020313 0.023438
2 0.029687 0.662500 0.018750 0.034375
1 0.018750 0.695312 0.021875 0.028125
1 0.017969 0.715625 0.023438 0.021875
1 0.030469 0.739844 0.023438 0.020313
5 0.021875 0.768750 0.037500 0.040625
5 0.127344 0.749219 0.026562 0.017188
1 0.280469 0.684375 0.039062 0.028125
1 0.257031 0.917969 0.045312 0.026562
5 0.452344 0.926562 0.051562 0.046875
5 0.477344 0.979688 0.079687 0.037500
5 0.635938 0.885938 0.096875 0.043750
5 0.789844 0.878125 0.092188 0.062500
5 0.496875 0.644531 0.075000 0.042188
1 0.464062 0.613281 0.037500 0.026562
