2 0.440625 0.351562 0.059375 0.062500
2 0.505469 0.596094 0.051562 0.060937
1 0.497656 0.781250 0.042188 0.065625
1 0.629687 0.618750 0.031250 0.062500
1 0.664062 0.448437 0.028125 0.034375
5 0.924219 0.504687 0.026562 0.043750
5 0.821875 0.420312 0.028125 0.031250
5 0.843750 0.454688 0.015625 0.031250
5 0.706250 0.550781 0.043750 0.026562
4 0.674219 0.707031 0.048438 0.092188
2 0.501563 0.057031 0.040625 0.020313
1 0.521094 0.075781 0.017188 0.010937
5 0.452344 0.152344 0.020313 0.014063
5 0.324219 0.616406 0.064062 0.039062
5 0.313281 0.683594 0.067187 0.051562
1 0.335156 0.699219 0.045312 0.057813
4 0.382812 0.782031 0.065625 0.064062
