5 0.880469 0.068750 0.023438 0.028125
2 0.844531 0.124219 0.082812 0.032813
4 0.708594 0.474219 0.070312 0.060937
5 0.728125 0.506250 0.056250 0.018750
1 0.568750 0.263281 0.031250 0.048438
1 0.508594 0.257031 0.035937 0.035937
4 0.417969 0.378125 0.048438 0.068750
5 0.320312 0.003906 0.021875 0.007812
2 0.292187 0.004687 0.031250 0.009375
1 0.259375 0.001563 0.025000 0.003125
1 0.239063 0.002344 0.018750 0.004687
1 0.217188 0.010156 0.018750 0.020313
5 0.186719 0.009375 0.039062 0.018750
5 0.217188 0.103125 0.015625 0.025000
1 0.292187 0.249219 0.025000 0.035937
1 0.060937 0.246875 0.021875 0.043750
5 0.071094 0.438281 0.042188 0.048438
5 0.020313 0.467969 0.031250 0.076563
5 0.126562 0.613281 0.034375 0.092188
5 0.146094 0.763281 0.054688 0.085938
5 0.351562 0.458594 0.037500 0.073438
1 0.377344 0.423438 0.023438 0.034375
5 0.482812 0.964844 0.084375 0.070312
5 0.386719 0.982812 0.060937 0.028125
