5 0.104688 0.926562 0.021875 0.028125
2 0.139063 0.868750 0.081250 0.031250
4 0.255469 0.512500 0.070312 0.059375
5 0.234375 0.481250 0.056250 0.018750
1 0.406250 0.715625 0.031250 0.046875
1 0.467187 0.718750 0.034375 0.034375
4 0.549219 0.592187 0.048438 0.068750
5 0.668750 0.964063 0.021875 0.015625
2 0.695312 0.962500 0.031250 0.015625
1 0.728125 0.968750 0.025000 0.018750
1 0.748437 0.966406 0.018750 0.020313
1 0.770312 0.950000 0.018750 0.021875
5 0.800000 0.955469 0.037500 0.032813
5 0.766406 0.856250 0.014063 0.025000
1 0.683594 0.715625 0.023438 0.034375
1 0.994531 0.798438 0.010937 0.031250
1 0.913281 0.706250 0.020313 0.043750
5 0.892969 0.514062 0.042188 0.046875
5 0.942969 0.482812 0.029687 0.075000
5 0.830469 0.342187 0.032813 0.090625
5 0.801562 0.192969 0.053125 0.085938
5 0.613281 0.509375 0.035937 0.071875
1 0.587500 0.545312 0.021875 0.034375
5 0.454688 0.021875 0.081250 0.043750
