4 0.714063 0.781250 0.165625 0.103125
4 0.630469 0.960156 0.070312 0.070312
4 0.678125 0.863281 0.037500 0.082812
4 0.822656 0.645312 0.110937 0.084375
4 0.935156 0.634375 0.060937 0.062500
4 0.556250 0.504687 0.062500 0.046875
4 0.609375 0.400781 0.075000 0.045312
4 0.878125 0.321094 0.043750 0.026562
4 0.868750 0.149219 0.071875 0.048438
5 0.203125 0.621875 0.046875 0.059375
4 0.000781 0.444531 0.001563 0.042188
4 0.186719 0.062500 0.107813 0.031250
4 0.495312 0.521094 0.065625 0.082812
5 0.670312 0.282813 0.050000 0.040625
