1 0.957812 0.859375 0.006250 0.018750
1 0.812500 0.655469 0.025000 0.035937
2 0.744531 0.557031 0.048438 0.042188
2 0.670312 0.735156 0.065625 0.032813
5 0.564063 0.467187 0.031250 0.034375
4 0.582031 0.317969 0.073438 0.076563
5 0.454688 0.404687 0.053125 0.037500
5 0.452344 0.434375 0.035937 0.043750
1 0.414844 0.489063 0.032813 0.037500
1 0.480469 0.353906 0.042188 0.039062
1 0.400781 0.413281 0.032813 0.045312
5 0.478906 0.322656 0.039062 0.042188
1 0.250000 0.221875 0.031250 0.050000
1 0.073438 0.378125 0.031250 0.043750
4 0.044531 0.384375 0.039062 0.050000
5 0.685156 0.935937 0.010937 0.012500
5 0.780469 0.198437 0.029687 0.050000
