4 0.212500 0.708594 0.131250 0.120313
4 0.126562 0.601562 0.100000 0.109375
4 0.039062 0.558594 0.078125 0.051562
4 0.321875 0.436719 0.131250 0.101562
4 0.483594 0.681250 0.073438 0.065625
4 0.562500 0.883594 0.103125 0.057813
4 0.206250 0.786719 0.087500 0.082812
5 0.280469 0.823438 0.073438 0.056250
4 0.107813 0.847656 0.084375 0.060937
4 0.178125 0.939063 0.046875 0.034375
4 0.226562 0.925000 0.028125 0.025000
5 0.268750 0.870313 0.031250 0.031250
4 0.355469 0.948438 0.042188 0.037500
4 0.060156 0.667188 0.060937 0.031250
5 0.019531 0.600000 0.023438 0.031250
5 0.289844 0.321094 0.104688 0.089063
4 0.096875 0.938281 0.078125 0.079687
4 0.157812 0.882812 0.109375 0.059375
4 0.235156 0.832812 0.054688 0.046875
4 0.336719 0.803125 0.114062 0.084375
4 0.335938 0.785156 0.034375 0.029687
5 0.232031 0.997656 0.032813 0.004687
4 0.459375 0.803125 0.153125 0.090625
4 0.108594 0.725000 0.101562 0.090625
