4 0.276562 0.592187 0.240625 0.203125
4 0.177344 0.618750 0.042188 0.028125
4 0.217188 0.569531 0.100000 0.082812
4 0.156250 0.534375 0.053125 0.031250
4 0.038281 0.509375 0.054688 0.043750
5 0.086719 0.933594 0.060937 0.023438
4 0.232031 0.902344 0.117188 0.135937
4 0.440625 0.715625 0.159375 0.115625
4 0.673438 0.967187 0.106250 0.065625
4 0.559375 0.632812 0.121875 0.121875
4 0.438281 0.597656 0.101562 0.092188
4 0.850781 0.690625 0.070312 0.059375
4 0.910156 0.480469 0.101562 0.051562
5 0.625781 0.463281 0.029687 0.032813
5 0.651563 0.511719 0.062500 0.054688
4 0.050000 0.742969 0.068750 0.054688
4 0.098437 0.830469 0.121875 0.104688
4 0.300781 0.722656 0.142187 0.070312
4 0.188281 0.693750 0.114062 0.075000
4 0.068750 0.492188 0.065625 0.053125
4 0.011719 0.493750 0.023438 0.037500
4 0.450781 0.369531 0.120313 0.082812
4 0.133594 0.422656 0.126562 0.095312
4 0.039844 0.564844 0.073438 0.039062
4 0.496094 0.460938 0.095312 0.053125
5 0.005469 0.823438 0.010937 0.043750
4 0.250781 0.787500 0.060937 0.081250
4 0.578906 0.545312 0.114062 0.103125
4 0.550781 0.370312 0.048438 0.050000
4 0.689063 0.385156 0.050000 0.026562
4 0.512500 0.418750 0.062500 0.037500
4 0.318750 0.472656 0.121875 0.089063
4 0.343750 0.371875 0.106250 0.075000
4 0.710156 0.566406 0.032813 0.026562
4 0.597656 0.394531 0.029687 0.020313
4 0.702344 0.564063 0.117188 0.115625
4 0.818750 0.541406 0.159375 0.114062
4 0.673438 0.471094 0.090625 0.076563
