4 0.396094 0.456250 0.110937 0.134375
4 0.689844 0.362500 0.051562 0.062500
4 0.767969 0.462500 0.032813 0.056250
4 0.593750 0.446875 0.043750 0.071875
4 0.758594 0.079687 0.026562 0.025000
4 0.760156 0.050000 0.023438 0.031250
4 0.726562 0.042188 0.028125 0.028125
4 0.717969 0.102344 0.014063 0.017188
4 0.847656 0.170313 0.026562 0.037500
4 0.804688 0.116406 0.025000 0.048438
4 0.841406 0.085156 0.023438 0.035937
4 0.840625 0.053906 0.031250 0.017188
5 0.053125 0.676562 0.031250 0.056250
5 0.006250 0.640625 0.012500 0.037500
4 0.444531 0.890625 0.020313 0.028125
4 0.563281 0.532031 0.017188 0.042188
4 0.486719 0.639062 0.020313 0.025000
4 0.569531 0.553906 0.014063 0.010937
4 0.540625 0.319531 0.012500 0.014063
4 0.460156 0.491406 0.017188 0.026562
