4 0.361719 0.712500 0.182812 0.228125
4 0.317188 0.812500 0.021875 0.040625
4 0.374219 0.778906 0.073438 0.095312
4 0.403906 0.845313 0.026562 0.053125
4 0.413281 0.971875 0.039062 0.053125
4 0.050000 0.713281 0.093750 0.107813
4 0.256250 0.524219 0.103125 0.154688
4 0.028906 0.241406 0.057813 0.098437
4 0.360156 0.411719 0.114062 0.110937
4 0.378906 0.544531 0.085938 0.098437
4 0.341406 0.100781 0.054688 0.067187
4 0.567969 0.070312 0.042188 0.100000
5 0.545312 0.368750 0.031250 0.025000
5 0.498437 0.335156 0.050000 0.060937
5 0.003125 0.161719 0.006250 0.095312
4 0.171094 0.924219 0.048438 0.067187
4 0.086719 0.863281 0.095312 0.117188
4 0.229687 0.667969 0.056250 0.145313
4 0.241406 0.789844 0.064062 0.110937
4 0.434375 0.942969 0.046875 0.064062
4 0.422656 0.996094 0.035937 0.007812
4 0.616406 0.564844 0.070312 0.117188
4 0.516406 0.885156 0.082812 0.123438
4 0.353906 0.961719 0.032813 0.073438
4 0.527344 0.503906 0.042188 0.095312
5 0.078125 0.976562 0.040625 0.043750
4 0.155469 0.710156 0.079687 0.054688
4 0.452344 0.405469 0.095312 0.107813
4 0.629687 0.460938 0.043750 0.043750
4 0.635938 0.314844 0.021875 0.048438
4 0.574219 0.492188 0.032813 0.062500
4 0.490625 0.686719 0.078125 0.120313
4 0.599219 0.674219 0.064062 0.104688
4 0.450000 0.265625 0.021875 0.031250
4 0.611719 0.407813 0.017188 0.028125
4 0.451562 0.274219 0.106250 0.110937
4 0.490625 0.156250 0.100000 0.156250
4 0.543750 0.319531 0.068750 0.085938
