4 0.937500 0.333594 0.121875 0.142187
4 0.678906 0.338281 0.107813 0.117188
4 0.839063 0.192969 0.084375 0.029687
4 0.758594 0.225781 0.076563 0.104688
4 0.517188 0.021094 0.075000 0.042188
4 0.976562 0.018750 0.031250 0.037500
4 0.713281 0.601562 0.045312 0.037500
4 0.784375 0.496094 0.068750 0.045312
4 0.671094 0.425781 0.110937 0.076563
4 0.854688 0.585156 0.084375 0.064062
4 0.803906 0.319531 0.135937 0.132812
4 0.933594 0.189844 0.123438 0.064062
5 0.917188 0.232813 0.034375 0.025000
5 0.978906 0.107813 0.029687 0.078125
5 0.596094 0.482812 0.057813 0.037500
5 0.628125 0.529687 0.025000 0.031250
4 0.359375 0.355469 0.062500 0.054688
4 0.906250 0.418750 0.037500 0.021875
4 0.570312 0.626563 0.046875 0.021875
4 0.335156 0.578906 0.098437 0.051562
4 0.675000 0.494531 0.084375 0.039062
4 0.525000 0.439063 0.028125 0.018750
4 0.663281 0.595313 0.026562 0.015625
4 0.407031 0.493750 0.148438 0.084375
4 0.531250 0.460156 0.109375 0.070312
4 0.574219 0.530469 0.092188 0.070312
4 0.720313 0.535156 0.062500 0.051562
4 0.654687 0.534375 0.040625 0.025000
4 0.950000 0.459375 0.100000 0.103125
5 0.985156 0.053125 0.014063 0.025000
