5 0.397656 0.792188 0.035937 0.021875
4 0.407031 0.846094 0.023438 0.029687
4 0.365625 0.871094 0.015625 0.020313
2 0.423438 0.750781 0.025000 0.023438
5 0.392188 0.749219 0.012500 0.017188
5 0.603125 0.883594 0.075000 0.039062
2 0.552344 0.909375 0.023438 0.025000
2 0.742969 0.740625 0.004687 0.003125
2 0.725000 0.732812 0.043750 0.037500
3 0.764844 0.678125 0.095312 0.040625
5 0.352344 0.825000 0.017188 0.025000
3 0.397656 0.529687 0.026562 0.025000
1 0.425781 0.668750 0.014063 0.012500
3 0.500000 0.646875 0.018750 0.040625
3 0.537500 0.597656 0.021875 0.020313
2 0.518750 0.573438 0.028125 0.040625
2 0.973437 0.878125 0.053125 0.071875
