4 0.256250 0.679688 0.090625 0.156250
4 0.071094 0.588281 0.095312 0.064062
4 0.178125 0.640625 0.081250 0.031250
4 0.381250 0.796875 0.075000 0.103125
4 0.384375 0.907813 0.059375 0.056250
4 0.535937 0.545312 0.040625 0.059375
4 0.633594 0.604688 0.039062 0.068750
4 0.692187 0.871875 0.021875 0.040625
4 0.860938 0.875000 0.043750 0.068750
5 0.445312 0.193750 0.053125 0.043750
4 0.632031 0.003906 0.042188 0.007812
4 0.990625 0.216406 0.018750 0.104688
4 0.522656 0.485938 0.076563 0.059375
5 0.743750 0.672656 0.037500 0.045312
