1 0.677344 0.439844 0.035937 0.032813
5 0.609375 0.492969 0.040625 0.048438
2 0.674219 0.486719 0.054688 0.057813
2 0.725000 0.556250 0.046875 0.046875
2 0.839063 0.467969 0.034375 0.029687
3 0.553906 0.601562 0.051562 0.068750
3 0.635938 0.462500 0.031250 0.068750
3 0.462500 0.487500 0.053125 0.031250
3 0.530469 0.505469 0.054688 0.035937
5 0.588281 0.437500 0.026562 0.018750
5 0.735938 0.332813 0.028125 0.021875
5 0.642188 0.321094 0.034375 0.029687
4 0.453906 0.364063 0.026562 0.021875
3 0.442969 0.694531 0.035937 0.032813
3 0.389844 0.525000 0.048438 0.056250
3 0.354687 0.547656 0.034375 0.026562
1 0.207813 0.530469 0.015625 0.020313
