4 0.973437 0.468750 0.053125 0.059375
4 0.828906 0.496094 0.114062 0.092188
5 0.917188 0.379688 0.021875 0.028125
4 0.614844 0.498437 0.189062 0.159375
4 0.621094 0.698438 0.251563 0.293750
4 0.765625 0.857031 0.212500 0.242188
5 0.713281 0.718750 0.029687 0.037500
5 0.799219 0.587500 0.076563 0.065625
4 0.441406 0.612500 0.126562 0.100000
4 0.507812 0.590625 0.090625 0.115625
4 0.491406 0.517188 0.064062 0.078125
4 0.381250 0.682031 0.065625 0.060937
4 0.271094 0.655469 0.067187 0.079687
4 0.296875 0.789844 0.053125 0.070312
4 0.319531 0.903906 0.157812 0.182812
2 0.303906 0.896875 0.095312 0.140625
5 0.191406 0.892969 0.142187 0.160938
4 0.164062 0.748437 0.028125 0.031250
4 0.104688 0.680469 0.062500 0.045312
4 0.046094 0.760938 0.039062 0.096875
5 0.107813 0.721094 0.065625 0.060937
4 0.250000 0.767969 0.050000 0.092188
5 0.144531 0.631250 0.020313 0.015625
4 0.207031 0.210156 0.057813 0.042188
5 0.343750 0.198437 0.021875 0.018750
