2 0.557031 0.028125 0.039062 0.037500
5 0.379688 0.400781 0.068750 0.079687
5 0.393750 0.675781 0.078125 0.110937
5 0.134375 0.652344 0.050000 0.089063
5 0.246875 0.092188 0.034375 0.034375
5 0.310156 0.223438 0.032813 0.065625
5 0.387500 0.307812 0.043750 0.050000
5 0.284375 0.132031 0.037500 0.039062
5 0.262500 0.060156 0.021875 0.042188
1 0.528125 0.155469 0.025000 0.039062
1 0.561719 0.152344 0.032813 0.045312
1 0.542188 0.360156 0.040625 0.057813
1 0.560156 0.390625 0.035937 0.062500
1 0.757812 0.476562 0.040625 0.062500
4 0.737500 0.339844 0.056250 0.045312
5 0.714844 0.362500 0.048438 0.043750
4 0.567969 0.252344 0.042188 0.064062
