1 0.439844 0.421875 0.048438 0.031250
1 0.205469 0.470313 0.064062 0.031250
1 0.199219 0.636719 0.048438 0.051562
1 0.285938 0.746875 0.059375 0.037500
1 0.864062 0.543750 0.015625 0.015625
2 0.889062 0.572656 0.021875 0.039062
2 0.603906 0.634375 0.035937 0.056250
5 0.789062 0.618750 0.012500 0.009375
2 0.325781 0.570312 0.067187 0.053125
4 0.201563 0.699219 0.071875 0.064062
5 0.299219 0.778906 0.039062 0.054688
4 0.222656 0.432031 0.104688 0.048438
5 0.367188 0.275781 0.028125 0.032813
5 0.218750 0.206250 0.062500 0.034375
5 0.324219 0.203125 0.032813 0.018750
5 0.958594 0.079687 0.010937 0.012500
