1 0.529687 0.323437 0.037500 0.040625
5 0.467969 0.390625 0.054688 0.046875
2 0.479687 0.322656 0.065625 0.060937
2 0.407031 0.266406 0.051562 0.051562
2 0.508594 0.147656 0.032813 0.039062
3 0.348438 0.446094 0.075000 0.057813
3 0.503125 0.366406 0.075000 0.035937
3 0.464844 0.550781 0.035937 0.057813
3 0.450781 0.475781 0.039062 0.060937
5 0.527344 0.418750 0.020313 0.028125
5 0.647656 0.265625 0.026562 0.031250
5 0.655469 0.366406 0.032813 0.039062
4 0.597656 0.567187 0.023438 0.028125
3 0.243750 0.560156 0.034375 0.039062
3 0.421094 0.626563 0.060937 0.053125
3 0.395313 0.662500 0.028125 0.037500
1 0.405469 0.821875 0.023438 0.018750
