5 0.537500 0.385156 0.025000 0.020313
5 0.509375 0.479687 0.031250 0.028125
5 0.539062 0.567187 0.034375 0.028125
5 0.435156 0.634375 0.035937 0.021875
5 0.464062 0.719531 0.050000 0.035937
5 0.439063 0.758594 0.075000 0.042188
5 0.517188 0.714063 0.068750 0.040625
5 0.494531 0.692969 0.035937 0.048438
5 0.398438 0.646875 0.028125 0.028125
5 0.984375 0.467969 0.015625 0.023438
1 0.944531 0.478906 0.023438 0.020313
1 0.956250 0.451562 0.018750 0.025000
2 0.883594 0.432031 0.039062 0.020313
5 0.837500 0.528125 0.018750 0.025000
1 0.794531 0.524219 0.026562 0.026562
1 0.767188 0.509375 0.028125 0.025000
5 0.737500 0.499219 0.040625 0.032813
1 0.707031 0.513281 0.020313 0.035937
1 0.678906 0.598437 0.023438 0.034375
4 0.778125 0.496875 0.028125 0.031250
1 0.599219 0.477344 0.029687 0.023438
1 0.604688 0.460938 0.028125 0.025000
1 0.563281 0.319531 0.017188 0.017188
4 0.364063 0.592187 0.046875 0.031250
2 0.382031 0.488281 0.045312 0.042188
2 0.264062 0.485938 0.062500 0.043750
5 0.342187 0.494531 0.021875 0.020313
1 0.385156 0.375000 0.020313 0.018750
5 0.412500 0.975781 0.050000 0.042188
