1 0.494531 0.029687 0.007812 0.012500
1 0.333594 0.143750 0.014063 0.015625
5 0.475781 0.128906 0.020313 0.017188
5 0.343750 0.468750 0.037500 0.034375
5 0.383594 0.577344 0.035937 0.054688
5 0.400781 0.575000 0.039062 0.046875
5 0.327344 0.641406 0.039062 0.085938
5 0.403906 0.697656 0.039062 0.076563
5 0.604688 0.682813 0.062500 0.075000
5 0.596094 0.572656 0.057813 0.051562
1 0.404687 0.332813 0.031250 0.034375
1 0.443750 0.310937 0.034375 0.028125
1 0.836719 0.285938 0.026562 0.018750
1 0.810937 0.283594 0.028125 0.029687
1 0.775000 0.355469 0.025000 0.026562
1 0.707031 0.397656 0.017188 0.032813
1 0.739844 0.296094 0.026562 0.029687
1 0.650781 0.433594 0.026562 0.042188
1 0.662500 0.469531 0.034375 0.035937
5 0.835156 0.196875 0.020313 0.018750
2 0.784375 0.278125 0.037500 0.031250
5 0.725781 0.332031 0.023438 0.023438
4 0.625781 0.367969 0.035937 0.051562
1 0.599219 0.382812 0.014063 0.025000
1 0.688281 0.479687 0.017188 0.028125
5 0.589063 0.528125 0.037500 0.040625
5 0.776563 0.430469 0.053125 0.042188
5 0.446875 0.834375 0.043750 0.059375
2 0.303906 0.300000 0.048438 0.046875
2 0.245312 0.217969 0.050000 0.045312
5 0.262500 0.317188 0.040625 0.028125
5 0.245312 0.506250 0.031250 0.043750
