1 0.389062 0.400000 0.028125 0.028125
1 0.094531 0.620313 0.057813 0.034375
1 0.170313 0.460938 0.056250 0.031250
1 0.189844 0.750000 0.051562 0.037500
5 0.218750 0.764062 0.040625 0.056250
5 0.282031 0.185156 0.045312 0.026562
5 0.376563 0.230469 0.028125 0.017188
5 0.353125 0.203125 0.028125 0.018750
5 0.756250 0.394531 0.056250 0.039062
5 0.729688 0.550781 0.015625 0.014063
2 0.810937 0.497656 0.015625 0.035937
1 0.785156 0.481250 0.010937 0.015625
2 0.538281 0.589063 0.051562 0.046875
2 0.246875 0.571875 0.056250 0.053125
4 0.122656 0.436719 0.076563 0.048438
4 0.113281 0.714844 0.064062 0.057813
