1 0.517188 0.551562 0.050000 0.034375
1 0.732812 0.456250 0.065625 0.037500
1 0.705469 0.296094 0.051562 0.054688
1 0.599219 0.207031 0.060937 0.042188
1 0.085156 0.519531 0.017188 0.014063
2 0.054688 0.496875 0.025000 0.040625
2 0.315625 0.380469 0.040625 0.057813
5 0.142969 0.432031 0.014063 0.010937
2 0.597656 0.384375 0.070312 0.059375
4 0.690625 0.235937 0.075000 0.068750
5 0.580469 0.179688 0.042188 0.056250
4 0.725000 0.496094 0.106250 0.057813
5 0.617188 0.677344 0.031250 0.032813
5 0.774219 0.712500 0.064062 0.040625
5 0.674219 0.737500 0.032813 0.021875
5 0.088281 0.985156 0.010937 0.014063
