4 0.235156 0.928906 0.139063 0.129688
4 0.478906 0.539844 0.070312 0.251563
4 0.329688 0.291406 0.056250 0.098437
4 0.229687 0.389062 0.065625 0.081250
4 0.296094 0.438281 0.026562 0.026562
4 0.324219 0.472656 0.095312 0.123438
4 0.260937 0.521094 0.056250 0.089063
4 0.067187 0.172656 0.118750 0.207813
4 0.149219 0.318750 0.139063 0.240625
4 0.041406 0.334375 0.076563 0.131250
4 0.198437 0.219531 0.065625 0.070312
4 0.383594 0.264844 0.064062 0.023438
4 0.466406 0.271875 0.079687 0.140625
4 0.324219 0.009375 0.039062 0.018750
4 0.165625 0.609375 0.059375 0.078125
4 0.099219 0.522656 0.042188 0.060937
4 0.199219 0.464062 0.026562 0.028125
4 0.242188 0.679688 0.084375 0.096875
2 0.293750 0.660156 0.025000 0.042188
4 0.275000 0.613281 0.037500 0.035937
5 0.267188 0.832812 0.087500 0.112500
4 0.363281 0.807813 0.070312 0.137500
4 0.322656 0.935156 0.026562 0.042188
4 0.971875 0.348438 0.025000 0.075000
4 0.202344 0.514062 0.035937 0.028125
