1 0.541406 0.699219 0.029687 0.032813
5 0.599219 0.787500 0.023438 0.043750
5 0.632031 0.779687 0.023438 0.028125
5 0.667188 0.676562 0.037500 0.034375
4 0.669531 0.478906 0.020313 0.026562
3 0.549219 0.471094 0.048438 0.035937
5 0.504687 0.608594 0.040625 0.042188
3 0.568750 0.603125 0.021875 0.028125
3 0.511719 0.688281 0.064062 0.064062
3 0.282031 0.454688 0.029687 0.037500
3 0.475781 0.366406 0.029687 0.039062
2 0.383594 0.563281 0.073438 0.048438
2 0.470313 0.680469 0.050000 0.051562
2 0.407031 0.699219 0.042188 0.048438
2 0.453906 0.896094 0.032813 0.039062
3 0.492188 0.542969 0.037500 0.039062
4 0.464844 0.414844 0.064062 0.048438
1 0.514062 0.202344 0.021875 0.017188
