4 0.634375 0.550000 0.056250 0.140625
5 0.603125 0.431250 0.034375 0.040625
4 0.492188 0.446094 0.043750 0.101562
4 0.609375 0.669531 0.018750 0.048438
4 0.053906 0.384375 0.107813 0.168750
5 0.160938 0.650781 0.100000 0.079687
4 0.251563 0.635938 0.040625 0.078125
4 0.287500 0.554688 0.040625 0.078125
4 0.259375 0.482812 0.062500 0.112500
4 0.239063 0.536719 0.050000 0.051562
4 0.073438 0.717969 0.078125 0.104688
4 0.131250 0.713281 0.050000 0.057813
4 0.128125 0.826562 0.093750 0.106250
4 0.031250 0.767188 0.059375 0.062500
5 0.008594 0.732031 0.017188 0.057813
5 0.270313 0.845313 0.056250 0.081250
2 0.278906 0.700000 0.026562 0.025000
4 0.048438 0.843750 0.043750 0.015625
4 0.229687 0.689063 0.050000 0.043750
5 0.192188 0.521094 0.046875 0.060937
4 0.218750 0.401562 0.050000 0.065625
4 0.201563 0.182812 0.068750 0.093750
4 0.184375 0.279687 0.071875 0.115625
4 0.337500 0.104688 0.031250 0.028125
4 0.615625 0.026562 0.053125 0.053125
4 0.420312 0.121875 0.037500 0.118750
4 0.374219 0.175000 0.017188 0.043750
4 0.348438 0.296875 0.043750 0.065625
5 0.345313 0.143750 0.034375 0.037500
5 0.428125 0.196875 0.028125 0.034375
5 0.229687 0.646094 0.034375 0.035937
5 0.363281 0.357812 0.017188 0.021875
4 0.297656 0.367188 0.098437 0.109375
5 0.389062 0.096875 0.018750 0.037500
5 0.398438 0.018750 0.018750 0.028125
4 0.429688 0.520312 0.068750 0.115625
