1 0.496094 0.615625 0.032813 0.018750
1 0.386719 0.443750 0.035937 0.031250
1 0.402344 0.422656 0.029687 0.020313
1 0.451562 0.400000 0.034375 0.031250
1 0.474219 0.386719 0.029687 0.020313
1 0.457031 0.372656 0.035937 0.020313
1 0.620313 0.524219 0.012500 0.020313
5 0.589844 0.491406 0.020313 0.017188
5 0.595313 0.469531 0.040625 0.029687
5 0.493750 0.473438 0.028125 0.034375
5 0.490625 0.436719 0.028125 0.045312
5 0.464062 0.424219 0.034375 0.020313
5 0.416406 0.410938 0.026562 0.015625
5 0.292187 0.432812 0.053125 0.040625
5 0.256250 0.419531 0.068750 0.048438
5 0.301563 0.521875 0.059375 0.031250
5 0.564063 0.604688 0.025000 0.025000
5 0.460938 0.586719 0.037500 0.029687
5 0.408594 0.617969 0.042188 0.023438
5 0.144531 0.503906 0.039062 0.042188
2 0.550781 0.743750 0.035937 0.075000
2 0.753125 0.107031 0.018750 0.023438
2 0.564844 0.360938 0.039062 0.037500
2 0.593750 0.443750 0.034375 0.037500
4 0.507812 0.422656 0.046875 0.032813
1 0.605469 0.321875 0.023438 0.018750
1 0.561719 0.181250 0.026562 0.018750
1 0.510938 0.211719 0.021875 0.023438
1 0.560156 0.071875 0.026562 0.018750
1 0.579688 0.056250 0.025000 0.021875
5 0.638281 0.272656 0.023438 0.020313
5 0.630469 0.224219 0.023438 0.017188
1 0.449219 0.348438 0.029687 0.018750
