2 0.786719 0.626563 0.064062 0.040625
3 0.075000 0.221094 0.040625 0.079687
3 0.136719 0.075781 0.035937 0.029687
4 0.195312 0.171094 0.043750 0.060937
4 0.020313 0.174219 0.009375 0.042188
4 0.949219 0.221875 0.101562 0.121875
4 0.838281 0.310937 0.157812 0.115625
4 0.633594 0.503906 0.042188 0.064062
4 0.687500 0.717969 0.075000 0.101562
4 0.829688 0.525000 0.062500 0.059375
4 0.763281 0.607031 0.035937 0.039062
2 0.847656 0.848437 0.057813 0.071875
2 0.629687 0.680469 0.031250 0.051562
4 0.953125 0.532031 0.093750 0.104688
5 0.395313 0.740625 0.043750 0.034375
4 0.311719 0.635938 0.029687 0.034375
5 0.490625 0.967969 0.031250 0.051562
4 0.003125 0.494531 0.006250 0.023438
4 0.769531 0.517969 0.023438 0.026562
4 0.929688 0.986719 0.028125 0.026562
4 0.741406 0.800781 0.035937 0.023438
4 0.635938 0.775000 0.031250 0.028125
4 0.759375 0.662500 0.050000 0.053125
