2 0.091406 0.237500 0.085938 0.050000
5 0.036719 0.187500 0.029687 0.034375
4 0.243750 0.543750 0.068750 0.046875
1 0.365625 0.357031 0.040625 0.054688
1 0.425781 0.341406 0.039062 0.045312
4 0.516406 0.456250 0.060937 0.093750
1 0.564844 0.501563 0.023438 0.037500
5 0.606250 0.524219 0.043750 0.054688
1 0.640625 0.300781 0.037500 0.042188
5 0.541406 0.938281 0.101562 0.123438
5 0.626563 0.912500 0.056250 0.081250
5 0.782031 0.860938 0.057813 0.071875
5 0.873437 0.490625 0.046875 0.046875
5 0.807813 0.572656 0.053125 0.064062
5 0.850000 0.589844 0.037500 0.042188
5 0.940625 0.513281 0.046875 0.070312
1 0.856250 0.251563 0.046875 0.056250
1 0.713281 0.014844 0.045312 0.029687
5 0.680469 0.109375 0.020313 0.025000
1 0.650000 0.017188 0.031250 0.034375
1 0.673438 0.028125 0.025000 0.031250
5 0.612500 0.053906 0.028125 0.026562
2 0.610156 0.031250 0.032813 0.018750
