5 0.219531 0.623437 0.067187 0.062500
4 0.114844 0.434375 0.151562 0.162500
4 0.041406 0.704688 0.082812 0.128125
4 0.281250 0.203906 0.093750 0.107813
4 0.211719 0.163281 0.054688 0.082812
4 0.283594 0.273438 0.085938 0.115625
4 0.257031 0.400000 0.073438 0.090625
4 0.294531 0.344531 0.079687 0.079687
5 0.336719 0.276562 0.039062 0.075000
2 0.384375 0.644531 0.040625 0.048438
4 0.345313 0.602344 0.062500 0.057813
4 0.328906 0.655469 0.064062 0.060937
4 0.239063 0.565625 0.056250 0.093750
5 0.135156 0.824219 0.079687 0.076563
4 0.399219 0.909375 0.032813 0.037500
4 0.255469 0.804688 0.110937 0.171875
5 0.130469 0.305469 0.082812 0.110937
4 0.187500 0.299219 0.043750 0.054688
4 0.175000 0.560156 0.050000 0.039062
4 0.053906 0.498437 0.039062 0.043750
4 0.146094 0.721094 0.114062 0.132812
4 0.320312 0.917969 0.075000 0.101562
4 0.300781 0.722656 0.126562 0.132812
4 0.425781 0.334375 0.023438 0.037500
4 0.110937 0.536719 0.078125 0.067187
