1 0.292969 0.707812 0.029687 0.056250
1 0.428125 0.700781 0.043750 0.032813
1 0.460156 0.690625 0.054688 0.046875
1 0.512500 0.561719 0.037500 0.023438
1 0.456250 0.503125 0.031250 0.025000
1 0.748437 0.779687 0.037500 0.068750
2 0.633594 0.514844 0.051562 0.039062
2 0.803125 0.461719 0.065625 0.045312
2 0.425781 0.474219 0.082812 0.057813
2 0.142187 0.478906 0.050000 0.042188
5 0.329688 0.446094 0.025000 0.032813
5 0.381250 0.600000 0.031250 0.037500
5 0.480469 0.752344 0.060937 0.076563
4 0.486719 0.471875 0.039062 0.050000
