5 0.349219 0.760156 0.020313 0.029687
5 0.325000 0.817969 0.034375 0.026562
5 0.285938 0.793750 0.059375 0.028125
1 0.396875 0.602344 0.034375 0.032813
1 0.115625 0.367188 0.059375 0.037500
1 0.160156 0.540625 0.054688 0.031250
4 0.121094 0.560156 0.079687 0.057813
4 0.153125 0.284375 0.065625 0.059375
2 0.271094 0.433594 0.067187 0.060937
1 0.227344 0.250781 0.054688 0.042188
1 0.796094 0.560156 0.010937 0.017188
2 0.814844 0.542969 0.020313 0.035937
5 0.739062 0.478906 0.018750 0.010937
2 0.549219 0.419531 0.045312 0.045312
5 0.252344 0.237500 0.039062 0.056250
