2 0.594531 0.402344 0.048438 0.082812
2 0.412500 0.278125 0.015625 0.034375
4 0.842187 0.159375 0.106250 0.093750
5 0.727344 0.380469 0.051562 0.057813
4 0.609375 0.471875 0.093750 0.100000
4 0.539062 0.467187 0.037500 0.071875
4 0.603125 0.316406 0.059375 0.101562
4 0.667969 0.617969 0.029687 0.035937
4 0.816406 0.641406 0.026562 0.051562
4 0.896094 0.616406 0.054688 0.048438
5 0.907031 0.559375 0.064062 0.106250
4 0.755469 0.272656 0.207813 0.132812
4 0.928906 0.361719 0.142187 0.273438
5 0.464844 0.683594 0.082812 0.082812
4 0.876563 0.682031 0.115625 0.117188
4 0.946094 0.733594 0.051562 0.079687
4 0.970313 0.660156 0.059375 0.164062
4 0.985938 0.800781 0.028125 0.076563
4 0.775000 0.839844 0.059375 0.089063
4 0.767969 0.882812 0.064062 0.103125
4 0.852344 0.860156 0.123438 0.126562
4 0.651563 0.688281 0.078125 0.164062
3 0.369531 0.896094 0.048438 0.076563
