4 0.755469 0.528906 0.114062 0.126562
4 0.632812 0.626563 0.068750 0.087500
4 0.677344 0.691406 0.073438 0.110937
4 0.764844 0.786719 0.164062 0.182812
2 0.715625 0.864844 0.087500 0.095312
4 0.682813 0.797656 0.031250 0.054688
4 0.655469 0.782813 0.026562 0.068750
4 0.477344 0.527344 0.035937 0.035937
4 0.571875 0.828125 0.031250 0.053125
4 0.850781 0.528125 0.057813 0.071875
4 0.870313 0.446875 0.109375 0.100000
4 0.964844 0.292187 0.026562 0.075000
5 0.592187 0.380469 0.018750 0.023438
5 0.885938 0.907813 0.081250 0.075000
4 0.720313 0.584375 0.062500 0.068750
