1 0.391406 0.791406 0.026562 0.048438
1 0.360938 0.596094 0.025000 0.035937
1 0.462500 0.122656 0.015625 0.010937
1 0.579688 0.801562 0.031250 0.050000
5 0.116406 0.764844 0.032813 0.051562
5 0.183594 0.638281 0.032813 0.032813
5 0.096094 0.678906 0.017188 0.029687
1 0.711719 0.728125 0.042188 0.043750
5 0.736719 0.724219 0.048438 0.023438
4 0.659375 0.783594 0.053125 0.048438
2 0.532031 0.717969 0.060937 0.048438
2 0.563281 0.421094 0.042188 0.048438
2 0.484375 0.105469 0.034375 0.014063
5 0.529687 0.209375 0.009375 0.012500
4 0.360156 0.794531 0.035937 0.035937
