5 0.064062 0.371094 0.009375 0.010937
5 0.107813 0.335938 0.009375 0.006250
5 0.187500 0.456250 0.012500 0.012500
1 0.260156 0.465625 0.010937 0.015625
1 0.272656 0.421094 0.014063 0.014063
2 0.275781 0.297656 0.023438 0.007812
5 0.232813 0.474219 0.012500 0.010937
5 0.348438 0.804688 0.015625 0.021875
1 0.394531 0.628906 0.014063 0.020313
2 0.563281 0.553125 0.051562 0.037500
1 0.742969 0.804688 0.035937 0.034375
5 0.738281 0.820312 0.032813 0.015625
5 0.846875 0.873437 0.043750 0.059375
1 0.866406 0.835156 0.035937 0.048438
1 0.793750 0.924219 0.031250 0.051562
4 0.700781 0.951562 0.060937 0.075000
5 0.881250 0.971094 0.053125 0.010937
2 0.546875 0.784375 0.040625 0.034375
5 0.560156 0.367188 0.014063 0.015625
1 0.375000 0.307031 0.006250 0.010937
