4 0.514844 0.735938 0.204687 0.228125
4 0.357031 0.928125 0.073438 0.090625
4 0.452344 0.970313 0.139063 0.059375
4 0.295312 0.650781 0.353125 0.304688
4 0.102344 0.726562 0.157812 0.171875
4 0.467969 0.482031 0.126562 0.135937
4 0.462500 0.575781 0.131250 0.117188
4 0.544531 0.579688 0.098437 0.081250
4 0.471094 0.290625 0.067187 0.084375
4 0.424219 0.393750 0.079687 0.084375
4 0.353125 0.257812 0.131250 0.125000
4 0.207031 0.250000 0.195312 0.200000
2 0.217969 0.228125 0.154688 0.128125
4 0.485156 0.110156 0.039062 0.060937
4 0.423438 0.032813 0.100000 0.065625
5 0.250000 0.150781 0.146875 0.160938
4 0.411719 0.152344 0.032813 0.029687
4 0.711719 0.847656 0.026562 0.032813
4 0.917969 0.385937 0.045312 0.053125
4 0.905469 0.532813 0.020313 0.025000
4 0.814844 0.167187 0.026562 0.031250
5 0.450000 0.109375 0.062500 0.078125
