1 0.299219 0.326562 0.057813 0.031250
1 0.313281 0.463281 0.035937 0.045312
1 0.325781 0.495312 0.048438 0.056250
1 0.457031 0.539844 0.026562 0.039062
1 0.513281 0.480469 0.026562 0.032813
1 0.252344 0.785937 0.070312 0.040625
2 0.510938 0.658594 0.040625 0.054688
2 0.571094 0.825000 0.048438 0.068750
2 0.539062 0.448437 0.062500 0.084375
2 0.520312 0.165625 0.043750 0.053125
5 0.564063 0.350781 0.034375 0.026562
5 0.411719 0.410938 0.039062 0.034375
5 0.264844 0.517969 0.079687 0.064062
4 0.545312 0.509375 0.053125 0.040625
