4 0.628125 0.042188 0.068750 0.062500
4 0.605469 0.202344 0.107813 0.129688
5 0.514062 0.067187 0.031250 0.025000
4 0.530469 0.425000 0.185938 0.215625
4 0.740625 0.491406 0.334375 0.292187
4 0.910937 0.391406 0.178125 0.235937
5 0.794531 0.401562 0.042188 0.034375
5 0.689063 0.263281 0.075000 0.085938
4 0.585938 0.649219 0.115625 0.142187
4 0.586719 0.570312 0.132812 0.106250
4 0.504687 0.561719 0.087500 0.073438
4 0.635156 0.737500 0.070312 0.075000
4 0.570312 0.842187 0.090625 0.078125
4 0.718750 0.864062 0.081250 0.059375
4 0.844531 0.881250 0.204687 0.181250
2 0.834375 0.895312 0.159375 0.112500
5 0.789844 0.964063 0.179688 0.071875
4 0.627344 0.985156 0.035937 0.029687
4 0.539062 0.995313 0.043750 0.009375
4 0.679688 0.904687 0.103125 0.059375
5 0.498437 0.965625 0.015625 0.021875
4 0.079687 0.749219 0.050000 0.064062
5 0.117969 0.600781 0.020313 0.026562
