4 0.379688 0.150781 0.068750 0.089063
4 0.087500 0.226562 0.075000 0.090625
4 0.417187 0.439063 0.103125 0.081250
4 0.332031 0.450000 0.054688 0.062500
4 0.537500 0.289062 0.162500 0.109375
4 0.642188 0.177344 0.053125 0.082812
4 0.739844 0.064844 0.064062 0.085938
4 0.711719 0.587500 0.060937 0.053125
4 0.763281 0.604688 0.076563 0.043750
4 0.979688 0.591406 0.040625 0.051562
4 0.624219 0.692187 0.067187 0.034375
5 0.525781 0.781250 0.045312 0.037500
4 0.374219 0.758594 0.023438 0.029687
4 0.355469 0.925781 0.082812 0.042188
5 0.105469 0.557031 0.042188 0.045312
