4 0.630469 0.390625 0.042188 0.068750
5 0.371875 0.582812 0.071875 0.050000
5 0.305469 0.646875 0.089063 0.078125
4 0.333594 0.436719 0.073438 0.079687
4 0.280469 0.439844 0.089063 0.079687
4 0.358594 0.509375 0.082812 0.056250
4 0.197656 0.480469 0.095312 0.064062
2 0.742969 0.724219 0.054688 0.051562
5 0.700000 0.815625 0.040625 0.034375
5 0.696875 0.174219 0.178125 0.195312
5 0.030469 0.458594 0.060937 0.092188
4 0.382812 0.350781 0.046875 0.035937
4 0.342969 0.107031 0.057813 0.039062
4 0.389062 0.748437 0.040625 0.037500
5 0.102344 0.542969 0.120313 0.057813
5 0.546875 0.325781 0.050000 0.042188
