1 0.497656 0.296875 0.032813 0.034375
5 0.570312 0.218750 0.028125 0.046875
5 0.601562 0.231250 0.025000 0.031250
5 0.618750 0.342187 0.040625 0.037500
4 0.585938 0.536719 0.021875 0.029687
3 0.464844 0.523438 0.051562 0.040625
5 0.446875 0.380469 0.043750 0.045312
3 0.508594 0.396875 0.023438 0.031250
3 0.466406 0.302344 0.070312 0.070312
3 0.197656 0.492969 0.032813 0.039062
3 0.374219 0.615625 0.032813 0.040625
2 0.317188 0.403906 0.078125 0.054688
2 0.422656 0.301563 0.054688 0.056250
2 0.365625 0.272656 0.046875 0.051562
2 0.444531 0.086719 0.035937 0.042188
3 0.421875 0.441406 0.040625 0.042188
4 0.371875 0.564844 0.068750 0.054688
1 0.383594 0.783594 0.023438 0.020313
