4 0.685156 0.494531 0.157812 0.148438
4 0.891406 0.391406 0.217188 0.214062
4 0.863281 0.638281 0.273438 0.385937
4 0.960156 0.803906 0.079687 0.179688
5 0.987500 0.668750 0.025000 0.046875
4 0.482812 0.551562 0.081250 0.068750
4 0.316406 0.592187 0.064062 0.050000
5 0.337500 0.628906 0.071875 0.060937
4 0.257812 0.686719 0.084375 0.095312
4 0.165625 0.703906 0.168750 0.157812
5 0.431250 0.789062 0.162500 0.175000
2 0.517188 0.806250 0.118750 0.153125
4 0.538281 0.811719 0.192188 0.198437
4 0.509375 0.658594 0.115625 0.126562
4 0.614844 0.555469 0.089063 0.082812
