4 0.117969 0.515625 0.235937 0.200000
4 0.197656 0.689063 0.098437 0.068750
4 0.268750 0.636719 0.053125 0.067187
4 0.402344 0.503125 0.064062 0.056250
4 0.698438 0.614062 0.187500 0.112500
4 0.521875 0.532813 0.053125 0.043750
4 0.585938 0.545312 0.106250 0.081250
4 0.636719 0.459375 0.070312 0.056250
4 0.539062 0.229687 0.075000 0.075000
4 0.882031 0.553906 0.067187 0.057813
4 0.833594 0.745313 0.035937 0.046875
4 0.853906 0.838281 0.070312 0.057813
5 0.922656 0.657813 0.060937 0.046875
4 0.994531 0.343750 0.010937 0.031250
4 0.792969 0.673438 0.067187 0.040625
