3 0.772656 0.750000 0.067187 0.031250
4 0.658594 0.633594 0.089063 0.082812
4 0.578125 0.620313 0.075000 0.065625
5 0.637500 0.428125 0.109375 0.071875
4 0.470313 0.147656 0.109375 0.117188
4 0.398438 0.257812 0.156250 0.143750
4 0.466406 0.028906 0.207813 0.057813
4 0.050000 0.234375 0.100000 0.184375
4 0.214844 0.249219 0.204687 0.148438
5 0.200781 0.113281 0.079687 0.067187
5 0.090625 0.058594 0.090625 0.079687
5 0.396094 0.091406 0.048438 0.045312
2 0.323437 0.067187 0.112500 0.121875
2 0.414844 0.122656 0.048438 0.029687
2 0.109375 0.200781 0.043750 0.035937
