4 0.460156 0.638281 0.145313 0.060937
5 0.580469 0.602344 0.042188 0.035937
4 0.564063 0.491406 0.103125 0.045312
4 0.339062 0.614844 0.050000 0.020313
4 0.619531 0.050000 0.173437 0.100000
5 0.347656 0.157031 0.082812 0.104688
4 0.366406 0.248438 0.079687 0.043750
4 0.449219 0.284375 0.079687 0.043750
4 0.521094 0.253906 0.117188 0.064062
4 0.466406 0.235156 0.054688 0.051562
4 0.278906 0.067969 0.107813 0.079687
4 0.285156 0.128125 0.060937 0.053125
4 0.170313 0.125000 0.109375 0.096875
4 0.228125 0.031250 0.065625 0.053125
5 0.262500 0.007031 0.059375 0.007812
5 0.153906 0.270313 0.082812 0.059375
2 0.301563 0.278125 0.025000 0.028125
4 0.150000 0.045312 0.015625 0.043750
4 0.311719 0.226562 0.045312 0.050000
5 0.482031 0.185156 0.064062 0.048438
4 0.605469 0.211719 0.067187 0.051562
4 0.827344 0.189844 0.098437 0.070312
4 0.728906 0.172656 0.120313 0.076563
4 0.908594 0.327344 0.029687 0.032813
4 0.982812 0.609375 0.034375 0.053125
4 0.892969 0.412500 0.120313 0.040625
4 0.838281 0.365625 0.045312 0.018750
4 0.714063 0.339844 0.068750 0.048438
5 0.870313 0.335938 0.040625 0.034375
5 0.817969 0.420312 0.035937 0.028125
5 0.354687 0.226562 0.037500 0.034375
5 0.651563 0.357031 0.021875 0.017188
4 0.639844 0.291406 0.114062 0.101562
5 0.917969 0.379688 0.039062 0.018750
5 0.990625 0.387500 0.015625 0.018750
4 0.487500 0.426563 0.118750 0.071875
