4 0.767969 0.150781 0.148438 0.248438
4 0.680469 0.277344 0.076563 0.114062
4 0.629687 0.217969 0.125000 0.170313
4 0.582031 0.074219 0.229687 0.148438
4 0.550000 0.239844 0.106250 0.170313
4 0.457031 0.274219 0.085938 0.129688
4 0.178125 0.142187 0.231250 0.212500
2 0.206250 0.124219 0.175000 0.142187
4 0.274219 0.251563 0.082812 0.087500
4 0.252344 0.343750 0.117188 0.078125
5 0.108594 0.345313 0.207813 0.218750
4 0.255469 0.446875 0.045312 0.046875
4 0.465625 0.400781 0.103125 0.079687
4 0.358594 0.616406 0.079687 0.079687
4 0.201563 0.648438 0.115625 0.115625
4 0.141406 0.789844 0.248438 0.195312
5 0.278125 0.553125 0.081250 0.093750
4 0.428906 0.582812 0.020313 0.028125
5 0.203906 0.389062 0.020313 0.018750
4 0.921094 0.952344 0.057813 0.095312
4 0.910937 0.239844 0.018750 0.029687
4 0.953125 0.185156 0.034375 0.045312
