2 0.494531 0.271094 0.051562 0.076563
2 0.382031 0.675000 0.035937 0.034375
2 0.367188 0.564844 0.046875 0.054688
2 0.142187 0.833594 0.021875 0.026562
5 0.452344 0.568750 0.039062 0.043750
5 0.486719 0.575781 0.045312 0.039062
5 0.683594 0.659375 0.079687 0.043750
5 0.648438 0.629687 0.031250 0.053125
5 0.810156 0.549219 0.045312 0.039062
5 0.695312 0.535156 0.065625 0.035937
4 0.485156 0.409375 0.035937 0.043750
5 0.452344 0.392188 0.032813 0.015625
5 0.625000 0.439063 0.040625 0.021875
5 0.385937 0.507031 0.025000 0.020313
5 0.274219 0.717187 0.029687 0.012500
5 0.288281 0.778125 0.026562 0.015625
1 0.317969 0.685937 0.026562 0.012500
1 0.326562 0.935156 0.028125 0.017188
1 0.302344 0.953125 0.029687 0.018750
1 0.338281 0.826562 0.026562 0.018750
1 0.382812 0.804688 0.025000 0.025000
1 0.476562 0.691406 0.037500 0.035937
1 0.475000 0.650781 0.040625 0.023438
1 0.456250 0.630469 0.021875 0.029687
1 0.487500 0.628125 0.031250 0.034375
1 0.563281 0.617188 0.035937 0.034375
1 0.532031 0.580469 0.035937 0.020313
1 0.526563 0.414844 0.046875 0.020313
1 0.374219 0.482031 0.017188 0.020313
5 0.512500 0.551562 0.028125 0.025000
5 0.427344 0.595313 0.032813 0.043750
