5 0.799219 0.628125 0.207813 0.271875
4 0.759375 0.858594 0.078125 0.089063
4 0.681250 0.783594 0.031250 0.035937
4 0.471875 0.771875 0.053125 0.037500
4 0.821094 0.404687 0.104688 0.071875
4 0.740625 0.459375 0.109375 0.053125
4 0.687500 0.476562 0.103125 0.081250
2 0.990625 0.896875 0.018750 0.068750
5 0.930469 0.891406 0.029687 0.026562
5 0.923438 0.275000 0.050000 0.056250
5 0.935156 0.853125 0.057813 0.065625
5 0.924219 0.937500 0.101562 0.071875
5 0.710156 0.942969 0.051562 0.026562
4 0.957812 0.271094 0.062500 0.092188
