2 0.598437 0.725781 0.053125 0.076563
2 0.608594 0.417969 0.054688 0.048438
2 0.554688 0.342969 0.037500 0.035937
2 0.732031 0.089844 0.020313 0.023438
2 0.647656 0.252344 0.023438 0.017188
1 0.521875 0.608594 0.037500 0.026562
1 0.466406 0.417187 0.039062 0.034375
1 0.471875 0.391406 0.037500 0.023438
1 0.487500 0.390625 0.025000 0.031250
1 0.453906 0.359375 0.035937 0.037500
1 0.507031 0.207813 0.023438 0.025000
1 0.565625 0.169531 0.025000 0.020313
1 0.624219 0.296875 0.029687 0.021875
1 0.440625 0.467187 0.021875 0.028125
1 0.411719 0.456250 0.035937 0.034375
1 0.635938 0.496094 0.025000 0.020313
5 0.585938 0.599219 0.034375 0.029687
5 0.457031 0.625781 0.032813 0.023438
5 0.608594 0.453125 0.035937 0.031250
5 0.628906 0.195312 0.020313 0.015625
4 0.548438 0.607812 0.031250 0.040625
5 0.367188 0.546094 0.056250 0.032813
5 0.270313 0.550781 0.043750 0.042188
5 0.319531 0.447656 0.054688 0.048438
5 0.477344 0.453125 0.039062 0.034375
5 0.507031 0.442188 0.032813 0.043750
5 0.457813 0.476562 0.021875 0.018750
1 0.532031 0.063281 0.026562 0.023438
4 0.528125 0.417187 0.040625 0.043750
