1 0.558594 0.333594 0.029687 0.023438
3 0.421094 0.139844 0.048438 0.073438
2 0.470313 0.390625 0.040625 0.043750
2 0.428125 0.343750 0.034375 0.043750
2 0.320312 0.387500 0.065625 0.046875
3 0.467969 0.504687 0.045312 0.025000
3 0.535156 0.411719 0.017188 0.020313
3 0.286719 0.514062 0.029687 0.031250
3 0.414844 0.628125 0.023438 0.031250
3 0.510938 0.532031 0.028125 0.042188
4 0.373437 0.514062 0.059375 0.050000
5 0.507031 0.449219 0.026562 0.029687
5 0.589063 0.325781 0.015625 0.039062
4 0.622656 0.575781 0.020313 0.032813
5 0.616406 0.410938 0.023438 0.018750
5 0.633594 0.405469 0.014063 0.020313
5 0.641406 0.424219 0.014063 0.014063
1 0.463281 0.853906 0.020313 0.017188
