5 0.254688 0.635938 0.034375 0.034375
5 0.421094 0.727344 0.054688 0.048438
5 0.667188 0.589844 0.090625 0.057813
5 0.674219 0.494531 0.148438 0.101562
2 0.484375 0.136719 0.075000 0.092188
2 0.342187 0.509375 0.087500 0.081250
2 0.464062 0.389844 0.062500 0.054688
2 0.204687 0.853125 0.056250 0.059375
1 0.363281 0.559375 0.045312 0.043750
1 0.482031 0.468750 0.039062 0.043750
1 0.517188 0.683594 0.050000 0.054688
1 0.482031 0.784375 0.057813 0.037500
1 0.500000 0.876563 0.075000 0.053125
1 0.690625 0.544531 0.075000 0.057813
1 0.707812 0.514844 0.059375 0.051562
1 0.726562 0.403125 0.062500 0.062500
5 0.643750 0.307812 0.043750 0.031250
4 0.376563 0.414062 0.062500 0.059375
