4 0.835156 0.442969 0.135937 0.126562
4 0.875000 0.573438 0.103125 0.112500
4 0.939063 0.645312 0.081250 0.056250
4 0.635938 0.651563 0.134375 0.109375
4 0.578125 0.367969 0.075000 0.067187
4 0.578906 0.152344 0.104688 0.064062
4 0.871094 0.374219 0.089063 0.085938
5 0.815625 0.313281 0.075000 0.060937
4 0.968750 0.352344 0.062500 0.064062
4 0.952344 0.245312 0.048438 0.037500
4 0.902344 0.238281 0.029687 0.026562
5 0.845313 0.274219 0.031250 0.032813
4 0.793750 0.171094 0.043750 0.039062
4 0.959375 0.537500 0.059375 0.034375
5 0.975781 0.613281 0.029687 0.032813
5 0.621094 0.769531 0.107813 0.092188
4 0.947656 0.301563 0.104688 0.065625
4 0.860156 0.321094 0.054688 0.048438
4 0.756250 0.310156 0.115625 0.089063
4 0.750781 0.326562 0.035937 0.031250
5 0.928125 0.162500 0.034375 0.021875
4 0.643750 0.264844 0.153125 0.098437
4 0.937500 0.467187 0.106250 0.096875
