5 0.832031 0.602344 0.039062 0.042188
5 0.632031 0.558594 0.045312 0.051562
5 0.546094 0.575781 0.051562 0.029687
5 0.516406 0.594531 0.039062 0.026562
4 0.482031 0.639844 0.035937 0.042188
2 0.350781 0.603906 0.045312 0.035937
5 0.356250 0.632031 0.025000 0.020313
2 0.382031 0.710938 0.045312 0.059375
1 0.297656 0.598437 0.014063 0.021875
1 0.426563 0.471094 0.028125 0.026562
1 0.413281 0.378125 0.026562 0.025000
1 0.322656 0.367969 0.020313 0.023438
1 0.400000 0.309375 0.021875 0.028125
1 0.391406 0.292969 0.026562 0.020313
1 0.345313 0.148438 0.025000 0.025000
1 0.382031 0.153125 0.020313 0.028125
1 0.313281 0.337500 0.014063 0.021875
5 0.354687 0.156250 0.012500 0.015625
2 0.328906 0.216406 0.026562 0.029687
5 0.454688 0.203906 0.025000 0.014063
5 0.354687 0.302344 0.046875 0.026562
2 0.082031 0.026562 0.010937 0.015625
4 0.363281 0.277344 0.042188 0.039062
1 0.379688 0.304688 0.015625 0.015625
1 0.235937 0.496094 0.012500 0.010937
5 0.292969 0.500000 0.020313 0.018750
5 0.338281 0.494531 0.020313 0.020313
5 0.357031 0.445312 0.020313 0.021875
5 0.363281 0.439844 0.020313 0.023438
5 0.414844 0.457813 0.014063 0.034375
5 0.403906 0.508594 0.023438 0.032813
5 0.450000 0.563281 0.018750 0.017188
