1 0.500000 0.368750 0.031250 0.015625
1 0.588281 0.548438 0.032813 0.028125
1 0.571875 0.567969 0.028125 0.017188
1 0.521875 0.585938 0.031250 0.028125
1 0.496875 0.597656 0.028125 0.017188
1 0.514062 0.612500 0.034375 0.015625
1 0.367969 0.446875 0.010937 0.018750
5 0.393750 0.479687 0.018750 0.015625
5 0.385156 0.501563 0.035937 0.025000
5 0.487500 0.509375 0.025000 0.031250
5 0.486719 0.546094 0.023438 0.042188
5 0.511719 0.560156 0.032813 0.017188
5 0.557813 0.578125 0.025000 0.012500
5 0.682813 0.569531 0.050000 0.035937
5 0.715625 0.586719 0.062500 0.042188
5 0.682813 0.480469 0.056250 0.026562
5 0.431250 0.371875 0.021875 0.021875
5 0.531250 0.400000 0.034375 0.025000
5 0.585938 0.373437 0.040625 0.018750
5 0.835938 0.515625 0.034375 0.037500
2 0.458594 0.234375 0.029687 0.071875
2 0.192188 0.845313 0.015625 0.021875
2 0.405469 0.612500 0.035937 0.031250
2 0.385156 0.528125 0.029687 0.034375
4 0.467187 0.557031 0.043750 0.026562
1 0.360938 0.646875 0.021875 0.015625
1 0.389062 0.790625 0.025000 0.015625
1 0.442188 0.765625 0.018750 0.021875
1 0.379688 0.900000 0.025000 0.015625
1 0.357812 0.912500 0.021875 0.018750
5 0.323437 0.691406 0.021875 0.017188
5 0.326562 0.739844 0.021875 0.014063
1 0.518750 0.637500 0.028125 0.015625
