5 0.491406 0.597656 0.026562 0.020313
5 0.478906 0.494531 0.029687 0.026562
5 0.525781 0.410156 0.032813 0.026562
5 0.432031 0.321094 0.035937 0.023438
5 0.476562 0.237500 0.050000 0.034375
5 0.456250 0.192969 0.078125 0.042188
5 0.529687 0.253906 0.071875 0.042188
5 0.503125 0.272656 0.037500 0.048438
5 0.394531 0.303125 0.026562 0.028125
5 0.967187 0.593750 0.015625 0.025000
1 0.930469 0.576562 0.026562 0.021875
1 0.935156 0.605469 0.017188 0.026562
2 0.857812 0.612500 0.040625 0.021875
5 0.827344 0.503906 0.017188 0.026562
1 0.782031 0.500000 0.026562 0.028125
1 0.750781 0.511719 0.029687 0.023438
5 0.717969 0.517188 0.042188 0.034375
1 0.690625 0.497656 0.021875 0.039062
1 0.676562 0.403906 0.025000 0.035937
4 0.760156 0.525781 0.029687 0.032813
1 0.572656 0.513281 0.032813 0.023438
1 0.574219 0.533594 0.029687 0.023438
1 0.507031 0.671094 0.017188 0.017188
4 0.350781 0.351562 0.048438 0.031250
2 0.350000 0.462500 0.046875 0.043750
2 0.228125 0.444531 0.065625 0.045312
5 0.310156 0.449219 0.023438 0.020313
1 0.332031 0.582031 0.020313 0.020313
