4 0.478125 0.053125 0.140625 0.106250
4 0.310937 0.036719 0.156250 0.073438
4 0.211719 0.160938 0.076563 0.128125
4 0.136719 0.172656 0.089063 0.073438
4 0.299219 0.092969 0.089063 0.073438
4 0.267969 0.182812 0.042188 0.084375
4 0.309375 0.248438 0.106250 0.131250
4 0.383594 0.275000 0.076563 0.093750
4 0.321094 0.363281 0.029687 0.026562
5 0.345313 0.379688 0.090625 0.093750
4 0.422656 0.357812 0.064062 0.046875
4 0.350000 0.450000 0.100000 0.103125
4 0.292187 0.442969 0.100000 0.107813
5 0.250000 0.508594 0.053125 0.064062
4 0.296875 0.518750 0.053125 0.053125
4 0.348438 0.564063 0.078125 0.134375
5 0.329688 0.743750 0.103125 0.078125
4 0.531250 0.860156 0.093750 0.095312
4 0.457813 0.832031 0.031250 0.082812
4 0.528125 0.932813 0.100000 0.125000
5 0.582031 0.931250 0.035937 0.078125
4 0.425781 0.964063 0.042188 0.056250
4 0.525781 0.981250 0.060937 0.037500
2 0.482812 0.387500 0.031250 0.028125
4 0.726562 0.044531 0.046875 0.048438
4 0.257031 0.647656 0.104688 0.164062
4 0.671094 0.987500 0.029687 0.025000
5 0.345313 0.956250 0.037500 0.062500
5 0.520312 0.581250 0.034375 0.034375
