4 0.959375 0.373437 0.062500 0.068750
4 0.799219 0.396094 0.129688 0.107813
5 0.932813 0.485938 0.025000 0.031250
4 0.575000 0.471094 0.215625 0.185938
4 0.510156 0.260937 0.292187 0.334375
4 0.608594 0.089063 0.235937 0.178125
5 0.598437 0.205469 0.034375 0.042188
5 0.736719 0.312500 0.085938 0.075000
4 0.352344 0.414062 0.142187 0.115625
4 0.429688 0.413281 0.106250 0.132812
4 0.438281 0.496875 0.073438 0.087500
4 0.264062 0.364844 0.075000 0.070312
4 0.159375 0.431250 0.078125 0.090625
4 0.137500 0.281250 0.059375 0.081250
4 0.118750 0.157031 0.181250 0.204687
2 0.106250 0.165625 0.112500 0.159375
5 0.035937 0.210156 0.071875 0.179688
4 0.014844 0.372656 0.029687 0.035937
4 0.004687 0.460938 0.009375 0.043750
4 0.096875 0.320312 0.059375 0.103125
5 0.034375 0.501563 0.021875 0.015625
4 0.252344 0.920312 0.064062 0.050000
5 0.399219 0.883594 0.026562 0.020313
