1 0.264844 0.647656 0.029687 0.057813
1 0.400781 0.646875 0.045312 0.034375
1 0.432812 0.639062 0.053125 0.046875
1 0.489844 0.514062 0.039062 0.025000
1 0.438281 0.450781 0.032813 0.026562
1 0.714063 0.740625 0.037500 0.068750
2 0.613281 0.472656 0.051562 0.039062
2 0.784375 0.428906 0.065625 0.045312
2 0.410156 0.421875 0.082812 0.059375
2 0.128906 0.411719 0.051562 0.042188
5 0.314844 0.389062 0.026562 0.034375
5 0.360156 0.544531 0.032813 0.039062
5 0.450000 0.701562 0.062500 0.075000
4 0.469531 0.422656 0.039062 0.051562
