1 0.683594 0.506250 0.035937 0.034375
5 0.599219 0.534375 0.042188 0.053125
2 0.664062 0.550781 0.056250 0.060937
2 0.688281 0.634375 0.051562 0.050000
2 0.829688 0.589063 0.037500 0.031250
3 0.507031 0.620313 0.054688 0.071875
3 0.634375 0.512500 0.034375 0.071875
3 0.459375 0.478125 0.053125 0.034375
3 0.517969 0.518750 0.057813 0.037500
5 0.598437 0.472656 0.028125 0.020313
5 0.778125 0.423438 0.028125 0.025000
5 0.690625 0.379688 0.037500 0.031250
4 0.492969 0.355469 0.026562 0.023438
3 0.367969 0.669531 0.035937 0.032813
3 0.376563 0.486719 0.050000 0.057813
3 0.334375 0.496875 0.034375 0.028125
1 0.200000 0.428906 0.015625 0.020313
