5 0.233594 0.353125 0.060937 0.046875
5 0.178125 0.941406 0.046875 0.051562
5 0.871094 0.972656 0.057813 0.054688
5 0.756250 0.360938 0.028125 0.028125
4 0.546094 0.420312 0.039062 0.093750
1 0.600781 0.257812 0.026562 0.046875
1 0.468750 0.500781 0.037500 0.070312
1 0.328906 0.501563 0.035937 0.071875
1 0.283594 0.364844 0.029687 0.048438
4 0.279687 0.432812 0.071875 0.068750
2 0.368750 0.018750 0.050000 0.037500
2 0.472656 0.369531 0.048438 0.051562
5 0.704688 0.525781 0.028125 0.057813
5 0.720313 0.321094 0.034375 0.026562
1 0.460156 0.728906 0.035937 0.048438
