4 0.608594 0.717969 0.179688 0.164062
4 0.548438 0.836719 0.068750 0.067187
4 0.610156 0.821875 0.060937 0.037500
4 0.758594 0.752344 0.076563 0.067187
4 0.772656 0.680469 0.295312 0.201563
5 0.949219 0.735156 0.101562 0.310937
4 0.481250 0.948438 0.168750 0.103125
4 0.442188 0.606250 0.031250 0.034375
4 0.889062 0.867969 0.053125 0.051562
4 0.858594 0.842187 0.032813 0.031250
5 0.364844 0.030469 0.051562 0.032813
2 0.297656 0.053906 0.029687 0.039062
2 0.350000 0.115625 0.025000 0.034375
2 0.321094 0.179688 0.023438 0.028125
4 0.522656 0.121094 0.089063 0.073438
