3 0.833594 0.796875 0.039062 0.075000
4 0.687500 0.692969 0.093750 0.098437
4 0.660156 0.609375 0.076563 0.084375
5 0.463281 0.707812 0.082812 0.121875
4 0.133594 0.575781 0.132812 0.123438
4 0.240625 0.479687 0.162500 0.178125
4 0.021094 0.589063 0.042188 0.225000
4 0.153906 0.096094 0.204687 0.142187
4 0.198437 0.283594 0.171875 0.229687
5 0.052344 0.291406 0.076563 0.089063
5 0.009375 0.178906 0.018750 0.098437
5 0.061719 0.505469 0.051562 0.054688
2 0.046094 0.426563 0.092188 0.125000
2 0.097656 0.518750 0.032813 0.053125
2 0.129688 0.178125 0.040625 0.050000
