1 0.557031 0.663281 0.032813 0.020313
1 0.443750 0.497656 0.037500 0.032813
1 0.457031 0.475000 0.029687 0.021875
1 0.503906 0.450781 0.035937 0.032813
1 0.527344 0.435937 0.029687 0.021875
1 0.508594 0.422656 0.035937 0.020313
1 0.675781 0.567969 0.014063 0.020313
5 0.646094 0.537500 0.020313 0.018750
5 0.650781 0.514844 0.039062 0.029687
5 0.549219 0.521875 0.029687 0.034375
5 0.544531 0.485156 0.029687 0.045312
5 0.517188 0.475000 0.034375 0.021875
5 0.471094 0.464062 0.026562 0.015625
5 0.347656 0.488281 0.054688 0.042188
5 0.310937 0.476562 0.068750 0.050000
5 0.359375 0.577344 0.059375 0.032813
5 0.625000 0.650000 0.025000 0.025000
5 0.521875 0.636719 0.037500 0.029687
5 0.470313 0.670312 0.043750 0.025000
5 0.203906 0.563281 0.039062 0.042188
2 0.616406 0.789062 0.039062 0.075000
2 0.795312 0.148438 0.018750 0.025000
2 0.615625 0.408594 0.040625 0.035937
2 0.648438 0.488281 0.034375 0.039062
4 0.560937 0.471094 0.046875 0.032813
1 0.655469 0.367188 0.023438 0.018750
1 0.607031 0.229687 0.026562 0.018750
1 0.557813 0.260937 0.021875 0.025000
1 0.602344 0.120313 0.026562 0.018750
1 0.620313 0.104688 0.025000 0.021875
5 0.685937 0.317969 0.025000 0.020313
5 0.675781 0.269531 0.023438 0.017188
1 0.500781 0.399219 0.029687 0.020313
