5 0.743750 0.121094 0.012500 0.010937
5 0.767969 0.171094 0.007812 0.010937
1 0.758594 0.046094 0.010937 0.010937
5 0.629687 0.217969 0.012500 0.014063
1 0.602344 0.284375 0.017188 0.012500
1 0.642969 0.308594 0.014063 0.014063
2 0.760156 0.344531 0.010937 0.023438
5 0.600781 0.257031 0.010937 0.014063
5 0.254688 0.282031 0.021875 0.017188
5 0.546875 0.001563 0.015625 0.003125
1 0.411719 0.373437 0.020313 0.015625
2 0.442188 0.553125 0.043750 0.056250
1 0.152344 0.662500 0.039062 0.040625
5 0.138281 0.653906 0.020313 0.032813
5 0.058594 0.743750 0.060937 0.050000
1 0.089844 0.773438 0.051562 0.040625
1 0.025000 0.678125 0.050000 0.037500
4 0.031250 0.582031 0.062500 0.070312
2 0.221875 0.479687 0.037500 0.043750
5 0.618750 0.600000 0.015625 0.015625
1 0.725000 0.436719 0.012500 0.007812
