4 0.546875 0.512500 0.037500 0.037500
4 0.497656 0.390625 0.060937 0.056250
2 0.541406 0.733594 0.064062 0.060937
2 0.590625 0.354687 0.065625 0.043750
2 0.507031 0.335938 0.039062 0.040625
5 0.413281 0.332813 0.042188 0.050000
5 0.362500 0.327344 0.078125 0.026562
5 0.133594 0.291406 0.048438 0.082812
5 0.232031 0.316406 0.048438 0.051562
5 0.056250 0.497656 0.050000 0.051562
5 0.160156 0.457031 0.079687 0.051562
5 0.318750 0.567187 0.043750 0.031250
5 0.481250 0.430469 0.056250 0.048438
1 0.536719 0.185156 0.035937 0.020313
1 0.378125 0.128906 0.046875 0.026562
1 0.366406 0.004687 0.051562 0.009375
5 0.607812 0.131250 0.034375 0.028125
1 0.208594 0.259375 0.039062 0.046875
1 0.209375 0.322656 0.059375 0.035937
1 0.259375 0.363281 0.056250 0.042188
1 0.309375 0.368750 0.062500 0.031250
1 0.462500 0.329688 0.040625 0.028125
