4 0.924219 0.339062 0.039062 0.046875
1 0.895312 0.329688 0.031250 0.040625
1 0.727344 0.207031 0.032813 0.048438
1 0.585156 0.421875 0.032813 0.040625
5 0.795312 0.443750 0.046875 0.065625
1 0.584375 0.508594 0.034375 0.045312
5 0.532813 0.421875 0.059375 0.046875
5 0.539844 0.450781 0.035937 0.045312
5 0.497656 0.327344 0.039062 0.048438
1 0.502344 0.359375 0.042188 0.037500
4 0.404687 0.329688 0.075000 0.084375
5 0.439063 0.496094 0.028125 0.035937
2 0.342969 0.750000 0.064062 0.037500
5 0.207031 0.215625 0.029687 0.053125
2 0.267969 0.571094 0.048438 0.042188
2 0.202344 0.681250 0.020313 0.034375
5 0.335938 0.936719 0.015625 0.017188
