4 0.077344 0.686719 0.142187 0.148438
4 0.346875 0.674219 0.115625 0.123438
4 0.189062 0.825781 0.087500 0.032813
4 0.271094 0.790625 0.082812 0.109375
4 0.522656 0.982812 0.076563 0.034375
4 0.049219 0.993750 0.045312 0.012500
4 0.302344 0.407031 0.048438 0.039062
4 0.234375 0.517188 0.071875 0.046875
4 0.353125 0.585156 0.115625 0.082812
4 0.160938 0.428906 0.087500 0.067187
4 0.221875 0.696875 0.140625 0.140625
4 0.087500 0.833594 0.140625 0.070312
5 0.108594 0.790625 0.035937 0.028125
5 0.042969 0.917969 0.048438 0.082812
5 0.427344 0.522656 0.060937 0.039062
5 0.391406 0.477344 0.026562 0.032813
4 0.671875 0.645312 0.065625 0.056250
4 0.113281 0.600781 0.039062 0.023438
4 0.447656 0.377344 0.048438 0.023438
4 0.687500 0.416406 0.100000 0.054688
4 0.346094 0.513281 0.085938 0.042188
4 0.500781 0.564844 0.029687 0.020313
4 0.353125 0.411719 0.028125 0.017188
4 0.617969 0.505469 0.154688 0.089063
4 0.493750 0.544531 0.112500 0.076563
4 0.446875 0.475000 0.093750 0.075000
4 0.298438 0.475000 0.065625 0.056250
4 0.364844 0.474219 0.042188 0.026562
4 0.059375 0.560937 0.118750 0.109375
5 0.039844 0.975781 0.029687 0.026562
