5 0.922656 0.416406 0.154688 0.154688
5 0.560156 0.574219 0.082812 0.145313
5 0.661719 0.753906 0.067187 0.114062
5 0.517188 0.503906 0.056250 0.067187
4 0.612500 0.193750 0.068750 0.087500
4 0.592187 0.409375 0.071875 0.059375
4 0.746094 0.346094 0.107813 0.101562
4 0.527344 0.439063 0.057813 0.062500
4 0.227344 0.417969 0.032813 0.042188
4 0.185938 0.399219 0.040625 0.067187
4 0.730469 0.562500 0.107813 0.143750
4 0.972656 0.452344 0.054688 0.057813
4 0.849219 0.494531 0.110937 0.032813
3 0.464062 0.943750 0.065625 0.112500
4 0.307812 0.578906 0.034375 0.042188
4 0.279687 0.345313 0.050000 0.081250
5 0.475000 0.299219 0.043750 0.039062
5 0.561719 0.245312 0.057813 0.081250
5 0.692187 0.293750 0.071875 0.090625
5 0.707812 0.546094 0.062500 0.073438
5 0.807813 0.520312 0.043750 0.053125
5 0.782031 0.457813 0.057813 0.062500
5 0.704688 0.461719 0.028125 0.029687
5 0.896875 0.135937 0.162500 0.134375
5 0.535937 0.378125 0.021875 0.021875
5 0.692187 0.342969 0.037500 0.054688
5 0.282813 0.472656 0.028125 0.032813
4 0.768750 0.271094 0.090625 0.079687
5 0.581250 0.332813 0.065625 0.081250
5 0.282031 0.182812 0.023438 0.050000
