5 0.774219 0.359375 0.017188 0.034375
4 0.829688 0.363281 0.028125 0.020313
4 0.850000 0.316406 0.018750 0.014063
2 0.737500 0.391406 0.021875 0.023438
5 0.732812 0.358594 0.015625 0.010937
5 0.889844 0.550781 0.029687 0.073438
2 0.911719 0.498437 0.023438 0.021875
2 0.764844 0.708594 0.001563 0.004687
2 0.755469 0.690625 0.032813 0.040625
3 0.707031 0.737500 0.029687 0.093750
5 0.802344 0.310937 0.023438 0.015625
3 0.514844 0.392188 0.023438 0.025000
1 0.655469 0.403125 0.010937 0.012500
3 0.642969 0.478906 0.039062 0.014063
3 0.600000 0.522656 0.018750 0.020313
2 0.574219 0.507031 0.039062 0.023438
2 0.935156 0.946094 0.060937 0.098437
