5 0.527344 0.728125 0.054688 0.062500
3 0.196094 0.997656 0.032813 0.004687
4 0.473438 0.223438 0.081250 0.125000
4 0.965625 0.299219 0.050000 0.051562
4 0.753906 0.404687 0.092188 0.143750
4 0.955469 0.513281 0.026562 0.032813
4 0.950781 0.198437 0.076563 0.143750
4 0.857812 0.222656 0.068750 0.120313
3 0.721875 0.180469 0.103125 0.114062
3 0.688281 0.233594 0.029687 0.045312
4 0.622656 0.114844 0.045312 0.042188
4 0.639844 0.144531 0.029687 0.051562
4 0.667969 0.214844 0.023438 0.035937
4 0.871875 0.083594 0.034375 0.064062
4 0.845313 0.081250 0.021875 0.043750
4 0.782031 0.152344 0.023438 0.026562
4 0.756250 0.081250 0.046875 0.062500
2 0.879687 0.021875 0.031250 0.025000
5 0.602344 0.350000 0.020313 0.043750
5 0.875781 0.398438 0.060937 0.146875
4 0.757031 0.253906 0.020313 0.026562
4 0.589063 0.882031 0.021875 0.054688
