5 0.381250 0.108594 0.046875 0.042188
5 0.536719 0.175781 0.035937 0.029687
5 0.142187 0.425781 0.078125 0.089063
5 0.227344 0.402344 0.064062 0.054688
4 0.555469 0.494531 0.045312 0.045312
5 0.472656 0.526563 0.064062 0.065625
5 0.491406 0.463281 0.048438 0.032813
5 0.365625 0.619531 0.056250 0.032813
4 0.472656 0.435156 0.060937 0.051562
2 0.499219 0.414062 0.054688 0.053125
2 0.548438 0.360938 0.075000 0.065625
2 0.592969 0.717969 0.064062 0.082812
1 0.281250 0.516406 0.068750 0.051562
1 0.478125 0.258594 0.040625 0.023438
1 0.265625 0.153906 0.053125 0.057813
1 0.301563 0.066406 0.043750 0.042188
1 0.314844 0.310156 0.057813 0.035937
1 0.432031 0.403125 0.042188 0.043750
1 0.207813 0.445312 0.062500 0.043750
