5 0.667969 0.492188 0.073438 0.087500
4 0.736719 0.371094 0.110937 0.095312
2 0.170313 0.302344 0.068750 0.060937
5 0.089844 0.100781 0.032813 0.048438
4 0.747656 0.744531 0.107813 0.107813
4 0.809375 0.804688 0.115625 0.096875
4 0.524219 0.846875 0.064062 0.043750
4 0.520312 0.946094 0.040625 0.029687
4 0.776563 0.527344 0.071875 0.067187
4 0.852344 0.422656 0.057813 0.070312
4 0.852344 0.366406 0.045312 0.060937
5 0.894531 0.457813 0.079687 0.084375
4 0.456250 0.788281 0.071875 0.076563
4 0.433594 0.960938 0.051562 0.046875
5 0.157812 0.900000 0.062500 0.059375
5 0.015625 0.638281 0.025000 0.107813
4 0.607031 0.539844 0.092188 0.107813
4 0.854688 0.537500 0.053125 0.062500
