4 0.250781 0.373437 0.089063 0.150000
4 0.081250 0.465625 0.090625 0.062500
4 0.178906 0.411719 0.076563 0.032813
4 0.362500 0.261719 0.071875 0.098437
4 0.362500 0.157812 0.056250 0.053125
4 0.514844 0.489063 0.039062 0.056250
4 0.604688 0.431250 0.037500 0.065625
4 0.650781 0.179688 0.023438 0.037500
4 0.807031 0.172656 0.042188 0.064062
5 0.442969 0.819531 0.051562 0.042188
4 0.622656 0.991406 0.039062 0.010937
4 0.951562 0.781250 0.025000 0.096875
4 0.505469 0.545312 0.073438 0.059375
5 0.705469 0.364063 0.035937 0.043750
