2 0.605469 0.552344 0.085938 0.057813
2 0.706250 0.355469 0.034375 0.020313
4 0.875781 0.768750 0.104688 0.115625
5 0.642188 0.680469 0.062500 0.057813
4 0.537500 0.575000 0.109375 0.103125
4 0.534375 0.503906 0.075000 0.045312
4 0.690625 0.549219 0.106250 0.070312
4 0.399219 0.650000 0.039062 0.034375
4 0.393750 0.800781 0.053125 0.032813
4 0.428906 0.875000 0.054688 0.059375
5 0.487500 0.881250 0.112500 0.075000
4 0.753906 0.695312 0.154688 0.218750
4 0.684375 0.880469 0.284375 0.173437
5 0.310156 0.457031 0.092188 0.092188
4 0.360938 0.866406 0.128125 0.126562
4 0.319531 0.939844 0.082812 0.060937
4 0.398438 0.958594 0.175000 0.082812
4 0.259375 0.985938 0.087500 0.028125
4 0.192188 0.784375 0.093750 0.068750
4 0.150000 0.782031 0.109375 0.076563
4 0.182031 0.861719 0.139063 0.135937
4 0.328125 0.643750 0.168750 0.096875
3 0.088281 0.387500 0.079687 0.056250
