2 0.471094 0.727344 0.045312 0.073438
2 0.423438 0.317969 0.034375 0.032813
2 0.391406 0.424219 0.042188 0.051562
2 0.214062 0.126562 0.018750 0.025000
5 0.475781 0.432031 0.035937 0.042188
5 0.510156 0.431250 0.042188 0.034375
5 0.713281 0.380469 0.076563 0.035937
5 0.675781 0.403125 0.026562 0.050000
5 0.821094 0.505469 0.042188 0.035937
5 0.704688 0.503906 0.062500 0.029687
4 0.483594 0.592969 0.032813 0.042188
5 0.448437 0.603906 0.031250 0.014063
5 0.621875 0.585938 0.037500 0.018750
5 0.401562 0.483594 0.021875 0.017188
5 0.325000 0.260156 0.028125 0.010937
5 0.348438 0.203906 0.025000 0.014063
1 0.362500 0.299219 0.025000 0.010937
1 0.409375 0.057813 0.025000 0.015625
1 0.389062 0.036719 0.028125 0.017188
1 0.404687 0.164844 0.025000 0.017188
1 0.444531 0.192969 0.020313 0.020313
1 0.517969 0.317969 0.035937 0.032813
1 0.509375 0.355469 0.037500 0.020313
1 0.489063 0.371875 0.018750 0.028125
1 0.517969 0.380469 0.029687 0.032813
1 0.590625 0.401562 0.034375 0.031250
1 0.554688 0.433594 0.034375 0.017188
1 0.523438 0.592969 0.043750 0.017188
1 0.385937 0.504687 0.015625 0.018750
5 0.531250 0.458594 0.025000 0.023438
5 0.455469 0.402344 0.029687 0.042188
