2 0.600781 0.256250 0.057813 0.081250
2 0.582812 0.688281 0.040625 0.039062
2 0.633594 0.582812 0.051562 0.059375
2 0.767969 0.920312 0.023438 0.028125
5 0.547656 0.560937 0.042188 0.046875
5 0.512500 0.557031 0.050000 0.042188
5 0.292969 0.575781 0.082812 0.048438
5 0.336719 0.558594 0.035937 0.054688
5 0.203125 0.428906 0.050000 0.045312
5 0.321875 0.450781 0.068750 0.039062
4 0.566406 0.392969 0.039062 0.048438
5 0.603125 0.387500 0.034375 0.018750
5 0.421875 0.378906 0.043750 0.026562
5 0.632812 0.521094 0.028125 0.023438
5 0.675781 0.764062 0.029687 0.015625
5 0.642188 0.817969 0.028125 0.017188
1 0.642188 0.718750 0.028125 0.015625
1 0.554688 0.960156 0.031250 0.020313
1 0.571875 0.985156 0.031250 0.020313
1 0.577344 0.850000 0.029687 0.021875
1 0.540625 0.814063 0.025000 0.025000
1 0.485938 0.672656 0.043750 0.039062
1 0.500000 0.633594 0.043750 0.026562
1 0.524219 0.621094 0.023438 0.032813
1 0.495312 0.608594 0.034375 0.035937
1 0.422656 0.573438 0.039062 0.037500
1 0.467187 0.547656 0.040625 0.023438
1 0.524219 0.387500 0.048438 0.025000
1 0.653125 0.500781 0.018750 0.023438
5 0.493750 0.524219 0.028125 0.026562
5 0.562500 0.594531 0.037500 0.048438
