1 0.450000 0.331250 0.031250 0.025000
3 0.596094 0.145313 0.051562 0.075000
2 0.535156 0.392969 0.042188 0.045312
2 0.579688 0.349219 0.034375 0.045312
2 0.683594 0.396875 0.067187 0.050000
3 0.530469 0.505469 0.045312 0.026562
3 0.469531 0.408594 0.017188 0.020313
3 0.710938 0.525000 0.031250 0.031250
3 0.576562 0.630469 0.025000 0.032813
3 0.486719 0.529687 0.029687 0.043750
4 0.624219 0.518750 0.060937 0.053125
5 0.495312 0.448437 0.028125 0.031250
5 0.421094 0.320312 0.017188 0.040625
4 0.373437 0.568750 0.021875 0.031250
5 0.388281 0.406250 0.023438 0.018750
5 0.371094 0.397656 0.014063 0.020313
5 0.363281 0.417187 0.014063 0.012500
1 0.517969 0.852344 0.020313 0.017188
