4 0.721094 0.331250 0.185938 0.093750
4 0.776563 0.160938 0.065625 0.056250
4 0.828906 0.244531 0.104688 0.085938
4 0.898438 0.210938 0.053125 0.046875
4 0.544531 0.306250 0.054688 0.046875
4 0.357031 0.434375 0.067187 0.090625
4 0.203906 0.565625 0.095312 0.059375
4 0.388281 0.353906 0.039062 0.026562
5 0.400000 0.242969 0.018750 0.026562
4 0.607031 0.483594 0.032813 0.039062
4 0.636719 0.408594 0.060937 0.035937
4 0.341406 0.632031 0.082812 0.042188
4 0.021094 0.583594 0.035937 0.042188
4 0.292187 0.182812 0.056250 0.059375
4 0.419531 0.135937 0.035937 0.025000
4 0.281250 0.264844 0.046875 0.014063
4 0.427344 0.364063 0.032813 0.034375
5 0.518750 0.410938 0.056250 0.050000
4 0.299219 0.317188 0.070312 0.043750
4 0.596875 0.568750 0.056250 0.059375
