4 0.128125 0.418750 0.103125 0.056250
4 0.342969 0.682813 0.114062 0.078125
4 0.164062 0.699219 0.071875 0.095312
4 0.193750 0.582812 0.128125 0.137500
4 0.116406 0.621094 0.085938 0.057813
4 0.046875 0.588281 0.068750 0.070312
4 0.361719 0.470313 0.089063 0.084375
4 0.444531 0.378906 0.051562 0.073438
4 0.544531 0.406250 0.076563 0.150000
4 0.283594 0.909375 0.064062 0.053125
2 0.385937 0.935156 0.015625 0.035937
5 0.298438 0.953906 0.059375 0.060937
4 0.119531 0.915625 0.114062 0.106250
4 0.210156 0.842187 0.067187 0.065625
4 0.216406 0.931250 0.067187 0.090625
4 0.264844 0.753125 0.098437 0.106250
4 0.231250 0.654687 0.043750 0.062500
4 0.241406 0.501563 0.057813 0.050000
4 0.550000 0.282031 0.065625 0.092188
4 0.553906 0.540625 0.035937 0.034375
4 0.193750 0.062500 0.100000 0.125000
4 0.021875 0.720313 0.043750 0.137500
4 0.345313 0.935937 0.078125 0.103125
