5 0.361719 0.787500 0.048438 0.062500
5 0.958594 0.835938 0.023438 0.046875
5 0.982812 0.111719 0.034375 0.057813
5 0.357812 0.242969 0.028125 0.029687
4 0.425781 0.460938 0.098437 0.037500
1 0.255469 0.407031 0.048438 0.026562
1 0.511719 0.541406 0.073438 0.039062
1 0.514062 0.685937 0.075000 0.037500
1 0.371875 0.735156 0.050000 0.029687
4 0.443750 0.739062 0.068750 0.075000
2 0.014844 0.653125 0.029687 0.050000
2 0.373437 0.538281 0.053125 0.051562
5 0.533594 0.294531 0.060937 0.029687
5 0.318750 0.281250 0.028125 0.034375
1 0.748437 0.544531 0.050000 0.035937
