5 0.464844 0.741406 0.039062 0.042188
5 0.497656 0.486719 0.035937 0.035937
5 0.493750 0.507031 0.050000 0.039062
1 0.482812 0.522656 0.043750 0.032813
1 0.572656 0.792969 0.029687 0.029687
1 0.757031 0.642969 0.042188 0.035937
4 0.576562 0.832812 0.056250 0.050000
5 0.586719 0.483594 0.035937 0.045312
4 0.615625 0.337500 0.078125 0.065625
1 0.547656 0.439844 0.035937 0.029687
1 0.431250 0.435937 0.043750 0.031250
5 0.453125 0.407813 0.031250 0.025000
2 0.376563 0.205469 0.040625 0.051562
5 0.422656 0.045312 0.029687 0.031250
1 0.239844 0.061719 0.029687 0.023438
2 0.181250 0.256250 0.037500 0.068750
