4 0.510938 0.357031 0.159375 0.089063
5 0.393750 0.416406 0.050000 0.045312
4 0.434375 0.526563 0.115625 0.068750
4 0.639844 0.358594 0.054688 0.029687
4 0.460938 0.960938 0.190625 0.078125
5 0.719531 0.826562 0.104688 0.121875
4 0.684375 0.737500 0.090625 0.059375
4 0.592187 0.715625 0.090625 0.059375
4 0.523438 0.761719 0.131250 0.089063
4 0.585156 0.769531 0.064062 0.064062
4 0.808594 0.903125 0.126562 0.103125
4 0.790625 0.843750 0.071875 0.065625
4 0.907813 0.822656 0.131250 0.120313
4 0.866406 0.917969 0.070312 0.042188
5 0.896094 0.670312 0.095312 0.075000
2 0.744531 0.692969 0.029687 0.032813
4 0.943750 0.897656 0.025000 0.042188
4 0.743750 0.746094 0.056250 0.060937
5 0.578125 0.821875 0.075000 0.062500
4 0.448437 0.821875 0.078125 0.065625
4 0.225000 0.887500 0.112500 0.090625
4 0.329688 0.884375 0.134375 0.100000
4 0.114062 0.764062 0.037500 0.040625
4 0.003125 0.486719 0.006250 0.057813
4 0.114062 0.673438 0.131250 0.065625
4 0.179688 0.709375 0.050000 0.028125
4 0.310937 0.711719 0.078125 0.060937
5 0.153125 0.747656 0.046875 0.042188
5 0.189844 0.650000 0.042188 0.037500
5 0.700000 0.756250 0.043750 0.043750
5 0.371875 0.682031 0.025000 0.023438
4 0.395313 0.747656 0.134375 0.126562
5 0.095312 0.711719 0.043750 0.026562
4 0.525000 0.578125 0.134375 0.096875
