4 0.939063 0.596875 0.121875 0.181250
4 0.693750 0.670312 0.140625 0.146875
4 0.898438 0.770312 0.093750 0.050000
4 0.807031 0.761719 0.104688 0.126562
4 0.653906 0.394531 0.054688 0.048438
4 0.756250 0.481250 0.081250 0.062500
4 0.660156 0.585938 0.132812 0.106250
4 0.800781 0.371094 0.101562 0.085938
4 0.825000 0.653906 0.171875 0.170313
4 0.961719 0.742969 0.076563 0.101562
5 0.967187 0.709375 0.043750 0.037500
5 0.568750 0.549219 0.068750 0.051562
5 0.586719 0.492188 0.032813 0.037500
4 0.366406 0.746875 0.076563 0.068750
4 0.900781 0.523438 0.045312 0.031250
4 0.500781 0.410938 0.054688 0.034375
4 0.277344 0.527344 0.110937 0.076563
4 0.646094 0.514062 0.095312 0.062500
4 0.508594 0.613281 0.032813 0.026562
4 0.604688 0.415625 0.031250 0.021875
4 0.373437 0.592187 0.171875 0.121875
4 0.508594 0.591406 0.126562 0.098437
4 0.533594 0.507812 0.110937 0.093750
4 0.679688 0.458594 0.075000 0.067187
4 0.613281 0.480469 0.048438 0.035937
4 0.934375 0.465625 0.131250 0.134375
