4 0.840625 0.751563 0.078125 0.062500
4 0.715625 0.892188 0.071875 0.071875
4 0.754687 0.759375 0.065625 0.087500
4 0.358594 0.604688 0.092188 0.081250
4 0.113281 0.765625 0.076563 0.109375
4 0.181250 0.728906 0.068750 0.067187
4 0.591406 0.224219 0.064062 0.057813
4 0.783594 0.229687 0.104688 0.062500
4 0.756250 0.273438 0.040625 0.028125
4 0.955469 0.460938 0.089063 0.078125
4 0.660156 0.489844 0.151562 0.120313
4 0.267969 0.482812 0.107813 0.087500
4 0.176563 0.428906 0.178125 0.114062
4 0.089063 0.539062 0.178125 0.118750
4 0.818750 0.969531 0.125000 0.060937
4 0.674219 0.991406 0.057813 0.017188
4 0.231250 0.876563 0.118750 0.075000
4 0.585156 0.976562 0.107813 0.046875
