5 0.515625 0.176563 0.087500 0.090625
5 0.492969 0.277344 0.042188 0.101562
5 0.324219 0.520312 0.042188 0.053125
5 0.396094 0.703906 0.029687 0.035937
5 0.752344 0.353906 0.045312 0.054688
1 0.577344 0.405469 0.029687 0.060937
1 0.684375 0.264844 0.053125 0.045312
1 0.569531 0.247656 0.042188 0.051562
1 0.535937 0.262500 0.046875 0.078125
1 0.367188 0.427344 0.050000 0.045312
1 0.269531 0.453906 0.032813 0.051562
1 0.183594 0.421875 0.042188 0.065625
1 0.485156 0.628125 0.032813 0.046875
1 0.589063 0.525000 0.040625 0.043750
2 0.901563 0.573438 0.093750 0.065625
2 0.530469 0.658594 0.067187 0.073438
2 0.653125 0.554688 0.046875 0.046875
2 0.174219 0.705469 0.051562 0.048438
4 0.630469 0.634375 0.057813 0.053125
