4 0.386719 0.822656 0.110937 0.123438
4 0.510938 0.883594 0.103125 0.092188
4 0.572656 0.958594 0.045312 0.076563
4 0.625781 0.657813 0.092188 0.125000
4 0.353906 0.554688 0.060937 0.068750
4 0.140625 0.523438 0.050000 0.100000
4 0.312500 0.848437 0.075000 0.081250
5 0.261719 0.784375 0.051562 0.068750
4 0.275781 0.954688 0.054688 0.081250
4 0.171875 0.910156 0.031250 0.045312
4 0.174219 0.858594 0.023438 0.026562
5 0.217969 0.805469 0.029687 0.026562
4 0.123438 0.738281 0.034375 0.039062
4 0.462500 0.961719 0.025000 0.057813
5 0.536719 0.988281 0.029687 0.023438
5 0.746094 0.663281 0.079687 0.098437
4 0.190625 0.975000 0.075000 0.050000
4 0.231250 0.914844 0.050000 0.104688
4 0.263281 0.828906 0.042188 0.051562
4 0.267969 0.724219 0.073438 0.107813
4 0.285156 0.721094 0.026562 0.032813
5 0.096094 0.871094 0.017188 0.032813
4 0.242188 0.606250 0.078125 0.146875
4 0.395313 0.928906 0.084375 0.095312
