5 0.096875 0.292187 0.159375 0.143750
5 0.392969 0.585938 0.073438 0.150000
5 0.225781 0.724219 0.060937 0.114062
5 0.464062 0.534375 0.053125 0.068750
4 0.485156 0.194531 0.067187 0.089063
4 0.423438 0.412500 0.071875 0.059375
4 0.297656 0.294531 0.107813 0.098437
4 0.478125 0.467187 0.056250 0.062500
4 0.777344 0.559375 0.029687 0.040625
4 0.825000 0.554688 0.037500 0.068750
4 0.232031 0.511719 0.101562 0.145313
4 0.042188 0.311719 0.046875 0.048438
4 0.140625 0.401562 0.118750 0.025000
3 0.352344 0.956250 0.048438 0.059375
4 0.639844 0.685937 0.032813 0.043750
4 0.753906 0.469531 0.045312 0.082812
5 0.579688 0.348438 0.043750 0.037500
5 0.516406 0.264844 0.054688 0.082812
5 0.371875 0.263281 0.068750 0.092188
5 0.261719 0.502344 0.060937 0.073438
5 0.171875 0.440625 0.040625 0.053125
5 0.219531 0.389062 0.057813 0.062500
5 0.293750 0.421094 0.028125 0.029687
5 0.228906 0.047656 0.164062 0.095312
5 0.492188 0.403125 0.025000 0.021875
5 0.350781 0.310937 0.035937 0.056250
5 0.702344 0.592187 0.026562 0.031250
4 0.304688 0.210938 0.090625 0.078125
5 0.464062 0.342187 0.062500 0.081250
5 0.812500 0.308594 0.018750 0.051562
