1 0.296875 0.497656 0.034375 0.032813
5 0.218750 0.570312 0.046875 0.028125
5 0.231250 0.601562 0.031250 0.025000
5 0.342187 0.618750 0.037500 0.040625
4 0.536719 0.585938 0.029687 0.021875
3 0.523438 0.464844 0.040625 0.051562
5 0.380469 0.446875 0.045312 0.043750
3 0.396875 0.508594 0.031250 0.023438
3 0.302344 0.466406 0.070312 0.070312
3 0.492969 0.197656 0.039062 0.032813
3 0.615625 0.374219 0.040625 0.032813
2 0.403906 0.317188 0.054688 0.078125
2 0.301563 0.422656 0.056250 0.054688
2 0.272656 0.365625 0.051562 0.046875
2 0.086719 0.444531 0.042188 0.035937
3 0.441406 0.421875 0.042188 0.040625
4 0.564844 0.371875 0.054688 0.068750
1 0.783594 0.383594 0.020313 0.023438
