4 0.578125 0.616406 0.140625 0.110937
4 0.475000 0.718750 0.175000 0.168750
4 0.391406 0.842187 0.179688 0.118750
4 0.698438 0.618750 0.071875 0.071875
4 0.852344 0.579688 0.095312 0.071875
4 0.430469 0.357812 0.098437 0.059375
4 0.750781 0.916406 0.198437 0.167187
4 0.869531 0.967969 0.070312 0.064062
5 0.901563 0.868750 0.137500 0.059375
5 0.796094 0.746875 0.085938 0.075000
4 0.888281 0.840625 0.192188 0.228125
4 0.812500 0.710156 0.106250 0.095312
5 0.940625 0.703125 0.093750 0.037500
2 0.650000 0.769531 0.090625 0.092188
5 0.569531 0.800000 0.054688 0.075000
2 0.691406 0.674219 0.026562 0.026562
5 0.596875 0.875781 0.115625 0.123438
4 0.646094 0.982031 0.029687 0.035937
4 0.498437 0.889844 0.021875 0.020313
4 0.505469 0.987500 0.117188 0.025000
4 0.349219 0.902344 0.201563 0.189062
4 0.262500 0.382031 0.093750 0.064062
4 0.753906 0.728906 0.070312 0.076563
