4 0.852344 0.137500 0.117188 0.125000
2 0.818750 0.052344 0.028125 0.026562
4 0.865625 0.028125 0.034375 0.031250
4 0.967187 0.749219 0.053125 0.089063
4 0.403125 0.314844 0.037500 0.079687
4 0.851562 0.807813 0.043750 0.021875
2 0.941406 0.857031 0.017188 0.010937
2 0.173437 0.737500 0.006250 0.018750
2 0.290625 0.257812 0.009375 0.015625
2 0.421875 0.104688 0.009375 0.018750
2 0.739062 0.168750 0.040625 0.046875
5 0.498437 0.418750 0.015625 0.025000
5 0.969531 0.338281 0.060937 0.145313
4 0.958594 0.103906 0.048438 0.042188
