1 0.477344 0.667969 0.029687 0.029687
3 0.774219 0.957812 0.085938 0.040625
3 0.552344 0.532813 0.026562 0.043750
3 0.533594 0.490625 0.048438 0.015625
3 0.650781 0.431250 0.039062 0.031250
3 0.760156 0.560156 0.032813 0.029687
2 0.585156 0.578906 0.042188 0.039062
2 0.603906 0.761719 0.035937 0.039062
2 0.725781 0.746094 0.070312 0.039062
4 0.433594 0.443750 0.023438 0.028125
3 0.491406 0.611719 0.023438 0.017188
5 0.437500 0.646094 0.018750 0.023438
5 0.453125 0.597656 0.012500 0.020313
5 0.422656 0.536719 0.020313 0.023438
5 0.446875 0.546875 0.018750 0.021875
1 0.643750 0.152344 0.025000 0.017188
4 0.761719 0.645312 0.073438 0.056250
