2 0.452344 0.727344 0.042188 0.073438
2 0.364063 0.419531 0.046875 0.042188
2 0.398438 0.328125 0.031250 0.031250
2 0.154688 0.117188 0.015625 0.021875
2 0.282031 0.259375 0.023438 0.012500
1 0.500000 0.589063 0.034375 0.018750
1 0.507812 0.381250 0.034375 0.028125
1 0.496094 0.356250 0.035937 0.015625
1 0.479687 0.360938 0.018750 0.031250
1 0.504687 0.321094 0.031250 0.032813
1 0.412500 0.180469 0.018750 0.023438
1 0.344531 0.155469 0.023438 0.017188
1 0.317188 0.300000 0.028125 0.015625
1 0.546875 0.426563 0.018750 0.025000
1 0.571875 0.407031 0.031250 0.029687
1 0.355469 0.504687 0.023438 0.015625
5 0.432812 0.596875 0.031250 0.025000
5 0.570312 0.589063 0.031250 0.018750
5 0.372656 0.454688 0.032813 0.025000
5 0.287500 0.198437 0.018750 0.012500
4 0.471875 0.595313 0.025000 0.037500
5 0.640625 0.487500 0.056250 0.025000
5 0.739062 0.467187 0.040625 0.037500
5 0.662500 0.375781 0.050000 0.042188
5 0.505469 0.421875 0.035937 0.028125
5 0.472656 0.418750 0.026562 0.040625
5 0.531250 0.439063 0.018750 0.015625
1 0.351562 0.039062 0.025000 0.018750
4 0.445312 0.396094 0.034375 0.039062
