3 0.742969 0.165625 0.029687 0.053125
5 0.483594 0.259375 0.057813 0.062500
4 0.449219 0.292969 0.101562 0.104688
4 0.197656 0.482031 0.082812 0.095312
4 0.210156 0.543750 0.048438 0.062500
4 0.230469 0.686719 0.048438 0.054688
4 0.212500 0.640625 0.043750 0.050000
3 0.157812 0.692187 0.134375 0.187500
4 0.042188 0.629687 0.043750 0.025000
5 0.083594 0.778906 0.051562 0.064062
4 0.131250 0.899219 0.050000 0.064062
4 0.107813 0.860938 0.050000 0.028125
4 0.200781 0.960938 0.214062 0.078125
4 0.223438 0.908594 0.093750 0.064062
5 0.295312 0.948438 0.084375 0.103125
4 0.183594 0.880469 0.029687 0.035937
4 0.359375 0.750000 0.103125 0.134375
4 0.495312 0.630469 0.062500 0.048438
4 0.658594 0.743750 0.032813 0.031250
4 0.249219 0.581250 0.101562 0.162500
5 0.332031 0.534375 0.042188 0.059375
