5 0.510156 0.402344 0.026562 0.020313
5 0.521094 0.505469 0.029687 0.026562
5 0.474219 0.589844 0.032813 0.026562
5 0.569531 0.680469 0.035937 0.023438
5 0.525000 0.762500 0.050000 0.034375
5 0.543750 0.807031 0.078125 0.042188
5 0.470313 0.747656 0.071875 0.042188
5 0.498437 0.727344 0.037500 0.048438
5 0.605469 0.698438 0.026562 0.028125
5 0.032813 0.407813 0.015625 0.025000
1 0.071094 0.425000 0.026562 0.021875
1 0.064844 0.394531 0.017188 0.026562
2 0.143750 0.389062 0.040625 0.021875
5 0.172656 0.496094 0.017188 0.026562
1 0.217969 0.501563 0.026562 0.028125
1 0.249219 0.489844 0.029687 0.023438
5 0.282031 0.484375 0.042188 0.034375
1 0.310937 0.503906 0.021875 0.039062
1 0.325000 0.597656 0.025000 0.035937
4 0.239844 0.475781 0.029687 0.032813
1 0.428906 0.486719 0.032813 0.023438
1 0.425781 0.467969 0.029687 0.023438
1 0.494531 0.330469 0.017188 0.017188
4 0.650781 0.648438 0.048438 0.031250
2 0.650000 0.537500 0.046875 0.043750
2 0.771875 0.557031 0.065625 0.045312
5 0.691406 0.552344 0.023438 0.020313
1 0.669531 0.419531 0.020313 0.020313
