1 0.393750 0.242188 0.031250 0.050000
1 0.384375 0.440625 0.028125 0.037500
1 0.535156 0.901563 0.017188 0.012500
1 0.580469 0.213281 0.035937 0.051562
5 0.123438 0.298438 0.037500 0.053125
5 0.203906 0.416406 0.035937 0.035937
5 0.113281 0.385937 0.020313 0.031250
1 0.718750 0.271875 0.046875 0.046875
5 0.746094 0.273438 0.051562 0.028125
4 0.661719 0.221875 0.057813 0.053125
2 0.542188 0.300781 0.065625 0.054688
2 0.604688 0.592969 0.046875 0.051562
2 0.558594 0.914844 0.035937 0.017188
5 0.592969 0.807031 0.010937 0.014063
4 0.361719 0.241406 0.039062 0.039062
