4 0.497656 0.433594 0.039062 0.039062
4 0.378906 0.485156 0.054688 0.057813
2 0.713281 0.425781 0.060937 0.060937
2 0.339062 0.397656 0.043750 0.067187
2 0.325781 0.482031 0.042188 0.039062
5 0.327344 0.572656 0.051562 0.042188
5 0.324219 0.624219 0.026562 0.076563
5 0.300781 0.850000 0.082812 0.050000
5 0.321094 0.752344 0.051562 0.048438
5 0.507031 0.914844 0.051562 0.048438
5 0.463281 0.814844 0.051562 0.079687
5 0.561719 0.653906 0.032813 0.045312
5 0.419531 0.502344 0.048438 0.054688
1 0.175000 0.459375 0.021875 0.034375
1 0.128906 0.617969 0.026562 0.048438
5 0.118750 0.392969 0.028125 0.035937
1 0.265625 0.777344 0.046875 0.039062
1 0.327344 0.774219 0.035937 0.057813
1 0.364844 0.722656 0.042188 0.057813
1 0.368750 0.672656 0.031250 0.060937
1 0.321875 0.525781 0.028125 0.042188
