5 0.697656 0.917969 0.010937 0.010937
5 0.728125 0.870313 0.006250 0.009375
5 0.594531 0.803125 0.010937 0.012500
1 0.578125 0.732031 0.015625 0.010937
1 0.620313 0.712500 0.012500 0.012500
2 0.746094 0.694531 0.007812 0.023438
5 0.571875 0.760938 0.009375 0.012500
5 0.222656 0.685156 0.023438 0.017188
1 0.394531 0.614844 0.020313 0.014063
2 0.451562 0.435937 0.037500 0.053125
1 0.174219 0.284375 0.035937 0.037500
5 0.157812 0.290625 0.015625 0.031250
5 0.089844 0.187500 0.057813 0.043750
1 0.125781 0.162500 0.048438 0.037500
1 0.044531 0.248438 0.051562 0.031250
4 0.033594 0.342969 0.067187 0.060937
2 0.219531 0.478906 0.032813 0.042188
5 0.639062 0.414844 0.015625 0.014063
1 0.724219 0.593750 0.010937 0.006250
