4 0.867969 0.600000 0.148438 0.075000
4 0.888281 0.694531 0.070312 0.048438
4 0.786719 0.757031 0.082812 0.076563
5 0.329688 0.721875 0.053125 0.043750
5 0.217969 0.811719 0.048438 0.032813
4 0.333594 0.802344 0.095312 0.060937
4 0.188281 0.721094 0.092188 0.064062
4 0.287500 0.747656 0.053125 0.035937
4 0.339844 0.887500 0.110937 0.090625
4 0.364844 0.741406 0.051562 0.051562
4 0.421875 0.816406 0.056250 0.057813
4 0.264062 0.776563 0.025000 0.031250
4 0.007812 0.518750 0.015625 0.012500
4 0.057031 0.660156 0.039062 0.029687
2 0.354687 0.651563 0.031250 0.012500
4 0.742188 0.560156 0.028125 0.023438
4 0.540625 0.883594 0.090625 0.064062
4 0.503906 0.783594 0.079687 0.089063
4 0.579688 0.741406 0.065625 0.089063
4 0.587500 0.830469 0.056250 0.048438
4 0.692187 0.928125 0.028125 0.040625
4 0.631250 0.986719 0.062500 0.023438
4 0.369531 0.674219 0.057813 0.045312
4 0.810156 0.965625 0.042188 0.056250
4 0.235937 0.779687 0.025000 0.034375
4 0.610156 0.941406 0.060937 0.089063
