5 0.080469 0.586719 0.017188 0.023438
5 0.345313 0.796094 0.034375 0.023438
5 0.528125 0.735938 0.043750 0.037500
5 0.714063 0.641406 0.081250 0.054688
5 0.800781 0.570312 0.104688 0.059375
5 0.881250 0.450781 0.059375 0.064062
5 0.682813 0.248438 0.056250 0.087500
5 0.555469 0.300781 0.064062 0.054688
5 0.251563 0.235937 0.021875 0.021875
1 0.288281 0.268750 0.026562 0.037500
1 0.349219 0.270313 0.045312 0.037500
1 0.386719 0.271094 0.042188 0.039062
1 0.332031 0.379688 0.023438 0.025000
1 0.223438 0.178906 0.028125 0.023438
1 0.214844 0.210938 0.020313 0.021875
1 0.167187 0.160156 0.034375 0.023438
1 0.170313 0.138281 0.031250 0.023438
5 0.076563 0.187500 0.018750 0.025000
2 0.160938 0.200781 0.034375 0.042188
5 0.282813 0.167969 0.053125 0.035937
1 0.141406 0.717969 0.017188 0.017188
5 0.182031 0.707031 0.017188 0.014063
2 0.235156 0.816406 0.057813 0.057813
2 0.340625 0.744531 0.062500 0.067187
1 0.323437 0.604688 0.031250 0.040625
1 0.366406 0.605469 0.026562 0.039062
5 0.506250 0.628906 0.046875 0.048438
5 0.645312 0.586719 0.053125 0.048438
5 0.665625 0.576562 0.050000 0.046875
4 0.523438 0.689063 0.059375 0.071875
5 0.489063 0.310156 0.053125 0.035937
4 0.309375 0.375000 0.046875 0.046875
