4 0.470313 0.904687 0.175000 0.190625
4 0.307031 0.824219 0.057813 0.092188
4 0.367188 0.759375 0.062500 0.046875
4 0.512500 0.642969 0.050000 0.057813
4 0.432812 0.339062 0.093750 0.175000
4 0.494531 0.521875 0.039062 0.050000
4 0.489844 0.457031 0.070312 0.098437
4 0.579688 0.417187 0.050000 0.065625
4 0.793750 0.535937 0.068750 0.068750
4 0.512500 0.165625 0.050000 0.062500
4 0.493750 0.023438 0.050000 0.034375
5 0.626563 0.029687 0.025000 0.018750
4 0.318750 0.193750 0.043750 0.031250
4 0.228125 0.163281 0.050000 0.064062
5 0.414062 0.114844 0.040625 0.054688
4 0.731250 0.064062 0.028125 0.034375
4 0.384375 0.240625 0.034375 0.062500
