4 0.531250 0.589844 0.140625 0.117188
4 0.624219 0.279687 0.067187 0.056250
4 0.518750 0.201563 0.059375 0.034375
4 0.537500 0.382031 0.075000 0.048438
4 0.919531 0.203125 0.026562 0.028125
4 0.943750 0.202344 0.025000 0.023438
4 0.953125 0.237500 0.021875 0.028125
4 0.896094 0.246875 0.017188 0.015625
4 0.822656 0.112500 0.039062 0.028125
4 0.879687 0.157031 0.050000 0.026562
4 0.910937 0.116406 0.037500 0.026562
4 0.939063 0.119531 0.009375 0.029687
5 0.309375 0.951562 0.059375 0.034375
4 0.078906 0.546094 0.029687 0.020313
4 0.450000 0.416406 0.043750 0.020313
4 0.341406 0.496875 0.026562 0.021875
4 0.427344 0.408594 0.010937 0.014063
4 0.673438 0.435937 0.015625 0.012500
4 0.494531 0.524219 0.026562 0.020313
