1 0.764844 0.610156 0.051562 0.032813
1 0.562500 0.616406 0.037500 0.029687
1 0.093750 0.453906 0.012500 0.017188
1 0.797656 0.419531 0.054688 0.039062
5 0.702344 0.886719 0.054688 0.039062
5 0.582812 0.802344 0.037500 0.035937
5 0.613281 0.896094 0.032813 0.020313
1 0.740625 0.275781 0.050000 0.048438
5 0.739062 0.250000 0.031250 0.053125
4 0.789844 0.336719 0.057813 0.060937
2 0.706250 0.457813 0.059375 0.068750
2 0.410156 0.389062 0.054688 0.050000
2 0.080469 0.429688 0.017188 0.037500
5 0.189844 0.396094 0.014063 0.010937
4 0.764844 0.642969 0.039062 0.039062
