1 0.340625 0.752344 0.034375 0.051562
1 0.340625 0.546094 0.031250 0.039062
1 0.522656 0.077344 0.017188 0.014063
1 0.531250 0.791406 0.040625 0.054688
5 0.064062 0.678906 0.040625 0.054688
5 0.152344 0.560937 0.039062 0.040625
5 0.057813 0.587500 0.021875 0.034375
1 0.678125 0.738281 0.050000 0.051562
5 0.704688 0.738281 0.053125 0.032813
4 0.616406 0.787500 0.060937 0.059375
2 0.496094 0.697656 0.070312 0.060937
2 0.576562 0.400781 0.053125 0.057813
2 0.546094 0.065625 0.039062 0.018750
5 0.577344 0.177344 0.010937 0.014063
4 0.307812 0.750000 0.040625 0.040625
