4 0.528125 0.598437 0.046875 0.046875
4 0.645312 0.523438 0.068750 0.071875
2 0.299219 0.642969 0.073438 0.076563
2 0.703906 0.610938 0.057813 0.078125
2 0.703125 0.517969 0.050000 0.048438
5 0.685156 0.421875 0.060937 0.053125
5 0.679688 0.367188 0.040625 0.084375
5 0.666406 0.123438 0.095312 0.065625
5 0.663281 0.229687 0.060937 0.059375
5 0.435937 0.088281 0.062500 0.060937
5 0.499219 0.186719 0.067187 0.092188
5 0.421875 0.374219 0.040625 0.051562
5 0.599219 0.513281 0.060937 0.067187
1 0.867188 0.517188 0.028125 0.040625
1 0.888281 0.339844 0.035937 0.054688
5 0.937500 0.578125 0.034375 0.040625
1 0.715625 0.192969 0.056250 0.048438
1 0.652344 0.207813 0.048438 0.068750
1 0.621094 0.267969 0.054688 0.067187
1 0.625000 0.322656 0.043750 0.070312
1 0.699219 0.471094 0.035937 0.048438
