1 0.704688 0.503906 0.034375 0.032813
5 0.781250 0.431250 0.046875 0.028125
5 0.768750 0.400000 0.031250 0.025000
5 0.659375 0.382812 0.037500 0.040625
4 0.463281 0.414062 0.029687 0.021875
3 0.476562 0.535156 0.040625 0.051562
5 0.621094 0.554688 0.045312 0.043750
3 0.604688 0.492969 0.031250 0.023438
3 0.699219 0.535156 0.070312 0.070312
3 0.507031 0.802344 0.039062 0.032813
3 0.385937 0.627344 0.040625 0.032813
2 0.597656 0.682813 0.054688 0.078125
2 0.698438 0.577344 0.056250 0.054688
2 0.727344 0.635938 0.051562 0.046875
2 0.914844 0.555469 0.042188 0.035937
3 0.558594 0.579688 0.042188 0.040625
4 0.435156 0.628125 0.054688 0.068750
1 0.216406 0.616406 0.020313 0.023438
