4 0.463281 0.432031 0.042188 0.042188
4 0.589844 0.463281 0.060937 0.064062
2 0.247656 0.462500 0.067187 0.068750
2 0.613281 0.367969 0.051562 0.070312
2 0.641406 0.449219 0.045312 0.042188
5 0.655469 0.540625 0.054688 0.046875
5 0.667188 0.589844 0.034375 0.079687
5 0.729688 0.810156 0.087500 0.057813
5 0.693750 0.715625 0.056250 0.053125
5 0.535937 0.910937 0.056250 0.053125
5 0.564063 0.804688 0.059375 0.084375
5 0.437500 0.661719 0.037500 0.048438
5 0.552344 0.486719 0.054688 0.060937
1 0.785937 0.401562 0.025000 0.037500
1 0.859375 0.551562 0.031250 0.050000
1 0.987500 0.544531 0.025000 0.054688
5 0.985938 0.428906 0.025000 0.045312
5 0.831250 0.325000 0.031250 0.037500
1 0.751563 0.732812 0.050000 0.043750
1 0.691406 0.740625 0.042188 0.062500
1 0.644531 0.696094 0.048438 0.060937
1 0.632812 0.646094 0.037500 0.064062
1 0.651563 0.492188 0.031250 0.043750
