4 0.520312 0.370312 0.156250 0.093750
5 0.407031 0.432812 0.051562 0.046875
4 0.450781 0.539844 0.114062 0.070312
4 0.646875 0.364844 0.053125 0.029687
4 0.493750 0.961719 0.187500 0.076563
5 0.742969 0.823438 0.107813 0.121875
4 0.703906 0.735938 0.089063 0.062500
4 0.613281 0.718750 0.089063 0.062500
4 0.546875 0.766406 0.131250 0.092188
4 0.607031 0.773438 0.064062 0.062500
4 0.831250 0.893750 0.125000 0.100000
4 0.811719 0.837500 0.070312 0.065625
4 0.927344 0.813281 0.129688 0.120313
4 0.886719 0.906250 0.070312 0.040625
5 0.910937 0.664062 0.096875 0.078125
2 0.762500 0.691406 0.031250 0.032813
4 0.964063 0.883594 0.025000 0.035937
4 0.762500 0.744531 0.056250 0.060937
5 0.603125 0.825000 0.071875 0.062500
4 0.474219 0.827344 0.079687 0.067187
4 0.257812 0.901563 0.112500 0.093750
4 0.360938 0.894531 0.134375 0.101562
4 0.145313 0.783594 0.037500 0.039062
4 0.015625 0.518750 0.031250 0.062500
4 0.142187 0.693750 0.128125 0.068750
4 0.206250 0.727344 0.050000 0.029687
4 0.335938 0.723437 0.078125 0.062500
5 0.182031 0.765625 0.048438 0.043750
5 0.214062 0.667969 0.043750 0.035937
5 0.719531 0.756250 0.045312 0.043750
5 0.395313 0.692969 0.025000 0.023438
4 0.421094 0.756250 0.135937 0.128125
5 0.125000 0.732812 0.043750 0.028125
5 0.050781 0.739062 0.017188 0.021875
4 0.542188 0.585156 0.134375 0.098437
