4 0.174219 0.934375 0.176563 0.131250
4 0.270313 0.617969 0.031250 0.076563
4 0.356250 0.273438 0.043750 0.065625
4 0.185938 0.025000 0.181250 0.028125
4 0.354687 0.017188 0.065625 0.021875
4 0.510156 0.382812 0.085938 0.143750
4 0.436719 0.360938 0.073438 0.109375
4 0.421875 0.492969 0.031250 0.054688
4 0.574219 0.435937 0.026562 0.034375
4 0.617188 0.800781 0.037500 0.073438
4 0.580469 0.899219 0.026562 0.032813
4 0.446094 0.994531 0.048438 0.010937
4 0.037500 0.069531 0.025000 0.048438
4 0.051562 0.949219 0.062500 0.101562
