1 0.225000 0.621875 0.050000 0.053125
1 0.278906 0.729688 0.048438 0.037500
1 0.237500 0.460156 0.056250 0.032813
1 0.488281 0.438281 0.039062 0.032813
1 0.877344 0.600781 0.010937 0.017188
5 0.275000 0.204687 0.050000 0.034375
5 0.385156 0.214844 0.032813 0.020313
5 0.430469 0.291406 0.032813 0.032813
4 0.255469 0.423438 0.085938 0.050000
2 0.315625 0.566406 0.040625 0.048438
4 0.222656 0.681250 0.073438 0.065625
5 0.283594 0.761719 0.045312 0.054688
2 0.617969 0.664062 0.048438 0.059375
5 0.803906 0.667188 0.010937 0.012500
2 0.894531 0.630469 0.014063 0.035937
