1 0.299219 0.673438 0.057813 0.031250
1 0.313281 0.536719 0.035937 0.045312
1 0.325781 0.506250 0.048438 0.056250
1 0.457031 0.461719 0.026562 0.039062
1 0.513281 0.519531 0.026562 0.032813
1 0.252344 0.214062 0.070312 0.040625
2 0.510938 0.342969 0.040625 0.054688
2 0.571094 0.176563 0.048438 0.068750
2 0.539062 0.551562 0.062500 0.084375
2 0.520312 0.834375 0.043750 0.053125
5 0.564063 0.650781 0.034375 0.026562
5 0.411719 0.589063 0.039062 0.034375
5 0.264844 0.483594 0.079687 0.064062
4 0.545312 0.492188 0.053125 0.040625
