4 0.427344 0.367188 0.148438 0.115625
4 0.535156 0.260156 0.182812 0.176563
4 0.621094 0.130469 0.189062 0.123438
4 0.298438 0.365625 0.075000 0.075000
4 0.138281 0.406250 0.098437 0.075000
4 0.579688 0.637500 0.103125 0.062500
4 0.243750 0.070312 0.206250 0.140625
4 0.118750 0.015625 0.071875 0.031250
5 0.092188 0.103125 0.134375 0.062500
5 0.196875 0.230469 0.090625 0.079687
4 0.109375 0.134375 0.184375 0.237500
4 0.180469 0.269531 0.110937 0.101562
5 0.053906 0.278125 0.079687 0.037500
2 0.350781 0.206250 0.095312 0.096875
5 0.435156 0.175000 0.057813 0.078125
2 0.307812 0.307031 0.028125 0.026562
5 0.407031 0.094531 0.120313 0.129688
4 0.508594 0.080469 0.023438 0.020313
4 0.665625 0.084375 0.206250 0.162500
4 0.757812 0.612500 0.100000 0.065625
4 0.242969 0.249219 0.073438 0.079687
