5 0.590625 0.644531 0.075000 0.057813
5 0.309375 0.565625 0.106250 0.059375
5 0.273438 0.836719 0.087500 0.035937
5 0.875000 0.853906 0.031250 0.029687
5 0.756250 0.757812 0.065625 0.021875
5 0.687500 0.657813 0.043750 0.034375
5 0.843750 0.807031 0.034375 0.032813
5 0.912500 0.846094 0.043750 0.014063
1 0.991406 0.847656 0.017188 0.026562
1 0.876563 0.551562 0.037500 0.018750
1 0.887500 0.517188 0.043750 0.025000
1 0.671094 0.486719 0.054688 0.029687
1 0.642188 0.462500 0.062500 0.025000
1 0.600781 0.238281 0.060937 0.029687
4 0.737500 0.291406 0.037500 0.051562
5 0.708594 0.307812 0.035937 0.043750
4 0.787500 0.485938 0.062500 0.031250
