4 0.407813 0.951562 0.043750 0.034375
1 0.396094 0.924219 0.039062 0.026562
1 0.252344 0.770312 0.048438 0.028125
1 0.450000 0.603125 0.037500 0.028125
5 0.496094 0.809375 0.060937 0.040625
1 0.536719 0.591406 0.042188 0.029687
5 0.443750 0.549219 0.040625 0.054688
5 0.474219 0.552344 0.042188 0.032813
5 0.344531 0.527344 0.045312 0.032813
1 0.377344 0.527344 0.032813 0.039062
4 0.335938 0.434375 0.078125 0.065625
5 0.506250 0.446875 0.034375 0.025000
2 0.748437 0.319531 0.031250 0.060937
5 0.196094 0.250000 0.051562 0.025000
2 0.560156 0.267969 0.035937 0.045312
2 0.661719 0.188281 0.032813 0.017188
5 0.934375 0.291406 0.015625 0.014063
