4 0.400000 0.617188 0.071875 0.046875
5 0.604688 0.352344 0.053125 0.073438
5 0.672656 0.285938 0.082812 0.093750
4 0.453125 0.309375 0.084375 0.078125
4 0.457813 0.254688 0.084375 0.093750
4 0.528125 0.338281 0.059375 0.085938
4 0.501563 0.171094 0.068750 0.098437
2 0.744531 0.739844 0.054688 0.054688
5 0.839844 0.697656 0.035937 0.042188
5 0.175000 0.682813 0.206250 0.187500
5 0.480469 0.014063 0.095312 0.028125
4 0.363281 0.358594 0.039062 0.048438
4 0.111719 0.313281 0.039062 0.060937
4 0.776563 0.372656 0.040625 0.045312
5 0.568750 0.072656 0.062500 0.123438
5 0.335156 0.530469 0.045312 0.051562
