5 0.200781 0.628125 0.207813 0.271875
4 0.240625 0.858594 0.078125 0.089063
4 0.320312 0.783594 0.031250 0.035937
4 0.528125 0.771875 0.053125 0.037500
4 0.178906 0.404687 0.104688 0.071875
4 0.260937 0.459375 0.109375 0.053125
4 0.314063 0.476562 0.103125 0.081250
2 0.009375 0.896875 0.018750 0.068750
5 0.069531 0.891406 0.029687 0.026562
5 0.078125 0.275000 0.050000 0.056250
5 0.064844 0.853125 0.057813 0.065625
5 0.075781 0.937500 0.101562 0.071875
5 0.289844 0.942969 0.051562 0.026562
4 0.043750 0.271094 0.062500 0.092188
