4 0.233594 0.537500 0.145313 0.165625
4 0.125781 0.456250 0.060937 0.062500
4 0.128906 0.519531 0.029687 0.060937
4 0.172656 0.681250 0.057813 0.068750
4 0.242188 0.707812 0.162500 0.284375
5 0.160156 0.921875 0.273438 0.156250
4 0.032813 0.365625 0.065625 0.162500
4 0.374219 0.389844 0.032813 0.026562
4 0.038281 0.791406 0.039062 0.048438
4 0.064062 0.764844 0.028125 0.029687
5 0.966406 0.414844 0.029687 0.051562
2 0.958594 0.342187 0.048438 0.025000
2 0.882031 0.385937 0.032813 0.018750
2 0.824219 0.343750 0.026562 0.018750
4 0.846094 0.557031 0.060937 0.082812
