4 0.928125 0.231250 0.143750 0.171875
4 0.618750 0.310937 0.071875 0.034375
4 0.293750 0.379688 0.062500 0.043750
4 0.050000 0.209375 0.065625 0.175000
4 0.035156 0.368750 0.054688 0.065625
4 0.390625 0.527344 0.137500 0.082812
4 0.372656 0.457813 0.104688 0.071875
4 0.496094 0.450000 0.051562 0.031250
4 0.438281 0.590625 0.032813 0.028125
4 0.779687 0.642969 0.071875 0.039062
4 0.873437 0.610938 0.031250 0.025000
4 0.981250 0.489844 0.037500 0.048438
4 0.111719 0.075000 0.045312 0.025000
4 0.946094 0.111719 0.107813 0.073438
