1 0.932031 0.547656 0.029687 0.032813
1 0.794531 0.680469 0.035937 0.045312
1 0.642969 0.524219 0.023438 0.032813
1 0.577344 0.475781 0.023438 0.039062
1 0.580469 0.570312 0.023438 0.031250
1 0.207031 0.365625 0.017188 0.028125
1 0.029687 0.178125 0.012500 0.021875
1 0.149219 0.016406 0.010937 0.007812
5 0.317969 0.098437 0.010937 0.012500
5 0.242969 0.540625 0.014063 0.028125
2 0.353125 0.264844 0.056250 0.029687
2 0.350781 0.477344 0.042188 0.035937
4 0.493750 0.650781 0.046875 0.048438
5 0.532813 0.510938 0.018750 0.018750
5 0.615625 0.600781 0.037500 0.026562
5 0.611719 0.539844 0.032813 0.029687
4 0.974219 0.549219 0.048438 0.057813
