5 0.683594 0.303906 0.029687 0.029687
5 0.736719 0.480469 0.035937 0.045312
5 0.557813 0.686719 0.040625 0.082812
5 0.466406 0.674219 0.073438 0.132812
2 0.166406 0.421875 0.079687 0.059375
2 0.547656 0.363281 0.067187 0.073438
2 0.410156 0.453906 0.045312 0.051562
2 0.899219 0.300781 0.048438 0.045312
1 0.589844 0.393750 0.035937 0.037500
1 0.480469 0.486719 0.039062 0.032813
1 0.677344 0.564063 0.048438 0.040625
1 0.778906 0.549219 0.026562 0.051562
1 0.861719 0.585156 0.039062 0.067187
1 0.510156 0.700000 0.042188 0.065625
1 0.478125 0.708594 0.040625 0.051562
1 0.369531 0.703906 0.051562 0.051562
5 0.296094 0.606250 0.023438 0.037500
4 0.449219 0.375781 0.048438 0.051562
