4 0.125781 0.578906 0.251563 0.226562
4 0.173437 0.396875 0.103125 0.081250
4 0.253906 0.437500 0.060937 0.071875
4 0.403906 0.549219 0.070312 0.064062
4 0.677344 0.392969 0.195312 0.135937
4 0.516406 0.500000 0.057813 0.050000
4 0.577344 0.478906 0.114062 0.095312
4 0.639844 0.554688 0.076563 0.065625
4 0.581250 0.793750 0.084375 0.084375
4 0.866406 0.423438 0.073438 0.065625
4 0.788281 0.243750 0.042188 0.050000
4 0.796094 0.148438 0.076563 0.065625
5 0.890625 0.315625 0.065625 0.053125
4 0.760156 0.320312 0.070312 0.050000
