4 0.326562 0.837500 0.231250 0.231250
4 0.473438 0.885156 0.159375 0.167187
4 0.602344 0.959375 0.198437 0.081250
4 0.228906 0.524219 0.057813 0.064062
4 0.183594 0.457031 0.085938 0.070312
1 0.395313 0.247656 0.018750 0.017188
3 0.485938 0.295312 0.068750 0.034375
4 0.160938 0.762500 0.103125 0.090625
5 0.287500 0.669531 0.043750 0.029687
5 0.391406 0.510938 0.110937 0.059375
5 0.314063 0.471094 0.065625 0.048438
5 0.658594 0.521094 0.067187 0.039062
5 0.840625 0.486719 0.081250 0.042188
2 0.885156 0.449219 0.064062 0.051562
2 0.892188 0.591406 0.115625 0.076563
4 0.085938 0.606250 0.093750 0.071875
4 0.381250 0.624219 0.062500 0.079687
4 0.300000 0.733594 0.103125 0.048438
4 0.232031 0.750000 0.042188 0.034375
4 0.568750 0.536719 0.112500 0.064062
4 0.432812 0.655469 0.078125 0.045312
4 0.501563 0.222656 0.028125 0.020313
4 0.296875 0.194531 0.056250 0.023438
4 0.383594 0.198437 0.035937 0.018750
4 0.412500 0.227344 0.043750 0.023438
4 0.161719 0.657813 0.070312 0.059375
4 0.012500 0.453125 0.021875 0.037500
4 0.007031 0.469531 0.014063 0.029687
4 0.296875 0.525000 0.071875 0.081250
4 0.398438 0.680469 0.068750 0.048438
