5 0.332813 0.406250 0.062500 0.028125
5 0.405469 0.387500 0.026562 0.031250
5 0.371875 0.496875 0.021875 0.015625
5 0.372656 0.515625 0.039062 0.031250
5 0.485156 0.527344 0.032813 0.035937
5 0.679688 0.534375 0.040625 0.043750
5 0.709375 0.542188 0.056250 0.046875
5 0.676562 0.440625 0.056250 0.031250
5 0.804688 0.433594 0.037500 0.039062
5 0.557031 0.532813 0.023438 0.021875
5 0.504687 0.547656 0.043750 0.023438
5 0.474219 0.545312 0.023438 0.043750
2 0.426563 0.261719 0.059375 0.073438
4 0.477344 0.377344 0.039062 0.039062
1 0.509375 0.378906 0.037500 0.023438
5 0.588281 0.364844 0.032813 0.020313
2 0.373437 0.543750 0.043750 0.043750
2 0.414062 0.619531 0.028125 0.032813
4 0.450000 0.561719 0.034375 0.039062
1 0.517969 0.573438 0.032813 0.031250
1 0.483594 0.596094 0.032813 0.029687
1 0.504687 0.598437 0.037500 0.021875
1 0.513281 0.627344 0.032813 0.032813
1 0.577344 0.537500 0.026562 0.021875
1 0.369531 0.650000 0.020313 0.015625
1 0.597656 0.533594 0.029687 0.032813
1 0.410938 0.775781 0.025000 0.017188
1 0.450000 0.750781 0.018750 0.023438
1 0.440625 0.873437 0.025000 0.021875
1 0.425000 0.890625 0.025000 0.018750
2 0.267188 0.852344 0.015625 0.023438
5 0.364844 0.741406 0.017188 0.014063
5 0.347656 0.692969 0.020313 0.017188
1 0.345313 0.470313 0.018750 0.018750
