4 0.494531 0.605469 0.135937 0.114062
4 0.308594 0.353906 0.064062 0.054688
4 0.378906 0.246875 0.057813 0.034375
4 0.421094 0.418750 0.073438 0.046875
4 0.012500 0.381250 0.025000 0.028125
4 0.049219 0.414062 0.017188 0.015625
4 0.071875 0.267188 0.037500 0.028125
4 0.033594 0.326562 0.048438 0.025000
4 0.004687 0.299219 0.009375 0.023438
5 0.821094 0.863281 0.057813 0.032813
5 0.806250 0.933594 0.037500 0.045312
4 0.896875 0.414844 0.028125 0.020313
4 0.511719 0.421094 0.042188 0.017188
4 0.639062 0.457813 0.025000 0.021875
4 0.532031 0.407031 0.010937 0.014063
4 0.314844 0.512500 0.014063 0.012500
4 0.508594 0.533594 0.026562 0.020313
