4 0.550000 0.162500 0.043750 0.093750
4 0.321875 0.392188 0.065625 0.103125
4 0.287500 0.224219 0.084375 0.060937
4 0.401562 0.240625 0.121875 0.109375
4 0.358594 0.171875 0.048438 0.078125
4 0.380469 0.101562 0.060937 0.059375
4 0.525781 0.389062 0.073438 0.078125
4 0.620313 0.457813 0.065625 0.043750
4 0.603125 0.555469 0.137500 0.060937
4 0.099219 0.357812 0.045312 0.056250
2 0.085156 0.459375 0.032813 0.012500
5 0.056250 0.377344 0.059375 0.051562
4 0.067187 0.203125 0.112500 0.100000
4 0.157031 0.282813 0.057813 0.059375
4 0.069531 0.295312 0.085938 0.056250
4 0.017188 0.302344 0.034375 0.057813
4 0.010937 0.348438 0.021875 0.034375
4 0.020313 0.381250 0.040625 0.040625
4 0.246094 0.325000 0.092188 0.084375
4 0.337500 0.284375 0.056250 0.037500
4 0.482812 0.278906 0.043750 0.051562
4 0.721875 0.550000 0.084375 0.053125
4 0.478125 0.578125 0.031250 0.031250
4 0.919531 0.186719 0.160938 0.079687
4 0.058594 0.021875 0.117188 0.040625
4 0.250781 0.053125 0.126562 0.106250
4 0.080469 0.420312 0.092188 0.065625
5 0.007031 0.266406 0.014063 0.026562
