4 0.592969 0.277344 0.170313 0.151562
4 0.527344 0.167187 0.064062 0.062500
4 0.587500 0.177344 0.059375 0.032813
4 0.735938 0.235156 0.071875 0.060937
4 0.753906 0.304688 0.282813 0.181250
5 0.939844 0.234375 0.120313 0.300000
4 0.452344 0.057813 0.160938 0.100000
4 0.439063 0.396875 0.028125 0.031250
4 0.854688 0.112500 0.050000 0.046875
4 0.827344 0.139844 0.032813 0.029687
5 0.403125 0.963281 0.050000 0.032813
2 0.335156 0.949219 0.029687 0.048438
2 0.383594 0.879687 0.020313 0.031250
2 0.350000 0.821094 0.018750 0.026562
4 0.550000 0.863281 0.084375 0.067187
