2 0.791406 0.464062 0.082812 0.056250
2 0.496094 0.613281 0.051562 0.057813
2 0.396875 0.596094 0.037500 0.039062
2 0.229687 0.885156 0.025000 0.020313
2 0.349219 0.728906 0.017188 0.026562
1 0.640625 0.442188 0.028125 0.040625
1 0.428906 0.474219 0.035937 0.039062
1 0.404687 0.492188 0.025000 0.040625
1 0.414062 0.507812 0.034375 0.025000
1 0.367188 0.489063 0.040625 0.037500
1 0.242188 0.611719 0.028125 0.023438
1 0.231250 0.684375 0.021875 0.028125
1 0.382812 0.684375 0.021875 0.031250
1 0.466406 0.425781 0.029687 0.023438
1 0.442188 0.404687 0.037500 0.037500
1 0.583594 0.606250 0.020313 0.028125
5 0.660937 0.508594 0.031250 0.035937
5 0.628125 0.370312 0.025000 0.034375
5 0.528906 0.597656 0.032813 0.039062
5 0.286719 0.735938 0.017188 0.021875
4 0.651563 0.469531 0.043750 0.032813
5 0.510156 0.319531 0.035937 0.060937
5 0.469531 0.221875 0.045312 0.046875
5 0.390625 0.318750 0.053125 0.059375
5 0.469531 0.469531 0.035937 0.042188
5 0.472656 0.502344 0.048438 0.035937
5 0.482812 0.440625 0.018750 0.021875
1 0.111719 0.701562 0.023438 0.028125
4 0.456250 0.535937 0.046875 0.043750
