4 0.426563 0.658594 0.140625 0.148438
4 0.414062 0.889062 0.209375 0.221875
4 0.202344 0.776563 0.370312 0.337500
4 0.046875 0.793750 0.093750 0.196875
5 0.133594 0.838281 0.045312 0.032813
4 0.473438 0.460156 0.068750 0.079687
4 0.517188 0.300781 0.046875 0.060937
5 0.477344 0.301563 0.057813 0.068750
4 0.464844 0.206250 0.092188 0.081250
4 0.494531 0.120313 0.151562 0.162500
5 0.296875 0.304688 0.165625 0.153125
2 0.241406 0.368750 0.148438 0.115625
4 0.226562 0.384375 0.190625 0.184375
4 0.370312 0.432812 0.121875 0.109375
4 0.407813 0.571094 0.078125 0.085938
