4 0.158594 0.610938 0.095312 0.050000
4 0.378906 0.367969 0.107813 0.070312
4 0.208594 0.342969 0.067187 0.089063
4 0.230469 0.456250 0.117188 0.128125
4 0.157812 0.416406 0.081250 0.051562
4 0.087500 0.443750 0.062500 0.065625
4 0.388281 0.572656 0.082812 0.079687
4 0.460938 0.665625 0.046875 0.068750
4 0.560156 0.642969 0.070312 0.142187
4 0.332813 0.145313 0.059375 0.050000
2 0.433594 0.126562 0.014063 0.034375
5 0.350000 0.100000 0.056250 0.062500
4 0.173437 0.121094 0.106250 0.117188
4 0.259375 0.207813 0.062500 0.062500
4 0.268750 0.117969 0.062500 0.089063
4 0.270313 0.047656 0.062500 0.073438
4 0.317969 0.057031 0.035937 0.023438
4 0.351562 0.056250 0.043750 0.056250
4 0.307812 0.296094 0.090625 0.098437
4 0.270313 0.388281 0.040625 0.057813
4 0.271875 0.535937 0.053125 0.046875
4 0.558594 0.764062 0.057813 0.087500
4 0.575781 0.514844 0.032813 0.032813
4 0.201563 0.949219 0.087500 0.101562
4 0.007812 0.103906 0.015625 0.154688
4 0.045312 0.313281 0.090625 0.132812
4 0.394531 0.121875 0.070312 0.096875
5 0.235156 0.050781 0.029687 0.029687
