2 0.549219 0.272656 0.042188 0.073438
2 0.637500 0.582031 0.046875 0.042188
2 0.603125 0.671875 0.031250 0.031250
2 0.845313 0.884375 0.015625 0.021875
2 0.717969 0.740625 0.023438 0.012500
1 0.500000 0.410938 0.034375 0.018750
1 0.493750 0.618750 0.034375 0.028125
1 0.505469 0.645312 0.035937 0.015625
1 0.520312 0.640625 0.018750 0.031250
1 0.495312 0.680469 0.031250 0.032813
1 0.587500 0.821094 0.018750 0.023438
1 0.655469 0.846094 0.023438 0.017188
1 0.684375 0.701562 0.028125 0.015625
1 0.453125 0.575000 0.018750 0.025000
1 0.428125 0.594531 0.031250 0.029687
1 0.644531 0.496875 0.023438 0.015625
5 0.568750 0.404687 0.031250 0.025000
5 0.431250 0.410938 0.031250 0.018750
5 0.628906 0.546875 0.032813 0.025000
5 0.714063 0.801562 0.018750 0.012500
4 0.528125 0.406250 0.025000 0.037500
5 0.360938 0.514062 0.056250 0.025000
5 0.262500 0.532813 0.040625 0.037500
5 0.337500 0.625781 0.050000 0.042188
5 0.496094 0.579688 0.035937 0.028125
5 0.528906 0.582812 0.026562 0.040625
5 0.468750 0.560937 0.018750 0.015625
1 0.648438 0.960938 0.025000 0.018750
4 0.554688 0.603906 0.034375 0.039062
