5 0.203125 0.624219 0.206250 0.270313
4 0.247656 0.856250 0.076563 0.087500
4 0.325000 0.780469 0.031250 0.035937
4 0.534375 0.764062 0.053125 0.037500
4 0.176563 0.400781 0.103125 0.070312
4 0.260156 0.455469 0.107813 0.051562
4 0.313281 0.471094 0.101562 0.079687
2 0.011719 0.898438 0.023438 0.068750
5 0.076563 0.892969 0.031250 0.026562
5 0.073438 0.271875 0.050000 0.056250
5 0.070312 0.853125 0.056250 0.065625
5 0.083594 0.942187 0.101562 0.078125
5 0.297656 0.939844 0.051562 0.026562
4 0.039062 0.269531 0.059375 0.092188
