4 0.132031 0.583594 0.201563 0.201563
4 0.117969 0.429688 0.148438 0.137500
4 0.053125 0.282813 0.096875 0.187500
4 0.413281 0.746094 0.057813 0.048438
4 0.468750 0.805469 0.059375 0.076563
1 0.719531 0.646875 0.014063 0.015625
3 0.694531 0.548438 0.023438 0.065625
4 0.167187 0.759375 0.078125 0.093750
5 0.285156 0.657813 0.023438 0.040625
5 0.464062 0.591406 0.043750 0.104688
5 0.485156 0.675781 0.039062 0.060937
5 0.513281 0.332031 0.029687 0.064062
5 0.587500 0.163281 0.031250 0.076563
2 0.633594 0.128125 0.042188 0.059375
2 0.497656 0.089844 0.060937 0.107813
4 0.301563 0.866406 0.059375 0.085938
4 0.350781 0.576562 0.073438 0.053125
4 0.225781 0.632031 0.032813 0.101562
4 0.194531 0.692969 0.029687 0.039062
4 0.478125 0.414844 0.046875 0.107813
4 0.331250 0.518750 0.034375 0.075000
4 0.766406 0.550000 0.017188 0.025000
4 0.749219 0.753906 0.014063 0.054688
4 0.763281 0.670312 0.014063 0.034375
4 0.742969 0.635156 0.017188 0.042188
4 0.268750 0.781250 0.050000 0.062500
4 0.435156 0.971875 0.035937 0.018750
4 0.416406 0.983594 0.029687 0.029687
4 0.428906 0.680469 0.073438 0.060937
4 0.300781 0.547656 0.039062 0.064062
