5 0.515625 0.835156 0.043750 0.042188
5 0.397656 0.555469 0.032813 0.029687
5 0.375781 0.620313 0.023438 0.043750
5 0.353125 0.426563 0.025000 0.025000
5 0.451562 0.378906 0.015625 0.020313
5 0.466406 0.365625 0.032813 0.037500
5 0.478906 0.692187 0.032813 0.053125
5 0.564844 0.667188 0.045312 0.050000
5 0.582031 0.695312 0.048438 0.065625
5 0.539844 0.510938 0.023438 0.025000
5 0.533594 0.453906 0.023438 0.045312
5 0.519531 0.428125 0.045312 0.021875
5 0.491406 0.445312 0.023438 0.043750
2 0.495312 0.360938 0.040625 0.040625
2 0.573438 0.375781 0.034375 0.032813
4 0.525781 0.410938 0.039062 0.037500
1 0.556250 0.457031 0.031250 0.035937
1 0.578125 0.435156 0.021875 0.039062
1 0.600000 0.434375 0.031250 0.037500
1 0.567187 0.427344 0.025000 0.029687
1 0.595313 0.299219 0.018750 0.026562
1 0.417187 0.362500 0.021875 0.018750
1 0.539844 0.567969 0.032813 0.032813
1 0.546875 0.535156 0.021875 0.035937
1 0.716406 0.369531 0.023438 0.023438
1 0.728906 0.299219 0.020313 0.032813
1 0.832031 0.286719 0.020313 0.026562
1 0.843750 0.266406 0.021875 0.023438
5 0.681250 0.258594 0.015625 0.020313
5 0.632812 0.261719 0.018750 0.023438
2 0.753906 0.139063 0.023438 0.015625
2 0.229687 0.489844 0.078125 0.057813
4 0.358594 0.494531 0.039062 0.039062
1 0.364063 0.517969 0.025000 0.039062
