4 0.265625 0.506250 0.143750 0.131250
4 0.059375 0.464844 0.118750 0.189062
4 0.122656 0.718750 0.242188 0.356250
4 0.062500 0.923438 0.100000 0.153125
5 0.013281 0.780469 0.007812 0.045312
4 0.489844 0.499219 0.076563 0.060937
4 0.673438 0.489844 0.062500 0.039062
5 0.663281 0.533594 0.067187 0.051562
4 0.764062 0.568750 0.075000 0.090625
4 0.864062 0.557031 0.156250 0.139063
5 0.616406 0.727344 0.142187 0.160938
2 0.535156 0.772656 0.098437 0.148438
4 0.515625 0.784375 0.171875 0.181250
4 0.496875 0.618750 0.100000 0.115625
4 0.356250 0.544531 0.084375 0.073438
