1 0.492188 0.339062 0.028125 0.031250
5 0.541406 0.251563 0.026562 0.043750
5 0.574219 0.254688 0.023438 0.028125
5 0.614062 0.353125 0.037500 0.034375
4 0.628125 0.538281 0.021875 0.026562
3 0.514844 0.553906 0.048438 0.039062
5 0.464062 0.425781 0.040625 0.042188
3 0.525000 0.428125 0.021875 0.028125
3 0.465625 0.351562 0.065625 0.065625
3 0.264062 0.587500 0.028125 0.037500
3 0.453125 0.658594 0.031250 0.039062
2 0.352344 0.478125 0.073438 0.050000
2 0.425781 0.360156 0.051562 0.051562
2 0.366406 0.346875 0.042188 0.046875
2 0.396094 0.157812 0.032813 0.037500
3 0.456250 0.489844 0.037500 0.039062
4 0.439844 0.612500 0.064062 0.050000
1 0.500781 0.810156 0.023438 0.017188
