4 0.037500 0.350781 0.037500 0.045312
1 0.066406 0.339844 0.029687 0.042188
1 0.226562 0.194531 0.028125 0.048438
1 0.395313 0.399219 0.031250 0.039062
5 0.182031 0.443750 0.045312 0.065625
1 0.406250 0.489063 0.031250 0.043750
5 0.448437 0.393750 0.059375 0.040625
5 0.446875 0.425781 0.034375 0.045312
5 0.474219 0.293750 0.035937 0.046875
1 0.473438 0.327344 0.040625 0.035937
4 0.571094 0.285156 0.070312 0.082812
5 0.553906 0.460156 0.026562 0.035937
2 0.680469 0.710938 0.064062 0.034375
5 0.760938 0.145313 0.025000 0.053125
2 0.736719 0.518750 0.045312 0.037500
2 0.817187 0.625781 0.018750 0.035937
5 0.707031 0.903906 0.014063 0.017188
