1 0.935156 0.607031 0.032813 0.035937
1 0.777344 0.722656 0.039062 0.048438
1 0.646875 0.542969 0.025000 0.035937
1 0.588281 0.485156 0.026562 0.042188
1 0.578125 0.580469 0.025000 0.032813
1 0.228125 0.319531 0.018750 0.029687
1 0.075781 0.103906 0.014063 0.023438
5 0.378125 0.066406 0.012500 0.014063
5 0.239063 0.502344 0.015625 0.029687
2 0.390625 0.240625 0.059375 0.034375
2 0.357812 0.453906 0.043750 0.039062
4 0.477344 0.650781 0.051562 0.051562
5 0.536719 0.514062 0.020313 0.021875
5 0.607812 0.617188 0.040625 0.028125
5 0.612500 0.553125 0.034375 0.031250
4 0.971875 0.614062 0.043750 0.059375
