3 0.932031 0.921094 0.098437 0.054688
4 0.777344 0.810937 0.048438 0.059375
4 0.822656 0.722656 0.039062 0.032813
4 0.918750 0.473438 0.153125 0.087500
4 0.846094 0.421094 0.042188 0.045312
4 0.819531 0.508594 0.064062 0.107813
4 0.914844 0.757031 0.029687 0.039062
4 0.994531 0.453906 0.010937 0.079687
4 0.971875 0.885938 0.021875 0.053125
4 0.725781 0.121094 0.067187 0.076563
4 0.813281 0.271875 0.135937 0.187500
4 0.985156 0.307812 0.029687 0.062500
4 0.994531 0.220312 0.010937 0.053125
4 0.994531 0.367188 0.010937 0.031250
4 0.927344 0.278906 0.020313 0.042188
4 0.936719 0.839844 0.023438 0.020313
4 0.960156 0.851562 0.017188 0.028125
