4 0.331250 0.164844 0.225000 0.226562
4 0.476562 0.117188 0.156250 0.162500
4 0.600781 0.040625 0.195312 0.081250
4 0.235937 0.469531 0.056250 0.064062
4 0.192188 0.535937 0.084375 0.068750
1 0.400000 0.741406 0.018750 0.017188
3 0.487500 0.695312 0.068750 0.034375
4 0.169531 0.235937 0.101562 0.090625
5 0.293750 0.327344 0.043750 0.029687
5 0.395313 0.484375 0.109375 0.059375
5 0.319531 0.524219 0.064062 0.048438
5 0.655469 0.472656 0.067187 0.039062
5 0.835156 0.507031 0.079687 0.042188
2 0.878125 0.545312 0.062500 0.050000
2 0.885156 0.406250 0.114062 0.075000
4 0.094531 0.389844 0.092188 0.070312
4 0.384375 0.372656 0.062500 0.076563
4 0.304688 0.264844 0.103125 0.048438
4 0.238281 0.248438 0.042188 0.034375
4 0.569531 0.459375 0.110937 0.062500
4 0.436719 0.342187 0.076563 0.043750
4 0.502344 0.765625 0.026562 0.018750
4 0.303906 0.793750 0.054688 0.021875
4 0.386719 0.789062 0.035937 0.018750
4 0.416406 0.761719 0.042188 0.023438
4 0.170313 0.339844 0.068750 0.057813
4 0.025000 0.540625 0.021875 0.037500
4 0.012500 0.524219 0.025000 0.032813
4 0.303125 0.471094 0.068750 0.079687
4 0.401562 0.317969 0.068750 0.048438
