2 0.428125 0.979688 0.053125 0.040625
2 0.609375 0.668750 0.040625 0.031250
2 0.607031 0.540625 0.029687 0.028125
2 0.227344 0.631250 0.045312 0.050000
5 0.491406 0.617188 0.023438 0.037500
5 0.506250 0.638281 0.009375 0.039062
5 0.264062 0.628125 0.059375 0.040625
5 0.197656 0.615625 0.060937 0.031250
5 0.235156 0.712500 0.060937 0.031250
5 0.504687 0.693750 0.034375 0.012500
5 0.513281 0.792188 0.023438 0.025000
5 0.313281 0.831250 0.029687 0.025000
5 0.456250 0.723437 0.031250 0.025000
5 0.571875 0.714844 0.018750 0.014063
5 0.588281 0.687500 0.032813 0.025000
5 0.710938 0.484375 0.015625 0.015625
5 0.696875 0.514062 0.015625 0.015625
2 0.845313 0.401562 0.009375 0.015625
1 0.719531 0.342187 0.020313 0.012500
1 0.694531 0.339062 0.017188 0.009375
1 0.681250 0.414062 0.021875 0.012500
1 0.612500 0.428125 0.021875 0.018750
1 0.675781 0.543750 0.017188 0.012500
1 0.524219 0.531250 0.026562 0.012500
1 0.514062 0.515625 0.028125 0.015625
1 0.516406 0.580469 0.026562 0.017188
1 0.479687 0.583594 0.037500 0.017188
1 0.385937 0.624219 0.040625 0.023438
1 0.414844 0.576562 0.026562 0.018750
1 0.630469 0.764844 0.020313 0.010937
1 0.428125 0.810937 0.037500 0.028125
5 0.453906 0.565625 0.026562 0.015625
4 0.542188 0.591406 0.043750 0.029687
4 0.420312 0.839063 0.046875 0.046875
5 0.053125 0.635938 0.043750 0.040625
