4 0.629687 0.367188 0.046875 0.071875
5 0.368750 0.576562 0.075000 0.053125
5 0.302344 0.645312 0.095312 0.084375
4 0.324219 0.425000 0.079687 0.084375
4 0.267969 0.430469 0.095312 0.085938
4 0.353125 0.500781 0.087500 0.060937
4 0.184375 0.475781 0.100000 0.070312
2 0.759375 0.709375 0.056250 0.056250
5 0.717969 0.805469 0.042188 0.035937
5 0.692187 0.140625 0.193750 0.209375
5 0.021094 0.458594 0.042188 0.095312
4 0.371094 0.334375 0.048438 0.040625
4 0.321094 0.084375 0.060937 0.040625
4 0.391406 0.748437 0.045312 0.040625
5 0.087500 0.546094 0.125000 0.064062
5 0.541406 0.303125 0.051562 0.046875
