2 0.280469 0.540625 0.073438 0.046875
2 0.691406 0.617188 0.032813 0.034375
2 0.582031 0.641406 0.051562 0.042188
2 0.868750 0.841406 0.025000 0.020313
5 0.580469 0.557031 0.042188 0.035937
5 0.583594 0.522656 0.035937 0.042188
5 0.648438 0.321094 0.037500 0.076563
5 0.623437 0.357031 0.050000 0.026562
5 0.528906 0.203906 0.035937 0.042188
5 0.524219 0.319531 0.029687 0.064062
4 0.417969 0.536719 0.042188 0.032813
5 0.403906 0.571875 0.014063 0.031250
5 0.435937 0.398438 0.018750 0.037500
5 0.523438 0.628906 0.018750 0.023438
5 0.741406 0.721875 0.010937 0.028125
5 0.800781 0.701562 0.014063 0.025000
1 0.707031 0.679688 0.010937 0.025000
1 0.954688 0.649219 0.015625 0.026562
1 0.972656 0.671875 0.017188 0.028125
1 0.844531 0.646875 0.017188 0.025000
1 0.818750 0.604688 0.021875 0.021875
1 0.697656 0.522656 0.032813 0.035937
1 0.658594 0.528125 0.020313 0.037500
1 0.640625 0.547656 0.028125 0.020313
1 0.635156 0.517969 0.032813 0.029687
1 0.617969 0.442188 0.032813 0.034375
1 0.583594 0.478125 0.017188 0.034375
1 0.421094 0.497656 0.017188 0.045312
1 0.500000 0.642188 0.018750 0.015625
5 0.557031 0.498437 0.023438 0.025000
5 0.608594 0.578906 0.042188 0.029687
