2 0.892969 0.060156 0.057813 0.026562
2 0.870313 0.219531 0.081250 0.045312
5 0.917969 0.171094 0.026562 0.032813
4 0.743750 0.514844 0.062500 0.042188
1 0.618750 0.343750 0.034375 0.050000
1 0.561719 0.334375 0.032813 0.040625
4 0.482812 0.446094 0.053125 0.085938
1 0.439844 0.489844 0.020313 0.032813
5 0.400781 0.514062 0.039062 0.050000
1 0.360156 0.307031 0.032813 0.039062
5 0.483594 0.902344 0.089063 0.117188
5 0.402344 0.878125 0.048438 0.075000
5 0.255469 0.835938 0.051562 0.065625
5 0.150000 0.496094 0.043750 0.042188
5 0.215625 0.567969 0.046875 0.057813
5 0.178906 0.586719 0.032813 0.039062
5 0.089844 0.518750 0.042188 0.065625
1 0.154688 0.271094 0.040625 0.051562
1 0.056250 0.160938 0.031250 0.043750
1 0.276562 0.037500 0.040625 0.034375
5 0.312500 0.128906 0.018750 0.023438
1 0.335156 0.039062 0.026562 0.037500
1 0.315625 0.052344 0.021875 0.029687
5 0.373437 0.073438 0.025000 0.025000
2 0.375000 0.052344 0.031250 0.017188
