4 0.368750 0.964063 0.156250 0.071875
4 0.528906 0.552344 0.110937 0.267188
4 0.318750 0.335156 0.075000 0.110937
4 0.239844 0.457813 0.079687 0.093750
4 0.318750 0.491406 0.031250 0.029687
4 0.356250 0.521875 0.115625 0.140625
4 0.302344 0.585156 0.073438 0.101562
4 0.050000 0.279687 0.100000 0.234375
4 0.141406 0.406250 0.182812 0.268750
4 0.042188 0.448437 0.084375 0.146875
4 0.168750 0.293750 0.078125 0.081250
4 0.367188 0.296875 0.068750 0.034375
4 0.452344 0.284375 0.104688 0.156250
4 0.246875 0.050000 0.040625 0.025000
4 0.225781 0.697656 0.070312 0.089063
4 0.139063 0.624219 0.053125 0.067187
4 0.228125 0.541406 0.031250 0.032813
4 0.321094 0.750000 0.101562 0.112500
2 0.367969 0.717187 0.032813 0.046875
4 0.337500 0.675000 0.043750 0.040625
5 0.382031 0.900781 0.107813 0.129688
4 0.473438 0.852344 0.093750 0.151562
4 0.460938 0.983594 0.034375 0.032813
4 0.241406 0.592187 0.039062 0.034375
