5 0.546094 0.923438 0.051562 0.025000
5 0.633594 0.825781 0.035937 0.026562
5 0.445312 0.698438 0.037500 0.053125
5 0.899219 0.471094 0.014063 0.020313
2 0.984375 0.531250 0.012500 0.037500
2 0.692187 0.455469 0.040625 0.048438
1 0.967187 0.546875 0.009375 0.015625
1 0.599219 0.682813 0.035937 0.025000
1 0.367188 0.618750 0.050000 0.028125
1 0.271875 0.468750 0.053125 0.034375
1 0.311719 0.313281 0.042188 0.042188
5 0.589844 0.841406 0.026562 0.017188
2 0.387500 0.504687 0.053125 0.053125
4 0.265625 0.351562 0.037500 0.062500
4 0.300000 0.655469 0.075000 0.045312
