4 0.397656 0.724219 0.210938 0.245312
4 0.370312 0.826562 0.028125 0.043750
4 0.420312 0.785937 0.084375 0.103125
4 0.458594 0.846094 0.032813 0.054688
4 0.486719 0.965625 0.045312 0.056250
4 0.092188 0.773438 0.115625 0.118750
4 0.268750 0.560156 0.121875 0.164062
4 0.021094 0.322656 0.042188 0.104688
4 0.350781 0.435937 0.126562 0.125000
4 0.389062 0.559375 0.096875 0.106250
4 0.285156 0.141406 0.060937 0.073438
4 0.499219 0.076563 0.054688 0.103125
5 0.521875 0.366406 0.034375 0.029687
5 0.471875 0.340625 0.056250 0.065625
4 0.247656 0.958594 0.057813 0.073438
4 0.156250 0.911719 0.109375 0.126562
4 0.264062 0.702344 0.075000 0.145313
4 0.294531 0.817969 0.076563 0.117188
4 0.504687 0.934375 0.053125 0.065625
4 0.501563 0.989844 0.037500 0.020313
4 0.621875 0.543750 0.084375 0.121875
4 0.571875 0.867188 0.096875 0.131250
4 0.428906 0.963281 0.042188 0.073438
4 0.526563 0.498437 0.056250 0.100000
4 0.199219 0.753906 0.085938 0.064062
4 0.439844 0.414844 0.107813 0.117188
4 0.617188 0.442188 0.050000 0.050000
4 0.600781 0.300000 0.026562 0.050000
4 0.569531 0.480469 0.039062 0.064062
4 0.518750 0.678906 0.093750 0.126562
4 0.619531 0.651563 0.079687 0.109375
4 0.414844 0.282031 0.026562 0.032813
4 0.592969 0.392969 0.020313 0.029687
4 0.418750 0.289062 0.118750 0.121875
4 0.437500 0.169531 0.118750 0.164062
4 0.514062 0.319531 0.078125 0.092188
