5 0.507031 0.338281 0.082812 0.070312
4 0.631250 0.284375 0.090625 0.106250
2 0.649219 0.835156 0.057813 0.064062
5 0.836719 0.928906 0.048438 0.029687
4 0.271875 0.242188 0.103125 0.103125
4 0.217188 0.175000 0.090625 0.112500
4 0.153906 0.447656 0.039062 0.060937
4 0.057813 0.442969 0.028125 0.039062
4 0.483594 0.232813 0.064062 0.068750
4 0.589844 0.166406 0.067187 0.054688
4 0.645312 0.172656 0.059375 0.042188
5 0.560156 0.123438 0.082812 0.075000
4 0.205469 0.517969 0.073438 0.070312
4 0.036719 0.524219 0.045312 0.048438
5 0.071875 0.796875 0.056250 0.059375
5 0.312500 0.956250 0.103125 0.021875
4 0.457813 0.393750 0.103125 0.087500
4 0.479687 0.154688 0.059375 0.050000
