5 0.255469 0.258594 0.101562 0.089063
5 0.339062 0.310937 0.075000 0.065625
4 0.658594 0.489063 0.054688 0.078125
4 0.352344 0.507812 0.089063 0.065625
4 0.356250 0.413281 0.090625 0.082812
4 0.190625 0.475000 0.096875 0.075000
4 0.289062 0.510938 0.087500 0.078125
4 0.032813 0.387500 0.065625 0.068750
4 0.091406 0.376563 0.064062 0.043750
2 0.706250 0.135156 0.065625 0.057813
5 0.639844 0.048438 0.064062 0.043750
4 0.432812 0.820312 0.062500 0.046875
4 0.414062 0.570312 0.053125 0.046875
5 0.758594 0.689844 0.229687 0.179688
5 0.030469 0.528906 0.060937 0.123438
5 0.580469 0.576562 0.054688 0.056250
