4 0.628906 0.874219 0.035937 0.048438
1 0.228125 0.785156 0.034375 0.017188
2 0.192969 0.625000 0.035937 0.065625
2 0.525781 0.675000 0.045312 0.053125
5 0.544531 0.776563 0.035937 0.050000
5 0.900781 0.877344 0.135937 0.067187
1 0.729688 0.713281 0.081250 0.042188
1 0.496094 0.432031 0.051562 0.026562
5 0.502344 0.395313 0.042188 0.046875
4 0.611719 0.483594 0.067187 0.073438
5 0.920312 0.317969 0.053125 0.039062
5 0.551562 0.631250 0.034375 0.034375
5 0.520312 0.591406 0.031250 0.035937
1 0.454688 0.728906 0.050000 0.023438
5 0.346875 0.528125 0.028125 0.031250
