2 0.975781 0.303125 0.048438 0.125000
4 0.112500 0.793750 0.059375 0.056250
4 0.184375 0.744531 0.043750 0.035937
4 0.043750 0.672656 0.087500 0.060937
4 0.246875 0.581250 0.059375 0.056250
4 0.357031 0.781250 0.042188 0.025000
4 0.400000 0.792188 0.037500 0.025000
4 0.425000 0.764844 0.037500 0.020313
4 0.224219 0.785156 0.017188 0.017188
5 0.149219 0.167187 0.192188 0.118750
4 0.053906 0.150781 0.029687 0.085938
5 0.094531 0.225781 0.085938 0.073438
5 0.187500 0.664062 0.028125 0.031250
3 0.677344 0.260937 0.167187 0.087500
