1 0.914844 0.644531 0.035937 0.039062
1 0.746875 0.753906 0.040625 0.051562
1 0.621094 0.562500 0.026562 0.037500
1 0.564063 0.500000 0.028125 0.043750
1 0.547656 0.597656 0.026562 0.035937
1 0.203906 0.312500 0.020313 0.031250
1 0.064062 0.082812 0.009375 0.021875
5 0.371094 0.058594 0.014063 0.014063
5 0.205469 0.499219 0.017188 0.029687
2 0.374219 0.239063 0.060937 0.037500
2 0.329688 0.455469 0.046875 0.042188
4 0.440625 0.663281 0.053125 0.054688
5 0.510156 0.526563 0.023438 0.025000
5 0.578125 0.637500 0.040625 0.031250
5 0.585938 0.572656 0.037500 0.032813
4 0.955469 0.654687 0.057813 0.065625
