5 0.701562 0.505469 0.081250 0.095312
4 0.779687 0.628906 0.121875 0.104688
2 0.190625 0.730469 0.075000 0.067187
5 0.119531 0.946875 0.035937 0.053125
4 0.771094 0.236719 0.120313 0.117188
4 0.832031 0.168750 0.126562 0.106250
4 0.531250 0.140625 0.068750 0.046875
4 0.521875 0.038281 0.043750 0.032813
4 0.812500 0.464062 0.078125 0.075000
4 0.898438 0.566406 0.065625 0.076563
4 0.900781 0.627344 0.051562 0.067187
5 0.939844 0.528125 0.085938 0.093750
4 0.463281 0.207813 0.079687 0.084375
4 0.431250 0.028125 0.056250 0.050000
5 0.145313 0.106250 0.068750 0.065625
5 0.012500 0.388281 0.025000 0.114062
4 0.634375 0.459375 0.103125 0.115625
4 0.895312 0.447656 0.059375 0.067187
