4 0.784375 0.417969 0.240625 0.092188
4 0.635938 0.633594 0.084375 0.082812
5 0.564844 0.672656 0.023438 0.014063
5 0.558594 0.917188 0.048438 0.103125
5 0.864844 0.971875 0.060937 0.056250
5 0.536719 0.823438 0.039062 0.037500
4 0.627344 0.450781 0.042188 0.026562
4 0.514844 0.398438 0.042188 0.021875
5 0.488281 0.413281 0.029687 0.026562
4 0.392188 0.437500 0.112500 0.056250
4 0.362500 0.567969 0.156250 0.110937
4 0.263281 0.590625 0.042188 0.050000
5 0.225781 0.563281 0.073438 0.054688
5 0.268750 0.428125 0.037500 0.025000
4 0.235937 0.791406 0.081250 0.064062
4 0.147656 0.793750 0.085938 0.062500
5 0.256250 0.958594 0.068750 0.045312
4 0.020313 0.907031 0.040625 0.070312
4 0.390625 0.848437 0.096875 0.084375
