5 0.892969 0.551562 0.039062 0.043750
5 0.775781 0.667969 0.026562 0.032813
5 0.696094 0.221875 0.085938 0.071875
5 0.685156 0.306250 0.051562 0.059375
4 0.482812 0.568750 0.043750 0.043750
5 0.484375 0.482031 0.062500 0.060937
5 0.533594 0.521875 0.032813 0.046875
5 0.440625 0.352344 0.031250 0.054688
4 0.566406 0.515625 0.048438 0.056250
2 0.576562 0.546875 0.050000 0.050000
2 0.607031 0.610156 0.060937 0.070312
2 0.267969 0.521094 0.079687 0.060937
1 0.562500 0.312500 0.046875 0.065625
1 0.723437 0.585156 0.021875 0.039062
1 0.895312 0.432031 0.056250 0.051562
1 0.960938 0.494531 0.040625 0.042188
1 0.735938 0.418750 0.034375 0.056250
1 0.610156 0.490625 0.042188 0.037500
1 0.653125 0.275000 0.040625 0.059375
