4 0.331250 0.528906 0.153125 0.142187
4 0.101562 0.446875 0.203125 0.209375
4 0.144531 0.708594 0.289062 0.382812
4 0.057813 0.879687 0.115625 0.134375
5 0.026562 0.752344 0.031250 0.048438
4 0.552344 0.562500 0.082812 0.065625
4 0.733594 0.583594 0.064062 0.045312
5 0.715625 0.625000 0.071875 0.059375
4 0.807813 0.676562 0.081250 0.096875
4 0.906250 0.681250 0.162500 0.153125
5 0.637500 0.807031 0.156250 0.173437
2 0.550000 0.836719 0.112500 0.154688
4 0.528125 0.845313 0.187500 0.196875
4 0.538281 0.679688 0.110937 0.125000
4 0.412500 0.583594 0.090625 0.079687
