2 0.425781 0.228125 0.048438 0.081250
2 0.362500 0.559375 0.053125 0.046875
2 0.407031 0.652344 0.035937 0.032813
2 0.170313 0.896094 0.018750 0.023438
2 0.291406 0.735156 0.026562 0.014063
1 0.489844 0.368750 0.039062 0.025000
1 0.517188 0.585938 0.037500 0.034375
1 0.505469 0.613281 0.039062 0.020313
1 0.489063 0.610156 0.021875 0.032813
1 0.520312 0.650781 0.034375 0.035937
1 0.435937 0.807031 0.021875 0.026562
1 0.366406 0.838281 0.026562 0.020313
1 0.324219 0.688281 0.029687 0.017188
1 0.553906 0.535156 0.020313 0.029687
1 0.582812 0.552344 0.034375 0.032813
1 0.346094 0.471094 0.026562 0.017188
5 0.417187 0.367969 0.034375 0.026562
5 0.564063 0.361719 0.034375 0.020313
5 0.367969 0.522656 0.035937 0.029687
5 0.302344 0.799219 0.023438 0.014063
4 0.460938 0.364844 0.028125 0.042188
5 0.646094 0.463281 0.060937 0.029687
5 0.752344 0.474219 0.045312 0.042188
5 0.681250 0.578125 0.056250 0.046875
5 0.510156 0.544531 0.039062 0.032813
5 0.476562 0.550781 0.031250 0.045312
5 0.535937 0.523438 0.021875 0.018750
1 0.385156 0.960156 0.026562 0.020313
4 0.450000 0.575000 0.040625 0.043750
