2 0.272656 0.578906 0.076563 0.051562
2 0.690625 0.597656 0.034375 0.035937
2 0.586719 0.636719 0.054688 0.045312
2 0.900781 0.795312 0.026562 0.021875
5 0.571875 0.552344 0.043750 0.039062
5 0.571094 0.517969 0.039062 0.045312
5 0.608594 0.307031 0.042188 0.079687
5 0.586719 0.347656 0.051562 0.029687
5 0.472656 0.208594 0.039062 0.045312
5 0.482812 0.325000 0.034375 0.065625
4 0.409375 0.557031 0.043750 0.035937
5 0.400000 0.591406 0.015625 0.032813
5 0.406250 0.414062 0.021875 0.040625
5 0.525781 0.631250 0.020313 0.025000
5 0.757812 0.692969 0.012500 0.029687
5 0.812500 0.664844 0.015625 0.026562
1 0.715625 0.657031 0.012500 0.026562
1 0.958594 0.592187 0.017188 0.028125
1 0.979688 0.613281 0.018750 0.029687
1 0.848437 0.605469 0.018750 0.026562
1 0.816406 0.566406 0.023438 0.023438
1 0.684375 0.501563 0.034375 0.037500
1 0.646094 0.512500 0.023438 0.040625
1 0.630469 0.534375 0.029687 0.021875
1 0.623437 0.506250 0.034375 0.031250
1 0.595313 0.433594 0.034375 0.035937
1 0.565625 0.472656 0.018750 0.035937
1 0.405469 0.515625 0.020313 0.046875
1 0.505469 0.649219 0.020313 0.017188
5 0.540625 0.497656 0.025000 0.026562
5 0.603125 0.569531 0.043750 0.032813
