5 0.225781 0.642188 0.017188 0.034375
4 0.170313 0.638281 0.028125 0.020313
4 0.151562 0.683594 0.018750 0.014063
2 0.262500 0.610156 0.021875 0.023438
5 0.268750 0.641406 0.015625 0.010937
5 0.110156 0.449219 0.029687 0.073438
2 0.089844 0.501563 0.023438 0.021875
2 0.235156 0.291406 0.001563 0.004687
2 0.244531 0.309375 0.032813 0.040625
3 0.294531 0.264062 0.029687 0.093750
5 0.197656 0.689063 0.023438 0.015625
3 0.486719 0.607812 0.023438 0.025000
1 0.344531 0.598437 0.010937 0.012500
3 0.357031 0.521094 0.039062 0.014063
3 0.401562 0.478906 0.018750 0.020313
2 0.427344 0.494531 0.039062 0.023438
2 0.066406 0.055469 0.060937 0.098437
