1 0.838281 0.243750 0.017188 0.015625
5 0.892188 0.380469 0.018750 0.020313
5 0.517969 0.339062 0.035937 0.040625
5 0.419531 0.408594 0.057813 0.039062
5 0.426563 0.426563 0.050000 0.040625
5 0.341406 0.368750 0.089063 0.046875
5 0.305469 0.460938 0.079687 0.043750
5 0.375000 0.658594 0.078125 0.070312
5 0.480469 0.619531 0.054688 0.060937
1 0.670312 0.364844 0.037500 0.032813
1 0.700781 0.396875 0.029687 0.037500
1 0.832812 0.782031 0.018750 0.026562
1 0.828125 0.756250 0.031250 0.031250
1 0.746875 0.740625 0.031250 0.028125
1 0.685156 0.682031 0.032813 0.020313
1 0.795312 0.688281 0.031250 0.029687
1 0.634375 0.636719 0.046875 0.029687
1 0.602344 0.658594 0.039062 0.039062
5 0.920312 0.757031 0.021875 0.023438
2 0.825781 0.728125 0.032813 0.040625
5 0.756250 0.684375 0.025000 0.025000
4 0.694531 0.593750 0.054688 0.040625
1 0.672656 0.571094 0.026562 0.014063
1 0.599219 0.685937 0.029687 0.018750
5 0.523438 0.600000 0.043750 0.040625
5 0.671875 0.761719 0.046875 0.057813
5 0.181250 0.540625 0.062500 0.046875
2 0.676562 0.254688 0.050000 0.050000
2 0.741406 0.175000 0.048438 0.053125
5 0.646094 0.217969 0.032813 0.042188
5 0.454688 0.251563 0.046875 0.034375
