5 0.739844 0.754687 0.039062 0.021875
4 0.749219 0.810937 0.023438 0.031250
4 0.801562 0.819531 0.015625 0.020313
2 0.696875 0.723437 0.025000 0.025000
5 0.728125 0.710156 0.012500 0.017188
5 0.571094 0.921094 0.079687 0.042188
2 0.632031 0.928906 0.026562 0.026562
2 0.379688 0.834375 0.006250 0.003125
2 0.393750 0.818750 0.046875 0.040625
3 0.334375 0.780469 0.100000 0.045312
5 0.796094 0.770312 0.020313 0.028125
3 0.638281 0.496094 0.029687 0.029687
1 0.664844 0.642969 0.014063 0.014063
3 0.582031 0.649219 0.020313 0.042188
3 0.528125 0.615625 0.021875 0.021875
2 0.537500 0.585156 0.031250 0.042188
