2 0.494531 0.728906 0.051562 0.076563
2 0.382031 0.326562 0.035937 0.034375
2 0.367188 0.436719 0.046875 0.054688
2 0.142187 0.166406 0.021875 0.026562
5 0.452344 0.431250 0.039062 0.043750
5 0.486719 0.424219 0.045312 0.039062
5 0.683594 0.342187 0.079687 0.043750
5 0.648438 0.370312 0.031250 0.053125
5 0.810156 0.450781 0.045312 0.039062
5 0.695312 0.466406 0.065625 0.035937
4 0.485156 0.592187 0.035937 0.043750
5 0.452344 0.607812 0.032813 0.015625
5 0.625000 0.560937 0.040625 0.021875
5 0.385937 0.494531 0.025000 0.020313
5 0.274219 0.282813 0.029687 0.012500
5 0.288281 0.221875 0.026562 0.015625
1 0.317969 0.315625 0.026562 0.012500
1 0.326562 0.064844 0.028125 0.017188
1 0.302344 0.048438 0.029687 0.018750
1 0.338281 0.175000 0.026562 0.018750
1 0.382812 0.195312 0.025000 0.025000
1 0.476562 0.310156 0.037500 0.035937
1 0.475000 0.350781 0.040625 0.023438
1 0.456250 0.369531 0.021875 0.029687
1 0.487500 0.371875 0.031250 0.034375
1 0.563281 0.382812 0.035937 0.034375
1 0.532031 0.421094 0.035937 0.020313
1 0.526563 0.585156 0.046875 0.020313
1 0.374219 0.517969 0.017188 0.020313
5 0.512500 0.450000 0.028125 0.025000
5 0.427344 0.404687 0.032813 0.043750
