1 0.577344 0.542969 0.039062 0.051562
1 0.572656 0.782031 0.042188 0.067187
1 0.410938 0.820312 0.059375 0.056250
1 0.285938 0.755469 0.046875 0.064062
1 0.375781 0.150000 0.017188 0.018750
2 0.342187 0.131250 0.040625 0.028125
2 0.336719 0.422656 0.060937 0.045312
5 0.315625 0.239844 0.012500 0.014063
2 0.452344 0.684375 0.064062 0.075000
4 0.348438 0.829688 0.075000 0.081250
5 0.252344 0.749219 0.060937 0.048438
4 0.607031 0.758594 0.067187 0.110937
5 0.734375 0.586719 0.037500 0.032813
5 0.830469 0.719531 0.045312 0.067187
5 0.814063 0.615625 0.025000 0.034375
