4 0.403125 0.105469 0.196875 0.210938
4 0.241406 0.203906 0.067187 0.098437
4 0.308594 0.267969 0.067187 0.054688
4 0.467187 0.378125 0.056250 0.062500
4 0.406250 0.699219 0.109375 0.189062
4 0.457813 0.504687 0.043750 0.056250
4 0.457031 0.572656 0.079687 0.107813
4 0.554688 0.607812 0.056250 0.071875
4 0.767969 0.469531 0.076563 0.076563
4 0.500781 0.874219 0.057813 0.067187
4 0.298438 0.857812 0.046875 0.037500
4 0.207031 0.897656 0.057813 0.070312
5 0.403125 0.934375 0.046875 0.059375
4 0.736719 0.964844 0.029687 0.035937
4 0.364844 0.805469 0.039062 0.067187
