1 0.451562 0.985938 0.034375 0.028125
1 0.315625 0.836719 0.046875 0.035937
1 0.485938 0.682031 0.034375 0.023438
1 0.539062 0.614062 0.040625 0.021875
1 0.439063 0.614062 0.034375 0.021875
1 0.670312 0.225000 0.031250 0.015625
1 0.876563 0.044531 0.021875 0.014063
5 0.948438 0.353125 0.012500 0.012500
5 0.483594 0.255469 0.029687 0.014063
2 0.770312 0.385156 0.031250 0.057813
2 0.547656 0.373437 0.035937 0.043750
4 0.356250 0.517969 0.050000 0.048438
5 0.504687 0.564844 0.021875 0.020313
5 0.404687 0.650000 0.025000 0.037500
5 0.470313 0.648438 0.028125 0.034375
