2 0.096094 0.194531 0.082812 0.042188
5 0.047656 0.139844 0.026562 0.032813
4 0.214062 0.513281 0.065625 0.039062
1 0.355469 0.339062 0.035937 0.053125
1 0.415625 0.331250 0.034375 0.043750
4 0.492969 0.454688 0.051562 0.087500
1 0.536719 0.503906 0.020313 0.035937
5 0.575781 0.531250 0.039062 0.050000
1 0.632812 0.314063 0.034375 0.040625
5 0.467969 0.938281 0.089063 0.120313
5 0.554688 0.917188 0.046875 0.078125
5 0.712500 0.881250 0.050000 0.065625
5 0.843750 0.526563 0.043750 0.043750
5 0.769531 0.598437 0.048438 0.059375
5 0.809375 0.620313 0.034375 0.040625
5 0.906250 0.554688 0.040625 0.068750
1 0.850781 0.287500 0.042188 0.053125
1 0.960938 0.175781 0.028125 0.045312
1 0.735938 0.034375 0.043750 0.034375
5 0.692187 0.128906 0.018750 0.023438
1 0.672656 0.032031 0.026562 0.035937
1 0.692187 0.047656 0.021875 0.029687
5 0.629687 0.066406 0.025000 0.023438
2 0.630469 0.043750 0.032813 0.015625
