5 0.703906 0.461719 0.064062 0.057813
3 0.900000 0.098437 0.043750 0.034375
4 0.229687 0.519531 0.125000 0.089063
4 0.407031 0.964844 0.057813 0.070312
4 0.455469 0.737500 0.142187 0.100000
4 0.598437 0.899219 0.031250 0.026562
4 0.310156 0.959375 0.145313 0.081250
4 0.310937 0.871875 0.118750 0.078125
3 0.242969 0.757031 0.117188 0.107813
3 0.283594 0.714844 0.045312 0.032813
4 0.162500 0.679688 0.043750 0.046875
4 0.192188 0.688281 0.050000 0.032813
4 0.262500 0.700000 0.034375 0.025000
4 0.185156 0.914062 0.064062 0.037500
4 0.178125 0.889062 0.043750 0.025000
4 0.230469 0.818750 0.026562 0.025000
4 0.159375 0.808594 0.062500 0.051562
2 0.130469 0.934375 0.026562 0.031250
5 0.373437 0.609375 0.043750 0.025000
5 0.475000 0.851562 0.140625 0.071875
4 0.317188 0.772656 0.025000 0.020313
4 0.858594 0.485156 0.051562 0.023438
