2 0.085938 0.924219 0.025000 0.057813
2 0.243750 0.889844 0.050000 0.082812
5 0.197656 0.942187 0.032813 0.028125
4 0.527344 0.742969 0.045312 0.064062
1 0.349219 0.631250 0.051562 0.037500
1 0.335156 0.575781 0.042188 0.035937
4 0.440625 0.488281 0.087500 0.057813
1 0.482812 0.442188 0.034375 0.021875
5 0.502344 0.402344 0.051562 0.042188
1 0.293750 0.375000 0.040625 0.034375
5 0.896094 0.457031 0.120313 0.095312
5 0.867969 0.378125 0.076563 0.053125
5 0.814844 0.233594 0.067187 0.054688
5 0.467969 0.152344 0.045312 0.045312
5 0.544531 0.213281 0.060937 0.051562
5 0.560937 0.173437 0.040625 0.034375
5 0.486719 0.090625 0.067187 0.046875
1 0.243750 0.173437 0.053125 0.043750
1 0.127344 0.082812 0.045312 0.034375
1 0.020313 0.310156 0.037500 0.042188
5 0.112500 0.339844 0.025000 0.020313
1 0.025000 0.370312 0.037500 0.028125
1 0.038281 0.349219 0.029687 0.023438
5 0.061719 0.405469 0.026562 0.026562
2 0.040625 0.407813 0.018750 0.031250
