5 0.485938 0.825000 0.087500 0.090625
5 0.507031 0.722656 0.042188 0.101562
5 0.675781 0.481250 0.042188 0.053125
5 0.603906 0.296094 0.029687 0.035937
5 0.247656 0.646094 0.045312 0.054688
1 0.422656 0.596094 0.029687 0.060937
1 0.317188 0.735156 0.053125 0.045312
1 0.430469 0.753906 0.042188 0.051562
1 0.464062 0.737500 0.046875 0.078125
1 0.632812 0.572656 0.050000 0.045312
1 0.730469 0.547656 0.032813 0.051562
1 0.817969 0.579688 0.042188 0.065625
1 0.516406 0.373437 0.032813 0.046875
1 0.412500 0.476562 0.040625 0.043750
2 0.100000 0.428125 0.093750 0.065625
2 0.469531 0.342969 0.067187 0.073438
2 0.346875 0.445312 0.046875 0.046875
2 0.827344 0.294531 0.051562 0.048438
4 0.369531 0.365625 0.057813 0.053125
