3 0.764844 0.103906 0.051562 0.026562
5 0.714063 0.366406 0.062500 0.048438
4 0.659375 0.403125 0.100000 0.084375
4 0.932813 0.939063 0.106250 0.121875
3 0.350000 0.761719 0.168750 0.101562
4 0.256250 0.560156 0.121875 0.085938
4 0.346875 0.405469 0.050000 0.070312
4 0.539844 0.679688 0.079687 0.065625
4 0.383594 0.692187 0.039062 0.037500
4 0.342969 0.680469 0.045312 0.035937
4 0.125000 0.724219 0.065625 0.082812
4 0.150781 0.807031 0.064062 0.035937
4 0.181250 0.900000 0.034375 0.028125
4 0.355469 0.903906 0.051562 0.054688
5 0.275781 0.848437 0.051562 0.037500
5 0.442969 0.638281 0.160938 0.076563
5 0.464844 0.555469 0.045312 0.032813
4 0.072656 0.794531 0.145313 0.239063
4 0.150000 0.955469 0.068750 0.067187
5 0.067969 0.648438 0.123438 0.065625
4 0.194531 0.825000 0.026562 0.043750
4 0.432031 0.862500 0.014063 0.043750
4 0.207031 0.261719 0.026562 0.026562
