4 0.593750 0.089844 0.040625 0.054688
1 0.169531 0.225000 0.039062 0.021875
2 0.146094 0.401562 0.042188 0.075000
2 0.500781 0.314844 0.051562 0.060937
5 0.512500 0.203125 0.040625 0.056250
5 0.886719 0.060937 0.148438 0.081250
1 0.717187 0.256250 0.090625 0.050000
1 0.492969 0.579688 0.057813 0.031250
5 0.502344 0.619531 0.048438 0.054688
4 0.613281 0.513281 0.076563 0.082812
5 0.961719 0.663281 0.060937 0.045312
5 0.532813 0.360156 0.040625 0.039062
5 0.504687 0.406250 0.037500 0.040625
1 0.419531 0.264062 0.054688 0.028125
5 0.321094 0.489844 0.032813 0.035937
