3 0.221094 0.746875 0.029687 0.065625
4 0.347656 0.639844 0.079687 0.085938
4 0.366406 0.560156 0.064062 0.073438
5 0.552344 0.635156 0.067187 0.107813
4 0.842969 0.486719 0.114062 0.104688
4 0.738281 0.407813 0.139063 0.153125
4 0.968750 0.490625 0.062500 0.206250
4 0.786719 0.056250 0.179688 0.103125
4 0.760938 0.225781 0.140625 0.201563
5 0.896094 0.221094 0.064062 0.076563
5 0.960156 0.113281 0.079687 0.089063
5 0.904687 0.417187 0.043750 0.046875
2 0.935156 0.344531 0.120313 0.107813
2 0.873437 0.432812 0.028125 0.046875
2 0.815625 0.124219 0.034375 0.042188
