4 0.961719 0.489063 0.076563 0.146875
4 0.978125 0.308594 0.043750 0.164062
4 0.859375 0.207031 0.137500 0.079687
4 0.845313 0.126562 0.078125 0.093750
4 0.933594 0.298438 0.076563 0.093750
4 0.839063 0.267969 0.090625 0.045312
4 0.767969 0.313281 0.139063 0.110937
4 0.740625 0.392969 0.100000 0.079687
4 0.646875 0.328125 0.028125 0.031250
5 0.627344 0.353906 0.098437 0.095312
4 0.653906 0.437500 0.048438 0.065625
4 0.552344 0.358594 0.107813 0.104688
4 0.560937 0.298438 0.112500 0.106250
5 0.489063 0.255469 0.068750 0.054688
4 0.479687 0.304688 0.056250 0.056250
4 0.432031 0.361719 0.142187 0.079687
5 0.239063 0.345313 0.084375 0.109375
4 0.119531 0.561719 0.101562 0.098437
4 0.146094 0.483594 0.089063 0.032813
4 0.053125 0.560156 0.106250 0.104688
5 0.042188 0.615625 0.084375 0.037500
4 0.017969 0.451562 0.032813 0.043750
4 0.004687 0.560156 0.009375 0.060937
2 0.624219 0.500781 0.029687 0.032813
4 0.341406 0.264062 0.176563 0.109375
5 0.027344 0.365625 0.035937 0.037500
5 0.415625 0.545312 0.037500 0.037500
