1 0.228125 0.429688 0.040625 0.021875
1 0.499219 0.556250 0.060937 0.037500
1 0.504687 0.708594 0.078125 0.039062
1 0.369531 0.753906 0.051562 0.029687
2 0.378125 0.562500 0.059375 0.053125
5 0.360156 0.803906 0.035937 0.048438
5 0.914844 0.857031 0.117188 0.060937
5 0.303125 0.320312 0.046875 0.034375
5 0.355469 0.271875 0.029687 0.025000
5 0.511719 0.328125 0.070312 0.031250
4 0.407031 0.477344 0.057813 0.029687
5 0.950781 0.128125 0.085938 0.059375
4 0.435156 0.758594 0.054688 0.067187
1 0.727344 0.564844 0.064062 0.045312
