1 0.785156 0.642969 0.020313 0.042188
3 0.456250 0.667969 0.062500 0.054688
3 0.360938 0.623437 0.056250 0.037500
3 0.549219 0.413281 0.067187 0.060937
3 0.601562 0.693750 0.025000 0.021875
3 0.734375 0.510938 0.031250 0.075000
3 0.782031 0.415625 0.073438 0.040625
2 0.496875 0.472656 0.043750 0.051562
2 0.851562 0.470313 0.065625 0.053125
2 0.917969 0.121875 0.060937 0.087500
5 0.610938 0.547656 0.031250 0.042188
4 0.632812 0.717969 0.043750 0.045312
4 0.775000 0.831250 0.021875 0.015625
4 0.583594 0.885938 0.020313 0.018750
4 0.743750 0.936719 0.025000 0.026562
4 0.979688 0.728125 0.021875 0.046875
