4 0.933594 0.589063 0.110937 0.137500
4 0.935156 0.756250 0.104688 0.153125
4 0.779687 0.828906 0.125000 0.070312
4 0.754687 0.900781 0.071875 0.085938
4 0.860156 0.755469 0.070312 0.085938
4 0.768750 0.770312 0.081250 0.040625
4 0.710156 0.717969 0.126562 0.101562
4 0.697656 0.642188 0.092188 0.071875
4 0.601562 0.686719 0.025000 0.029687
5 0.588281 0.660937 0.089063 0.087500
4 0.624219 0.589063 0.045312 0.062500
4 0.520312 0.645312 0.100000 0.096875
4 0.518750 0.702344 0.103125 0.095312
5 0.446875 0.732812 0.062500 0.050000
4 0.445312 0.684375 0.050000 0.050000
4 0.410156 0.625781 0.129688 0.073438
5 0.231250 0.613281 0.075000 0.101562
4 0.153125 0.398438 0.093750 0.090625
4 0.166406 0.472656 0.082812 0.029687
4 0.081250 0.388281 0.121875 0.095312
5 0.091406 0.336719 0.076563 0.032813
4 0.031250 0.482812 0.056250 0.040625
4 0.028906 0.381250 0.045312 0.059375
2 0.605469 0.525781 0.026562 0.029687
4 0.978125 0.348438 0.043750 0.043750
4 0.312500 0.702344 0.162500 0.098437
4 0.046094 0.238281 0.035937 0.026562
5 0.028125 0.561719 0.056250 0.035937
5 0.422656 0.455469 0.032813 0.032813
