2 0.224219 0.609375 0.064062 0.037500
3 0.973437 0.232813 0.037500 0.078125
3 0.920312 0.081250 0.034375 0.028125
4 0.855469 0.175000 0.042188 0.059375
4 0.064062 0.187500 0.128125 0.118750
4 0.189062 0.284375 0.156250 0.109375
4 0.387500 0.492188 0.040625 0.065625
4 0.321875 0.707812 0.071875 0.100000
4 0.185938 0.504687 0.062500 0.059375
4 0.250000 0.589844 0.034375 0.039062
2 0.151562 0.834375 0.056250 0.071875
2 0.382812 0.673438 0.028125 0.053125
4 0.052344 0.505469 0.104688 0.101562
5 0.620313 0.748437 0.043750 0.034375
4 0.709375 0.645312 0.028125 0.034375
5 0.509375 0.974219 0.028125 0.051562
4 0.248438 0.500000 0.021875 0.025000
4 0.057813 0.973437 0.028125 0.031250
4 0.260937 0.789844 0.034375 0.023438
4 0.370312 0.770312 0.031250 0.028125
4 0.251563 0.647656 0.050000 0.051562
