1 0.850000 0.321094 0.025000 0.039062
2 0.778125 0.422656 0.050000 0.042188
2 0.702344 0.234375 0.067187 0.031250
5 0.586719 0.514062 0.032813 0.034375
4 0.602344 0.670312 0.076563 0.078125
5 0.470313 0.576562 0.056250 0.037500
5 0.468750 0.545312 0.037500 0.046875
1 0.432031 0.488281 0.032813 0.039062
1 0.496094 0.631250 0.042188 0.037500
1 0.414062 0.567187 0.034375 0.046875
5 0.494531 0.662500 0.039062 0.043750
1 0.253906 0.764844 0.029687 0.051562
1 0.071094 0.597656 0.032813 0.045312
4 0.041406 0.590625 0.042188 0.053125
5 0.721875 0.025000 0.012500 0.012500
5 0.808594 0.799219 0.029687 0.051562
