4 0.508594 0.734375 0.210938 0.234375
4 0.669531 0.931250 0.076563 0.093750
4 0.569531 0.971094 0.142187 0.057813
4 0.732812 0.646875 0.362500 0.312500
4 0.913281 0.722656 0.129688 0.170313
4 0.557031 0.475000 0.129688 0.137500
4 0.559375 0.569531 0.134375 0.117188
4 0.478125 0.575000 0.100000 0.081250
4 0.553906 0.279687 0.070312 0.087500
4 0.600000 0.385937 0.081250 0.087500
4 0.673438 0.246094 0.134375 0.129688
4 0.823438 0.237500 0.200000 0.206250
2 0.810156 0.216406 0.157812 0.129688
4 0.538281 0.094531 0.039062 0.064062
4 0.600000 0.024219 0.096875 0.045312
5 0.780469 0.135156 0.148438 0.164062
4 0.613281 0.138281 0.032813 0.029687
4 0.306250 0.848437 0.028125 0.034375
4 0.095312 0.376563 0.050000 0.056250
4 0.107813 0.526563 0.021875 0.025000
4 0.202344 0.152344 0.026562 0.032813
5 0.574219 0.092969 0.064062 0.079687
