4 0.248438 0.282813 0.153125 0.065625
4 0.379688 0.296875 0.050000 0.025000
5 0.115625 0.332031 0.046875 0.039062
4 0.134375 0.446875 0.115625 0.053125
4 0.107813 0.754687 0.071875 0.053125
4 0.028125 0.793750 0.056250 0.050000
4 0.064844 0.846094 0.060937 0.039062
4 0.200000 0.706250 0.118750 0.071875
4 0.281250 0.654687 0.081250 0.040625
4 0.275000 0.720313 0.068750 0.056250
4 0.371875 0.681250 0.075000 0.050000
4 0.462500 0.771875 0.093750 0.103125
4 0.441406 0.695312 0.079687 0.068750
4 0.567969 0.784375 0.110937 0.103125
4 0.503125 0.887500 0.062500 0.065625
4 0.444531 0.849219 0.107813 0.092188
5 0.470313 0.943750 0.075000 0.065625
5 0.687500 0.931250 0.131250 0.093750
5 0.383594 0.765625 0.082812 0.100000
5 0.228125 0.765625 0.037500 0.046875
4 0.061719 0.959375 0.123438 0.081250
4 0.867188 0.860938 0.037500 0.078125
4 0.948438 0.742969 0.103125 0.145313
4 0.993750 0.760938 0.012500 0.109375
4 0.996094 0.888281 0.007812 0.060937
4 0.060937 0.670312 0.118750 0.118750
4 0.328906 0.731250 0.026562 0.025000
4 0.580469 0.918750 0.070312 0.050000
5 0.583594 0.625000 0.082812 0.065625
2 0.439063 0.635938 0.028125 0.031250
5 0.651563 0.328125 0.031250 0.028125
4 0.543750 0.323437 0.037500 0.028125
