4 0.306250 0.253906 0.100000 0.057813
4 0.441406 0.389062 0.070312 0.053125
4 0.294531 0.390625 0.126562 0.100000
4 0.336719 0.382812 0.107813 0.103125
4 0.402344 0.412500 0.042188 0.046875
4 0.474219 0.605469 0.076563 0.054688
4 0.392188 0.597656 0.065625 0.064062
4 0.193750 0.832031 0.053125 0.067187
4 0.417969 0.978125 0.145313 0.043750
2 0.982812 0.630469 0.015625 0.029687
2 0.735156 0.742969 0.079687 0.089063
4 0.831250 0.700000 0.093750 0.062500
4 0.736719 0.809375 0.217188 0.106250
4 0.853906 0.848437 0.054688 0.040625
4 0.831250 0.881250 0.068750 0.034375
4 0.815625 0.950000 0.125000 0.100000
4 0.778906 0.989062 0.060937 0.021875
4 0.661719 0.973437 0.076563 0.053125
4 0.614062 0.929688 0.118750 0.078125
4 0.657813 0.909375 0.040625 0.037500
4 0.690625 0.851562 0.103125 0.071875
4 0.612500 0.709375 0.096875 0.056250
4 0.014844 0.430469 0.026562 0.060937
4 0.013281 0.916406 0.026562 0.070312
5 0.055469 0.705469 0.060937 0.092188
4 0.239844 0.649219 0.092188 0.089063
4 0.037500 0.423438 0.043750 0.078125
5 0.085156 0.467969 0.023438 0.017188
