4 0.102344 0.277344 0.157812 0.160938
4 0.362500 0.326562 0.125000 0.131250
4 0.232031 0.160156 0.085938 0.042188
4 0.303125 0.205469 0.093750 0.114062
4 0.575000 0.037500 0.084375 0.075000
4 0.282813 0.577344 0.050000 0.042188
4 0.232813 0.461719 0.075000 0.054688
4 0.356250 0.414062 0.121875 0.093750
4 0.150000 0.535937 0.090625 0.075000
4 0.245312 0.287500 0.153125 0.153125
4 0.131250 0.139063 0.146875 0.084375
5 0.149219 0.182812 0.039062 0.031250
5 0.102344 0.050781 0.060937 0.085938
5 0.418750 0.482812 0.062500 0.043750
5 0.379688 0.521094 0.031250 0.035937
5 0.667969 0.036719 0.079687 0.039062
4 0.668750 0.398438 0.068750 0.062500
4 0.128125 0.365625 0.040625 0.028125
4 0.418750 0.625000 0.050000 0.028125
4 0.653906 0.618750 0.101562 0.065625
4 0.338281 0.479687 0.089063 0.053125
4 0.495312 0.450781 0.031250 0.023438
4 0.333594 0.578906 0.029687 0.020313
4 0.598437 0.525000 0.156250 0.106250
4 0.485156 0.470313 0.117188 0.087500
4 0.431250 0.531250 0.100000 0.084375
4 0.288281 0.511719 0.067187 0.060937
4 0.352344 0.519531 0.045312 0.032813
4 0.068750 0.397656 0.131250 0.120313
5 0.105469 0.006250 0.035937 0.012500
