4 0.510938 0.133594 0.053125 0.101562
4 0.288281 0.391406 0.076563 0.114062
4 0.239844 0.216406 0.095312 0.070312
4 0.360156 0.226562 0.135937 0.125000
4 0.310937 0.156250 0.056250 0.084375
4 0.329688 0.080469 0.068750 0.067187
4 0.501563 0.373437 0.084375 0.087500
4 0.607031 0.438281 0.073438 0.051562
4 0.596875 0.542969 0.150000 0.073438
4 0.051562 0.371875 0.053125 0.062500
2 0.044531 0.479687 0.035937 0.015625
5 0.020313 0.394531 0.040625 0.057813
4 0.035156 0.210156 0.070312 0.110937
4 0.107813 0.288281 0.065625 0.067187
4 0.032031 0.309375 0.064062 0.065625
4 0.204687 0.326562 0.103125 0.096875
4 0.295312 0.277344 0.062500 0.042188
4 0.448437 0.259375 0.050000 0.056250
4 0.720313 0.526563 0.090625 0.062500
4 0.466406 0.575000 0.032813 0.034375
4 0.895312 0.132031 0.165625 0.095312
4 0.189844 0.057813 0.135937 0.084375
4 0.043750 0.439063 0.087500 0.075000
