1 0.669531 0.675781 0.054688 0.029687
1 0.671094 0.545312 0.032813 0.043750
1 0.664062 0.514844 0.046875 0.051562
1 0.544531 0.457031 0.023438 0.039062
1 0.485156 0.506250 0.026562 0.031250
1 0.767969 0.245312 0.067187 0.037500
2 0.507031 0.338281 0.039062 0.051562
2 0.469531 0.172656 0.045312 0.064062
2 0.455469 0.532813 0.057813 0.081250
2 0.440625 0.803906 0.040625 0.048438
5 0.421094 0.622656 0.032813 0.026562
5 0.572656 0.583594 0.039062 0.032813
5 0.724219 0.500000 0.073438 0.059375
4 0.457031 0.474219 0.048438 0.039062
