4 0.282813 0.735938 0.156250 0.081250
4 0.407813 0.710156 0.050000 0.029687
5 0.149219 0.702344 0.048438 0.042188
4 0.155469 0.588281 0.117188 0.060937
4 0.098437 0.293750 0.075000 0.059375
4 0.024219 0.262500 0.048438 0.056250
4 0.048438 0.209375 0.062500 0.043750
4 0.192188 0.332031 0.121875 0.079687
4 0.275781 0.372656 0.082812 0.048438
4 0.263281 0.309375 0.073438 0.059375
4 0.361719 0.338281 0.076563 0.057813
4 0.440625 0.240625 0.100000 0.109375
4 0.428125 0.316406 0.084375 0.076563
4 0.541406 0.217969 0.117188 0.110937
4 0.467187 0.124219 0.065625 0.070312
4 0.416406 0.167187 0.114062 0.100000
5 0.432031 0.074219 0.079687 0.073438
5 0.642188 0.063281 0.137500 0.104688
5 0.365625 0.253906 0.090625 0.104688
5 0.214844 0.271875 0.042188 0.050000
4 0.048438 0.094531 0.096875 0.107813
4 0.825000 0.113281 0.043750 0.079687
4 0.917969 0.219531 0.123438 0.151562
4 0.960156 0.197656 0.032813 0.107813
4 0.949219 0.074219 0.023438 0.060937
4 0.062500 0.380469 0.125000 0.129688
4 0.314844 0.293750 0.029687 0.028125
4 0.539844 0.087500 0.073438 0.056250
5 0.571875 0.371094 0.087500 0.070312
2 0.431250 0.374219 0.031250 0.032813
5 0.668750 0.653125 0.034375 0.031250
4 0.565625 0.667188 0.040625 0.031250
