5 0.288281 0.297656 0.092188 0.104688
5 0.344531 0.382031 0.067187 0.076563
4 0.534375 0.710156 0.081250 0.054688
4 0.547656 0.392969 0.067187 0.089063
4 0.449219 0.398438 0.082812 0.093750
4 0.510156 0.224219 0.076563 0.098437
4 0.550781 0.326562 0.079687 0.090625
4 0.418750 0.061719 0.068750 0.073438
4 0.409375 0.125000 0.043750 0.065625
2 0.169531 0.764844 0.057813 0.067187
5 0.078906 0.697656 0.042188 0.067187
4 0.874219 0.471094 0.048438 0.064062
4 0.613281 0.455469 0.048438 0.051562
5 0.745313 0.810156 0.181250 0.235937
5 0.565625 0.045312 0.128125 0.090625
5 0.624219 0.626563 0.057813 0.053125
