5 0.086719 0.442969 0.035937 0.042188
5 0.177344 0.585156 0.023438 0.032813
5 0.360938 0.158594 0.081250 0.067187
5 0.351562 0.246094 0.046875 0.057813
4 0.492969 0.555469 0.039062 0.039062
5 0.510938 0.468750 0.059375 0.056250
5 0.452344 0.494531 0.026562 0.045312
5 0.585938 0.349219 0.025000 0.054688
4 0.421875 0.482812 0.043750 0.053125
2 0.405469 0.512500 0.045312 0.046875
2 0.360938 0.567969 0.056250 0.067187
2 0.720313 0.556250 0.075000 0.053125
1 0.472656 0.280469 0.042188 0.064062
1 0.249219 0.514062 0.017188 0.037500
1 0.111719 0.321875 0.051562 0.046875
1 0.032031 0.369531 0.035937 0.039062
1 0.275000 0.346094 0.028125 0.054688
1 0.383594 0.446875 0.039062 0.034375
1 0.391406 0.221094 0.035937 0.057813
