5 0.587500 0.843750 0.040625 0.037500
5 0.553906 0.645312 0.048438 0.040625
5 0.573438 0.561719 0.025000 0.048438
5 0.595313 0.533594 0.025000 0.035937
4 0.640625 0.500781 0.040625 0.032813
2 0.612500 0.370312 0.034375 0.043750
5 0.639062 0.378125 0.018750 0.021875
2 0.715625 0.406250 0.056250 0.040625
1 0.609375 0.318750 0.021875 0.012500
1 0.476562 0.438281 0.025000 0.026562
1 0.385937 0.420312 0.021875 0.025000
1 0.381250 0.329688 0.021875 0.018750
1 0.319531 0.403906 0.026562 0.020313
1 0.303906 0.393750 0.017188 0.025000
1 0.165625 0.340625 0.021875 0.021875
1 0.168750 0.378125 0.025000 0.018750
1 0.353125 0.318750 0.021875 0.012500
5 0.170313 0.350781 0.015625 0.010937
2 0.232813 0.328125 0.028125 0.025000
5 0.212500 0.451562 0.012500 0.025000
5 0.315625 0.359375 0.025000 0.043750
2 0.057813 0.076563 0.015625 0.009375
4 0.290625 0.364844 0.037500 0.039062
1 0.315625 0.383594 0.015625 0.014063
1 0.513281 0.251563 0.010937 0.012500
5 0.513281 0.307812 0.017188 0.018750
5 0.506250 0.351562 0.018750 0.018750
5 0.456250 0.368750 0.018750 0.018750
5 0.450000 0.373437 0.021875 0.018750
5 0.465625 0.425000 0.034375 0.012500
5 0.514844 0.417969 0.029687 0.020313
5 0.567187 0.465625 0.015625 0.015625
