5 0.411719 0.209375 0.045312 0.059375
5 0.984375 0.275000 0.031250 0.046875
5 0.895312 0.959375 0.078125 0.053125
5 0.310156 0.719531 0.026562 0.026562
4 0.413281 0.527344 0.092188 0.035937
1 0.243750 0.546875 0.046875 0.025000
1 0.507812 0.467969 0.068750 0.035937
1 0.536719 0.332813 0.070312 0.034375
1 0.410938 0.259375 0.046875 0.028125
4 0.478906 0.269531 0.067187 0.070312
2 0.050000 0.271094 0.053125 0.048438
2 0.378125 0.446094 0.050000 0.048438
5 0.482031 0.702344 0.057813 0.026562
5 0.280469 0.675000 0.026562 0.031250
1 0.728906 0.507812 0.048438 0.034375
