4 0.314844 0.077344 0.148438 0.142187
4 0.327344 0.346875 0.123438 0.115625
4 0.175781 0.189062 0.032813 0.087500
4 0.210938 0.271094 0.109375 0.082812
4 0.017188 0.522656 0.034375 0.076563
4 0.006250 0.049219 0.012500 0.045312
4 0.594531 0.302344 0.039062 0.048438
4 0.482812 0.234375 0.046875 0.071875
4 0.416406 0.353125 0.082812 0.115625
4 0.571094 0.160938 0.067187 0.087500
4 0.303125 0.221875 0.140625 0.140625
4 0.167969 0.087500 0.070312 0.140625
5 0.210938 0.108594 0.028125 0.035937
5 0.083594 0.042969 0.082812 0.048438
5 0.477344 0.427344 0.039062 0.060937
5 0.524219 0.391406 0.032813 0.026562
4 0.356250 0.671875 0.056250 0.065625
4 0.400781 0.113281 0.023438 0.039062
4 0.624219 0.447656 0.023438 0.048438
4 0.583594 0.687500 0.054688 0.100000
4 0.486719 0.346094 0.042188 0.085938
4 0.435156 0.500781 0.020313 0.029687
4 0.588281 0.353125 0.017188 0.028125
4 0.496094 0.617969 0.089063 0.154688
4 0.455469 0.493750 0.076563 0.112500
4 0.526563 0.446875 0.075000 0.093750
4 0.526563 0.298438 0.056250 0.065625
4 0.525781 0.364844 0.026562 0.042188
4 0.440625 0.059375 0.109375 0.118750
5 0.025781 0.039844 0.026562 0.029687
