2 0.578125 0.061719 0.084375 0.120313
3 0.162500 0.021094 0.075000 0.042188
4 0.197656 0.164844 0.045312 0.054688
4 0.086719 0.499219 0.142187 0.170313
4 0.046094 0.810156 0.064062 0.101562
4 0.066406 0.270313 0.082812 0.103125
4 0.026562 0.357812 0.043750 0.046875
4 0.025000 0.282031 0.037500 0.095312
4 0.189062 0.234375 0.021875 0.037500
4 0.126562 0.327344 0.018750 0.020313
4 0.458594 0.306250 0.010937 0.050000
4 0.114844 0.022656 0.039062 0.045312
4 0.156250 0.082812 0.021875 0.018750
4 0.270313 0.137500 0.018750 0.021875
