2 0.018750 0.396094 0.021875 0.035937
5 0.436719 0.353125 0.076563 0.062500
5 0.700781 0.464844 0.107813 0.067187
5 0.768750 0.204687 0.090625 0.043750
5 0.183594 0.115625 0.032813 0.031250
5 0.289062 0.222656 0.065625 0.026562
5 0.343750 0.328906 0.046875 0.039062
5 0.209375 0.165625 0.037500 0.034375
5 0.146875 0.118750 0.043750 0.018750
1 0.068750 0.107031 0.021875 0.026562
1 0.147656 0.410938 0.039062 0.021875
1 0.130469 0.441406 0.045312 0.029687
1 0.339062 0.497656 0.056250 0.032813
1 0.364063 0.525000 0.062500 0.028125
1 0.378125 0.750000 0.062500 0.034375
4 0.250781 0.681250 0.039062 0.053125
5 0.280469 0.667188 0.039062 0.046875
4 0.226562 0.485938 0.065625 0.034375
