1 0.478125 0.633594 0.028125 0.017188
1 0.564844 0.467187 0.032813 0.028125
1 0.548438 0.449219 0.028125 0.017188
1 0.502344 0.432031 0.029687 0.026562
1 0.481250 0.421094 0.025000 0.017188
1 0.495312 0.407031 0.031250 0.017188
1 0.357812 0.559375 0.009375 0.015625
5 0.382031 0.527344 0.017188 0.014063
5 0.374219 0.507812 0.035937 0.025000
5 0.469531 0.502344 0.026562 0.029687
5 0.469531 0.469531 0.023438 0.039062
5 0.493750 0.455469 0.031250 0.017188
5 0.535937 0.440625 0.021875 0.012500
5 0.652344 0.450000 0.048438 0.034375
5 0.683594 0.433594 0.060937 0.039062
5 0.650781 0.532813 0.054688 0.025000
5 0.414844 0.629687 0.020313 0.021875
5 0.508594 0.604688 0.032813 0.025000
5 0.559375 0.630469 0.037500 0.020313
5 0.794531 0.501563 0.032813 0.037500
2 0.438281 0.757812 0.026562 0.068750
2 0.200000 0.184375 0.015625 0.021875
2 0.394531 0.405469 0.035937 0.032813
2 0.374219 0.482031 0.029687 0.032813
4 0.452344 0.458594 0.042188 0.026562
1 0.353906 0.371875 0.020313 0.015625
1 0.383594 0.239844 0.023438 0.014063
1 0.432812 0.262500 0.015625 0.018750
1 0.375781 0.137500 0.023438 0.015625
1 0.356250 0.125000 0.021875 0.015625
5 0.319531 0.329688 0.020313 0.015625
5 0.322656 0.284375 0.020313 0.012500
1 0.500000 0.383594 0.025000 0.017188
