1 0.418750 0.430469 0.028125 0.023438
1 0.313281 0.430469 0.039062 0.032813
1 0.264844 0.414844 0.051562 0.029687
1 0.272656 0.352344 0.035937 0.042188
1 0.214062 0.405469 0.056250 0.020313
1 0.406250 0.210156 0.034375 0.023438
1 0.457813 0.146094 0.037500 0.029687
1 0.526563 0.282031 0.034375 0.023438
1 0.418750 0.527344 0.037500 0.017188
4 0.453125 0.617969 0.059375 0.048438
5 0.228906 0.657031 0.051562 0.029687
5 0.111719 0.548438 0.079687 0.043750
5 0.141406 0.390625 0.073438 0.053125
5 0.217188 0.436719 0.031250 0.045312
5 0.380469 0.448437 0.032813 0.050000
5 0.346094 0.443750 0.039062 0.031250
5 0.510156 0.123438 0.032813 0.031250
5 0.571094 0.237500 0.023438 0.025000
2 0.451562 0.405469 0.031250 0.039062
2 0.530469 0.457813 0.057813 0.059375
2 0.614844 0.049219 0.035937 0.039062
1 0.464844 0.041406 0.023438 0.032813
1 0.470313 0.008594 0.034375 0.017188
5 0.011719 0.585938 0.020313 0.043750
2 0.426563 0.812500 0.062500 0.065625
5 0.433594 0.500000 0.048438 0.040625
4 0.435937 0.463281 0.040625 0.035937
