4 0.317969 0.159375 0.042188 0.053125
1 0.722656 0.163281 0.035937 0.023438
2 0.789062 0.310937 0.046875 0.071875
2 0.460156 0.330469 0.054688 0.060937
5 0.418750 0.236719 0.043750 0.054688
5 0.063281 0.210938 0.126562 0.093750
1 0.256250 0.335938 0.087500 0.056250
1 0.536719 0.558594 0.054688 0.035937
5 0.539062 0.596094 0.050000 0.054688
4 0.414844 0.532813 0.079687 0.084375
5 0.151562 0.756250 0.059375 0.046875
5 0.443750 0.377344 0.040625 0.039062
5 0.481250 0.410938 0.037500 0.040625
1 0.516406 0.263281 0.051562 0.032813
5 0.660937 0.434375 0.034375 0.037500
