1 0.322656 0.467187 0.032813 0.034375
3 0.075000 0.814063 0.053125 0.093750
3 0.471094 0.520312 0.048438 0.034375
3 0.510938 0.494531 0.025000 0.051562
3 0.589844 0.603906 0.039062 0.045312
3 0.477344 0.735156 0.032813 0.035937
2 0.429688 0.560937 0.046875 0.046875
2 0.248438 0.609375 0.043750 0.043750
2 0.282813 0.731250 0.050000 0.078125
4 0.543750 0.384375 0.034375 0.028125
3 0.381250 0.471875 0.021875 0.028125
5 0.339062 0.422656 0.028125 0.023438
5 0.388281 0.430469 0.023438 0.017188
5 0.446875 0.388281 0.028125 0.023438
5 0.440625 0.415625 0.025000 0.021875
1 0.871094 0.551562 0.020313 0.028125
4 0.389844 0.750000 0.067187 0.081250
