4 0.586719 0.189062 0.095312 0.225000
4 0.389062 0.334375 0.081250 0.081250
5 0.354687 0.402344 0.015625 0.020313
5 0.126562 0.415625 0.096875 0.046875
5 0.045312 0.133594 0.090625 0.064062
5 0.214844 0.433594 0.035937 0.039062
4 0.561719 0.336719 0.023438 0.039062
4 0.611719 0.439844 0.020313 0.039062
5 0.600000 0.465625 0.025000 0.028125
4 0.580469 0.555469 0.057813 0.104688
4 0.459375 0.586719 0.109375 0.148438
4 0.442969 0.681250 0.048438 0.040625
5 0.468750 0.714844 0.053125 0.070312
5 0.592187 0.670312 0.025000 0.037500
4 0.254688 0.712500 0.062500 0.078125
4 0.254688 0.795312 0.059375 0.081250
5 0.091406 0.700000 0.057813 0.065625
4 0.155469 0.949219 0.070312 0.101562
4 0.197656 0.571094 0.082812 0.092188
4 0.023438 0.553125 0.046875 0.053125
