1 0.560156 0.587500 0.032813 0.028125
1 0.662500 0.614844 0.043750 0.039062
1 0.705469 0.641406 0.054688 0.039062
1 0.682031 0.700000 0.042188 0.046875
1 0.751563 0.664062 0.059375 0.031250
1 0.514844 0.802344 0.039062 0.029687
1 0.450000 0.850781 0.040625 0.035937
1 0.417969 0.702344 0.039062 0.029687
1 0.585938 0.494531 0.040625 0.023438
4 0.577344 0.396875 0.067187 0.059375
5 0.802344 0.416406 0.054688 0.039062
5 0.888281 0.552344 0.085938 0.057813
5 0.818750 0.696875 0.081250 0.065625
5 0.758594 0.634375 0.039062 0.050000
5 0.603125 0.578906 0.040625 0.054688
5 0.634375 0.593750 0.043750 0.037500
5 0.393750 0.860156 0.037500 0.035937
5 0.363281 0.733594 0.026562 0.029687
2 0.523438 0.603125 0.037500 0.043750
2 0.460156 0.531250 0.067187 0.068750
2 0.272656 0.904687 0.042188 0.043750
1 0.415625 0.950000 0.028125 0.037500
1 0.403125 0.982812 0.037500 0.025000
5 0.989844 0.543750 0.020313 0.046875
2 0.652344 0.216406 0.073438 0.076563
5 0.564844 0.514844 0.054688 0.048438
4 0.553906 0.550781 0.045312 0.042188
