4 0.291406 0.787500 0.120313 0.131250
4 0.400000 0.875000 0.109375 0.100000
4 0.441406 0.960938 0.051562 0.078125
4 0.563281 0.679688 0.101562 0.131250
4 0.320312 0.517969 0.065625 0.073438
4 0.116406 0.437500 0.057813 0.103125
4 0.213281 0.795312 0.082812 0.087500
5 0.178125 0.721094 0.056250 0.073438
4 0.152344 0.892188 0.060937 0.084375
4 0.062500 0.823438 0.034375 0.046875
4 0.075000 0.773438 0.025000 0.028125
5 0.129688 0.732812 0.031250 0.031250
4 0.053125 0.646094 0.037500 0.042188
4 0.334375 0.939844 0.031250 0.060937
5 0.400000 0.982031 0.031250 0.023438
5 0.680469 0.710156 0.089063 0.104688
4 0.061719 0.903125 0.079687 0.078125
4 0.117188 0.842187 0.059375 0.109375
4 0.168750 0.764844 0.046875 0.054688
4 0.198437 0.663281 0.084375 0.114062
4 0.214844 0.664062 0.029687 0.034375
5 0.002344 0.767969 0.004687 0.032813
4 0.198437 0.542188 0.090625 0.153125
4 0.275000 0.892969 0.090625 0.101562
