2 0.373437 0.046875 0.137500 0.084375
2 0.841406 0.053906 0.135937 0.107813
3 0.419531 0.478125 0.045312 0.078125
5 0.604688 0.677344 0.087500 0.070312
2 0.812500 0.952344 0.059375 0.042188
4 0.977344 0.675000 0.045312 0.115625
4 0.827344 0.756250 0.029687 0.043750
4 0.851562 0.469531 0.050000 0.092188
4 0.939844 0.490625 0.101562 0.125000
4 0.782031 0.677344 0.095312 0.160938
5 0.729688 0.907813 0.059375 0.090625
4 0.909375 0.219531 0.168750 0.423438
4 0.764844 0.013281 0.067187 0.026562
4 0.847656 0.342969 0.154688 0.145313
4 0.974219 0.715625 0.029687 0.053125
