1 0.670312 0.514844 0.031250 0.029687
5 0.758594 0.464062 0.045312 0.025000
5 0.753125 0.432031 0.028125 0.023438
5 0.654687 0.392188 0.034375 0.037500
4 0.464844 0.378906 0.026562 0.020313
3 0.450781 0.496875 0.039062 0.050000
5 0.581250 0.545312 0.043750 0.040625
3 0.578125 0.483594 0.028125 0.020313
3 0.657813 0.542969 0.065625 0.064062
3 0.422656 0.751563 0.035937 0.028125
3 0.346094 0.560937 0.039062 0.031250
2 0.531250 0.659375 0.050000 0.071875
2 0.649219 0.582031 0.051562 0.051562
2 0.663281 0.643750 0.048438 0.040625
2 0.855469 0.609375 0.039062 0.034375
3 0.517188 0.554688 0.040625 0.037500
4 0.392188 0.573438 0.050000 0.062500
1 0.190625 0.514844 0.018750 0.023438
