2 0.039062 0.657813 0.068750 0.140625
2 0.059375 0.167187 0.118750 0.134375
3 0.485156 0.633594 0.079687 0.045312
5 0.703906 0.450000 0.070312 0.087500
4 0.721875 0.041406 0.118750 0.082812
4 0.799219 0.222656 0.042188 0.026562
4 0.500781 0.182812 0.095312 0.046875
4 0.527344 0.092188 0.126562 0.103125
4 0.713281 0.265625 0.164062 0.090625
5 0.950000 0.334375 0.087500 0.056250
4 0.242188 0.094531 0.440625 0.182812
4 0.015625 0.245312 0.031250 0.065625
4 0.367969 0.179688 0.145313 0.156250
4 0.764062 0.067969 0.056250 0.029687
