5 0.108594 0.620313 0.042188 0.046875
5 0.175781 0.463281 0.029687 0.035937
5 0.425781 0.859375 0.089063 0.078125
5 0.402344 0.774219 0.054688 0.064062
4 0.494531 0.444531 0.045312 0.045312
5 0.526563 0.527344 0.065625 0.064062
5 0.463281 0.510156 0.032813 0.048438
5 0.619531 0.634375 0.032813 0.056250
4 0.435156 0.527344 0.051562 0.060937
2 0.414062 0.500781 0.053125 0.054688
2 0.360938 0.453125 0.065625 0.075000
2 0.717969 0.407031 0.082812 0.064062
1 0.516406 0.720313 0.051562 0.068750
1 0.258594 0.521875 0.023438 0.040625
1 0.153906 0.734375 0.057813 0.053125
1 0.066406 0.700000 0.042188 0.043750
1 0.310156 0.686719 0.035937 0.057813
1 0.403125 0.569531 0.043750 0.042188
1 0.445312 0.792188 0.043750 0.062500
