4 0.096875 0.502344 0.093750 0.076563
4 0.108594 0.789062 0.095312 0.081250
4 0.370312 0.525781 0.090625 0.104688
4 0.364063 0.604688 0.065625 0.059375
4 0.256250 0.383594 0.121875 0.164062
4 0.173437 0.264062 0.084375 0.059375
4 0.091406 0.152344 0.082812 0.070312
4 0.566406 0.280469 0.057813 0.064062
4 0.593750 0.235156 0.050000 0.076563
4 0.624219 0.032031 0.051562 0.042188
4 0.646094 0.382031 0.042188 0.067187
5 0.709375 0.491406 0.040625 0.045312
4 0.659375 0.628125 0.031250 0.025000
4 0.810937 0.677344 0.050000 0.082812
5 0.417969 0.837500 0.048438 0.043750
4 0.060156 0.914062 0.120313 0.053125
