5 0.576562 0.704688 0.037500 0.081250
4 0.475781 0.376563 0.048438 0.046875
2 0.574219 0.376563 0.057813 0.062500
2 0.928906 0.350000 0.051562 0.046875
2 0.429688 0.442188 0.043750 0.050000
2 0.201563 0.418750 0.081250 0.050000
1 0.381250 0.725000 0.046875 0.040625
1 0.504687 0.596875 0.031250 0.043750
1 0.495312 0.726562 0.037500 0.050000
1 0.532031 0.719531 0.042188 0.067187
1 0.611719 0.407813 0.035937 0.037500
1 0.506250 0.482031 0.037500 0.035937
1 0.695312 0.578125 0.050000 0.040625
1 0.881250 0.601562 0.034375 0.068750
1 0.796875 0.570312 0.025000 0.053125
5 0.759375 0.497656 0.037500 0.045312
5 0.707812 0.340625 0.028125 0.031250
