4 0.282813 0.248438 0.065625 0.153125
4 0.296875 0.379688 0.025000 0.050000
5 0.332031 0.115625 0.039062 0.046875
4 0.446875 0.134375 0.053125 0.115625
4 0.754687 0.107813 0.053125 0.071875
4 0.793750 0.028125 0.050000 0.056250
4 0.846094 0.064844 0.039062 0.060937
4 0.706250 0.200000 0.071875 0.118750
4 0.654687 0.281250 0.040625 0.081250
4 0.720313 0.275000 0.056250 0.068750
4 0.681250 0.371875 0.050000 0.075000
4 0.771875 0.462500 0.103125 0.093750
4 0.695312 0.441406 0.068750 0.079687
4 0.784375 0.567969 0.103125 0.110937
4 0.887500 0.503125 0.065625 0.062500
4 0.849219 0.444531 0.092188 0.107813
5 0.943750 0.470313 0.065625 0.075000
5 0.931250 0.687500 0.093750 0.131250
5 0.765625 0.383594 0.100000 0.082812
5 0.765625 0.228125 0.046875 0.037500
4 0.959375 0.061719 0.081250 0.123438
4 0.860938 0.867188 0.078125 0.037500
4 0.742969 0.948438 0.145313 0.103125
4 0.760938 0.993750 0.109375 0.012500
4 0.888281 0.996094 0.060937 0.007812
4 0.670312 0.060937 0.118750 0.118750
4 0.731250 0.328906 0.025000 0.026562
4 0.918750 0.580469 0.050000 0.070312
5 0.625000 0.583594 0.065625 0.082812
2 0.635938 0.439063 0.031250 0.028125
5 0.328125 0.651563 0.028125 0.031250
4 0.323437 0.543750 0.028125 0.037500
