5 0.624219 0.203125 0.270313 0.206250
4 0.856250 0.247656 0.087500 0.076563
4 0.780469 0.325000 0.035937 0.031250
4 0.764062 0.534375 0.037500 0.053125
4 0.400781 0.176563 0.070312 0.103125
4 0.455469 0.260156 0.051562 0.107813
4 0.471094 0.313281 0.079687 0.101562
2 0.898438 0.011719 0.068750 0.023438
5 0.892969 0.076563 0.026562 0.031250
5 0.271875 0.073438 0.056250 0.050000
5 0.853125 0.070312 0.065625 0.056250
5 0.942187 0.083594 0.078125 0.101562
5 0.939844 0.297656 0.026562 0.051562
4 0.269531 0.039062 0.092188 0.059375
