4 0.542188 0.607812 0.140625 0.118750
4 0.628906 0.300781 0.067187 0.057813
4 0.521875 0.225781 0.059375 0.035937
4 0.545312 0.403906 0.075000 0.048438
4 0.917969 0.220312 0.026562 0.028125
4 0.943750 0.217969 0.025000 0.023438
4 0.953125 0.254688 0.021875 0.028125
4 0.896094 0.264062 0.017188 0.015625
4 0.821094 0.132812 0.039062 0.028125
4 0.879687 0.175000 0.050000 0.028125
4 0.909375 0.135156 0.037500 0.026562
4 0.936719 0.136719 0.010937 0.029687
5 0.328125 0.969531 0.059375 0.035937
4 0.092188 0.572656 0.031250 0.020313
4 0.459375 0.439844 0.043750 0.020313
4 0.352344 0.521094 0.026562 0.023438
4 0.435156 0.432031 0.010937 0.014063
4 0.679688 0.453906 0.015625 0.014063
4 0.504687 0.542969 0.028125 0.020313
