5 0.064062 0.630469 0.009375 0.010937
5 0.107813 0.665625 0.009375 0.006250
5 0.187500 0.543750 0.012500 0.012500
1 0.260156 0.535937 0.010937 0.015625
1 0.272656 0.580469 0.014063 0.014063
2 0.275781 0.703906 0.023438 0.007812
5 0.232813 0.525781 0.012500 0.010937
5 0.348438 0.196875 0.015625 0.021875
1 0.394531 0.372656 0.014063 0.020313
2 0.563281 0.448437 0.051562 0.037500
1 0.742969 0.196875 0.035937 0.034375
5 0.738281 0.181250 0.032813 0.015625
5 0.846875 0.126562 0.043750 0.059375
1 0.866406 0.164844 0.035937 0.048438
1 0.793750 0.075781 0.031250 0.051562
4 0.700781 0.050000 0.060937 0.075000
5 0.881250 0.030469 0.053125 0.010937
2 0.546875 0.217188 0.040625 0.034375
5 0.560156 0.632812 0.014063 0.015625
1 0.375000 0.692969 0.006250 0.010937
