3 0.150781 0.290625 0.026562 0.050000
5 0.422656 0.281250 0.054688 0.059375
4 0.467187 0.300000 0.093750 0.096875
4 0.764844 0.378125 0.076563 0.090625
4 0.777344 0.439844 0.042188 0.060937
4 0.810156 0.575781 0.045312 0.051562
4 0.810937 0.528906 0.040625 0.048438
3 0.879687 0.555469 0.121875 0.179688
4 0.961719 0.456250 0.042188 0.021875
5 0.977344 0.607812 0.045312 0.062500
4 0.978125 0.734375 0.043750 0.062500
4 0.981250 0.690625 0.037500 0.025000
4 0.925781 0.861719 0.148438 0.170313
4 0.900000 0.776563 0.090625 0.056250
5 0.850000 0.848437 0.075000 0.115625
4 0.924219 0.737500 0.026562 0.034375
4 0.947656 0.932813 0.017188 0.009375
4 0.714844 0.683594 0.092188 0.129688
4 0.548438 0.624219 0.059375 0.045312
4 0.441406 0.787500 0.029687 0.028125
4 0.753125 0.488281 0.090625 0.157812
5 0.660937 0.475781 0.037500 0.057813
