4 0.576562 0.437500 0.112500 0.140625
4 0.263281 0.317969 0.054688 0.067187
4 0.172656 0.423438 0.032813 0.062500
4 0.361719 0.416406 0.045312 0.076563
4 0.247656 0.034375 0.014063 0.018750
4 0.103906 0.100781 0.026562 0.039062
4 0.154688 0.052344 0.021875 0.035937
5 0.935937 0.696094 0.031250 0.060937
5 0.991406 0.660937 0.017188 0.037500
4 0.497656 0.905469 0.020313 0.029687
4 0.391406 0.508594 0.017188 0.045312
4 0.467187 0.628906 0.021875 0.026562
4 0.382812 0.532813 0.015625 0.012500
4 0.428906 0.278906 0.014063 0.017188
4 0.504687 0.471875 0.018750 0.028125
