4 0.271875 0.864844 0.112500 0.173437
4 0.165625 0.859375 0.065625 0.084375
4 0.125781 0.735938 0.098437 0.103125
5 0.284375 0.262500 0.059375 0.068750
5 0.217969 0.120313 0.045312 0.059375
4 0.198437 0.245312 0.087500 0.115625
4 0.321875 0.113281 0.087500 0.110937
4 0.267188 0.210938 0.050000 0.065625
4 0.106250 0.228125 0.121875 0.137500
4 0.252344 0.294531 0.064062 0.064062
4 0.159375 0.335938 0.071875 0.071875
4 0.242969 0.178906 0.039062 0.032813
4 0.420312 0.007031 0.040625 0.014063
2 0.350000 0.307031 0.021875 0.035937
4 0.346875 0.741406 0.031250 0.035937
4 0.057031 0.442188 0.089063 0.109375
4 0.171875 0.429688 0.112500 0.103125
4 0.197656 0.521094 0.107813 0.089063
4 0.100000 0.506250 0.062500 0.068750
4 0.322656 0.315625 0.060937 0.071875
4 0.246094 0.147656 0.042188 0.035937
4 0.015625 0.507031 0.031250 0.073438
