1 0.185156 0.380469 0.042188 0.023438
1 0.465625 0.511719 0.062500 0.039062
1 0.470313 0.668750 0.081250 0.040625
1 0.332031 0.714063 0.054688 0.031250
2 0.339844 0.516406 0.060937 0.054688
5 0.321094 0.767188 0.039062 0.050000
5 0.906250 0.824219 0.140625 0.064062
5 0.261719 0.266406 0.048438 0.035937
5 0.314844 0.215625 0.029687 0.025000
5 0.478906 0.275000 0.073438 0.031250
4 0.369531 0.429688 0.060937 0.031250
5 0.932031 0.067969 0.089063 0.060937
4 0.398438 0.719531 0.059375 0.070312
1 0.700000 0.519531 0.065625 0.048438
