5 0.360156 0.610938 0.032813 0.065625
5 0.370312 0.532813 0.034375 0.028125
5 0.462500 0.609375 0.018750 0.025000
5 0.482031 0.614844 0.032813 0.042188
5 0.537500 0.510156 0.037500 0.035937
5 0.621875 0.321875 0.046875 0.043750
5 0.640625 0.296875 0.050000 0.059375
5 0.529687 0.289062 0.034375 0.059375
5 0.572656 0.160938 0.042188 0.040625
5 0.571094 0.440625 0.023438 0.025000
5 0.564063 0.497656 0.025000 0.045312
5 0.551562 0.527344 0.046875 0.026562
2 0.254688 0.462500 0.078125 0.062500
4 0.388281 0.458594 0.042188 0.042188
1 0.400000 0.428125 0.025000 0.037500
5 0.420312 0.345313 0.025000 0.034375
2 0.510156 0.625781 0.045312 0.045312
2 0.599219 0.615625 0.035937 0.031250
4 0.557813 0.557813 0.040625 0.037500
1 0.596094 0.496094 0.032813 0.032813
1 0.604688 0.539062 0.034375 0.034375
1 0.614062 0.518750 0.025000 0.040625
1 0.646875 0.521875 0.034375 0.034375
1 0.583594 0.424219 0.026562 0.029687
1 0.610938 0.672656 0.015625 0.020313
1 0.587500 0.403125 0.034375 0.031250
1 0.750781 0.679688 0.020313 0.028125
1 0.742188 0.632031 0.025000 0.020313
1 0.858594 0.690625 0.023438 0.025000
1 0.869531 0.712500 0.020313 0.025000
2 0.769531 0.850781 0.023438 0.017188
5 0.699219 0.713281 0.014063 0.017188
5 0.645312 0.710156 0.018750 0.023438
1 0.426563 0.625000 0.018750 0.018750
