4 0.105469 0.724219 0.201563 0.214062
4 0.064062 0.611719 0.128125 0.270313
4 0.207031 0.600000 0.085938 0.065625
4 0.142969 0.576562 0.123438 0.096875
4 0.178125 0.502344 0.131250 0.142187
4 0.186719 0.403125 0.082812 0.084375
2 0.092969 0.206250 0.104688 0.112500
4 0.089063 0.224219 0.115625 0.170313
4 0.153125 0.273438 0.078125 0.071875
4 0.263281 0.336719 0.070312 0.073438
4 0.356250 0.199219 0.040625 0.057813
4 0.271875 0.200781 0.031250 0.026562
5 0.331250 0.180469 0.053125 0.064062
5 0.136719 0.153125 0.148438 0.153125
4 0.344531 0.102344 0.089063 0.079687
4 0.391406 0.053906 0.095312 0.107813
4 0.225781 0.867969 0.026562 0.032813
4 0.597656 0.553125 0.045312 0.050000
4 0.529687 0.669531 0.018750 0.020313
4 0.608594 0.348438 0.023438 0.028125
