5 0.129688 0.243750 0.012500 0.012500
5 0.182031 0.224219 0.010937 0.007812
1 0.057031 0.225781 0.007812 0.010937
5 0.219531 0.363281 0.014063 0.014063
1 0.285938 0.392969 0.012500 0.017188
1 0.310937 0.354687 0.015625 0.015625
2 0.352344 0.239844 0.023438 0.010937
5 0.257031 0.393750 0.014063 0.012500
5 0.264062 0.738281 0.018750 0.023438
1 0.363281 0.587500 0.017188 0.021875
2 0.543750 0.567969 0.056250 0.045312
1 0.635938 0.860156 0.040625 0.039062
5 0.628125 0.871875 0.034375 0.021875
5 0.712500 0.957812 0.053125 0.062500
1 0.742969 0.927344 0.042188 0.051562
1 0.645312 0.980469 0.037500 0.039062
4 0.550781 0.971875 0.073438 0.056250
2 0.459375 0.781250 0.043750 0.037500
5 0.598437 0.392969 0.015625 0.017188
1 0.442188 0.279687 0.009375 0.012500
