4 0.218750 0.880469 0.050000 0.039062
4 0.135156 0.246094 0.110937 0.157812
4 0.219531 0.281250 0.067187 0.093750
4 0.085156 0.839844 0.051562 0.070312
4 0.476562 0.675781 0.050000 0.064062
3 0.729688 0.966406 0.028125 0.023438
5 0.730469 0.942187 0.020313 0.034375
5 0.645312 0.480469 0.025000 0.054688
4 0.609375 0.571094 0.053125 0.082812
4 0.675781 0.795312 0.035937 0.071875
4 0.653125 0.786719 0.087500 0.170313
4 0.692969 0.832812 0.026562 0.037500
4 0.739062 0.799219 0.043750 0.076563
4 0.739844 0.538281 0.039062 0.073438
