4 0.114062 0.482812 0.228125 0.187500
4 0.194531 0.646094 0.092188 0.064062
4 0.262500 0.593750 0.050000 0.062500
4 0.385937 0.464844 0.059375 0.051562
4 0.671094 0.566406 0.176563 0.104688
4 0.500781 0.491406 0.051562 0.042188
4 0.562500 0.502344 0.100000 0.076563
4 0.609375 0.419531 0.065625 0.051562
4 0.512500 0.203125 0.071875 0.071875
4 0.842969 0.505469 0.064062 0.054688
4 0.978125 0.534375 0.037500 0.050000
5 0.985156 0.407031 0.020313 0.026562
4 0.801562 0.688281 0.034375 0.045312
4 0.822656 0.776563 0.067187 0.053125
5 0.884375 0.602344 0.056250 0.045312
4 0.960156 0.302344 0.032813 0.029687
4 0.761719 0.620313 0.064062 0.037500
