3 0.269531 0.164844 0.029687 0.051562
5 0.524219 0.257812 0.057813 0.062500
4 0.558594 0.290625 0.098437 0.100000
4 0.803125 0.475000 0.081250 0.093750
4 0.792188 0.535937 0.046875 0.062500
4 0.771875 0.675000 0.046875 0.053125
4 0.789062 0.631250 0.043750 0.050000
3 0.842187 0.680469 0.131250 0.182812
4 0.956250 0.620313 0.043750 0.025000
5 0.916406 0.765625 0.051562 0.062500
4 0.867969 0.883594 0.048438 0.064062
4 0.891406 0.845313 0.048438 0.028125
4 0.799219 0.952344 0.220312 0.095312
4 0.778906 0.892969 0.092188 0.060937
5 0.707812 0.939844 0.081250 0.117188
4 0.817187 0.864844 0.028125 0.035937
4 0.645312 0.736719 0.100000 0.132812
4 0.510938 0.621094 0.062500 0.048438
4 0.351562 0.732031 0.031250 0.029687
4 0.753125 0.572656 0.100000 0.157812
5 0.671875 0.527344 0.040625 0.057813
