4 0.665625 0.938281 0.156250 0.117188
4 0.653125 0.670312 0.128125 0.118750
4 0.811719 0.834375 0.032813 0.090625
4 0.774219 0.751563 0.114062 0.087500
4 0.978906 0.488281 0.042188 0.079687
4 0.375000 0.717969 0.040625 0.048438
4 0.489844 0.788281 0.048438 0.073438
4 0.560156 0.664844 0.085938 0.120313
4 0.399219 0.865625 0.070312 0.090625
4 0.677344 0.802344 0.148438 0.148438
4 0.818750 0.927344 0.071875 0.117188
5 0.774219 0.919531 0.029687 0.039062
5 0.906250 0.972656 0.084375 0.020313
5 0.496875 0.587500 0.040625 0.062500
5 0.448437 0.624219 0.034375 0.026562
4 0.623437 0.332813 0.059375 0.068750
4 0.577344 0.914844 0.023438 0.042188
4 0.343750 0.566406 0.025000 0.051562
4 0.385156 0.316406 0.057813 0.104688
4 0.486719 0.671875 0.045312 0.090625
4 0.541406 0.510938 0.020313 0.031250
4 0.380469 0.664062 0.017188 0.028125
4 0.476562 0.388281 0.093750 0.160938
4 0.517969 0.517969 0.079687 0.117188
4 0.445312 0.567969 0.078125 0.098437
4 0.445312 0.722656 0.056250 0.067187
4 0.446094 0.652344 0.026562 0.045312
4 0.532813 0.953906 0.112500 0.092188
