4 0.328906 0.042188 0.157812 0.084375
4 0.505469 0.460938 0.104688 0.268750
4 0.300000 0.689844 0.071875 0.110937
4 0.217188 0.568750 0.078125 0.093750
4 0.295312 0.531250 0.031250 0.031250
4 0.331250 0.499219 0.112500 0.139063
4 0.275781 0.438281 0.070312 0.101562
4 0.039844 0.758594 0.079687 0.229687
4 0.119531 0.623437 0.176563 0.268750
4 0.028906 0.585938 0.057813 0.143750
4 0.150781 0.737500 0.076563 0.081250
4 0.352344 0.728125 0.070312 0.034375
4 0.438281 0.735938 0.101562 0.156250
4 0.194531 0.327344 0.070312 0.089063
4 0.108594 0.403125 0.051562 0.068750
4 0.202344 0.483594 0.032813 0.032813
4 0.288281 0.270313 0.098437 0.112500
2 0.337500 0.301563 0.031250 0.046875
4 0.308594 0.346094 0.042188 0.039062
5 0.346094 0.115625 0.104688 0.128125
4 0.439063 0.160938 0.090625 0.153125
4 0.421875 0.021875 0.034375 0.043750
4 0.214062 0.433594 0.040625 0.032813
