5 0.439063 0.134375 0.093750 0.096875
5 0.429688 0.236719 0.053125 0.101562
5 0.292187 0.496875 0.046875 0.056250
5 0.386719 0.668750 0.032813 0.037500
5 0.695312 0.280469 0.050000 0.057813
1 0.528125 0.353125 0.037500 0.062500
1 0.616406 0.201563 0.057813 0.050000
1 0.501563 0.197656 0.046875 0.054688
1 0.469531 0.217188 0.054688 0.081250
1 0.324219 0.401562 0.054688 0.050000
1 0.229687 0.436719 0.037500 0.054688
1 0.142187 0.415625 0.050000 0.068750
1 0.464062 0.583594 0.037500 0.048438
1 0.553906 0.468750 0.045312 0.046875
2 0.867969 0.479687 0.098437 0.075000
2 0.513281 0.608594 0.073438 0.079687
2 0.621094 0.492188 0.051562 0.050000
2 0.167187 0.698438 0.056250 0.053125
4 0.607812 0.572656 0.062500 0.057813
