1 0.214844 0.357031 0.020313 0.042188
3 0.543750 0.332031 0.062500 0.054688
3 0.639062 0.376563 0.056250 0.037500
3 0.450781 0.588281 0.067187 0.060937
3 0.400000 0.306250 0.025000 0.021875
3 0.267188 0.490625 0.031250 0.075000
3 0.219531 0.585938 0.073438 0.040625
2 0.503125 0.527344 0.043750 0.051562
2 0.150000 0.529687 0.065625 0.053125
2 0.082031 0.879687 0.060937 0.087500
5 0.390625 0.453906 0.031250 0.042188
4 0.367188 0.283594 0.043750 0.045312
4 0.225000 0.168750 0.021875 0.015625
4 0.417969 0.115625 0.020313 0.018750
4 0.256250 0.064844 0.025000 0.026562
4 0.020313 0.271875 0.021875 0.046875
