1 0.584375 0.437500 0.025000 0.031250
1 0.602344 0.333594 0.035937 0.042188
1 0.625781 0.289062 0.035937 0.053125
1 0.686719 0.307031 0.045312 0.039062
1 0.642969 0.239844 0.026562 0.057813
1 0.803906 0.464062 0.026562 0.037500
1 0.858594 0.525781 0.032813 0.039062
1 0.711719 0.570312 0.026562 0.037500
1 0.488281 0.421094 0.020313 0.039062
4 0.391406 0.438281 0.054688 0.064062
5 0.392188 0.210938 0.034375 0.053125
5 0.519531 0.114844 0.051562 0.082812
5 0.670312 0.170313 0.059375 0.078125
5 0.612500 0.236719 0.046875 0.035937
5 0.571875 0.396875 0.053125 0.037500
5 0.582812 0.364063 0.034375 0.040625
5 0.871875 0.581250 0.034375 0.034375
5 0.748437 0.622656 0.028125 0.026562
2 0.603125 0.475000 0.040625 0.034375
2 0.536719 0.544531 0.067187 0.064062
2 0.927344 0.697656 0.042188 0.039062
1 0.958594 0.552344 0.035937 0.026562
1 0.989844 0.561719 0.017188 0.035937
5 0.501563 0.010156 0.046875 0.020313
2 0.203906 0.378906 0.073438 0.070312
5 0.510938 0.439844 0.046875 0.051562
4 0.549219 0.449219 0.039062 0.045312
