2 0.028125 0.396875 0.034375 0.037500
5 0.446094 0.348438 0.076563 0.059375
5 0.707812 0.453125 0.106250 0.065625
5 0.769531 0.196875 0.089063 0.040625
5 0.193750 0.118750 0.031250 0.031250
5 0.297656 0.222656 0.064062 0.023438
5 0.354687 0.326562 0.046875 0.037500
5 0.035156 0.198437 0.020313 0.012500
5 0.218750 0.167187 0.037500 0.034375
5 0.155469 0.123438 0.042188 0.015625
1 0.077344 0.111719 0.020313 0.026562
1 0.161719 0.410938 0.039062 0.021875
1 0.146094 0.441406 0.042188 0.026562
1 0.352344 0.491406 0.054688 0.032813
1 0.377344 0.519531 0.060937 0.026562
1 0.394531 0.739844 0.060937 0.032813
4 0.269531 0.673438 0.039062 0.053125
5 0.296875 0.660156 0.037500 0.045312
4 0.240625 0.482031 0.062500 0.032813
