4 0.621875 0.422656 0.118750 0.148438
4 0.720313 0.534375 0.181250 0.187500
4 0.842969 0.625000 0.129688 0.190625
4 0.630469 0.297656 0.076563 0.076563
4 0.597656 0.139063 0.079687 0.100000
4 0.349219 0.559375 0.067187 0.103125
4 0.923438 0.260156 0.153125 0.210938
4 0.981250 0.140625 0.037500 0.075000
5 0.897656 0.110156 0.067187 0.132812
5 0.767188 0.205469 0.081250 0.092188
4 0.865625 0.124219 0.240625 0.192188
4 0.729688 0.186719 0.103125 0.114062
5 0.726562 0.063281 0.040625 0.079687
2 0.782813 0.357812 0.096875 0.096875
5 0.808594 0.441406 0.079687 0.060937
2 0.685937 0.309375 0.028125 0.028125
5 0.889062 0.417969 0.131250 0.123438
4 0.990625 0.369531 0.018750 0.032813
4 0.896875 0.517969 0.021875 0.023438
4 0.990625 0.513281 0.018750 0.117188
4 0.896875 0.671875 0.190625 0.212500
4 0.364844 0.734375 0.070312 0.100000
4 0.746094 0.248438 0.082812 0.078125
