2 0.661719 0.529687 0.064062 0.059375
2 0.414062 0.535156 0.059375 0.051562
1 0.241406 0.591406 0.067187 0.042188
1 0.360938 0.424219 0.062500 0.032813
1 0.510938 0.346875 0.034375 0.028125
5 0.386719 0.117188 0.042188 0.028125
5 0.495312 0.191406 0.031250 0.029687
5 0.455469 0.178906 0.029687 0.017188
5 0.403125 0.334375 0.028125 0.043750
4 0.264844 0.407031 0.092188 0.048438
2 0.921875 0.392969 0.021875 0.039062
1 0.899219 0.380469 0.010937 0.017188
5 0.845313 0.466406 0.015625 0.020313
5 0.443750 0.711719 0.040625 0.064062
5 0.382812 0.739062 0.053125 0.068750
1 0.363281 0.722656 0.054688 0.045312
4 0.272656 0.701562 0.064062 0.065625
