1 0.371875 0.390625 0.075000 0.031250
1 0.347656 0.261719 0.057813 0.048438
1 0.352344 0.310156 0.039062 0.042188
1 0.467969 0.160938 0.057813 0.031250
1 0.471094 0.019531 0.054688 0.039062
1 0.635938 0.185156 0.043750 0.023438
1 0.558594 0.325781 0.039062 0.029687
1 0.427344 0.368750 0.067187 0.040625
5 0.708594 0.116406 0.035937 0.023438
5 0.593750 0.010156 0.037500 0.014063
5 0.288281 0.272656 0.067187 0.082812
5 0.466406 0.307031 0.073438 0.029687
5 0.517969 0.307812 0.039062 0.053125
5 0.342187 0.428125 0.078125 0.062500
5 0.231250 0.430469 0.050000 0.051562
5 0.464844 0.539062 0.039062 0.037500
5 0.586719 0.432812 0.054688 0.053125
5 0.600000 0.413281 0.037500 0.029687
2 0.691406 0.328906 0.051562 0.048438
2 0.619531 0.336719 0.051562 0.042188
2 0.646875 0.717187 0.053125 0.078125
4 0.647656 0.478125 0.057813 0.043750
4 0.609375 0.376563 0.068750 0.056250
