1 0.332031 0.460938 0.026562 0.031250
3 0.153125 0.618750 0.078125 0.056250
2 0.398438 0.542188 0.046875 0.043750
2 0.356250 0.590625 0.046875 0.037500
2 0.410938 0.693750 0.053125 0.068750
3 0.513281 0.532813 0.029687 0.046875
3 0.413281 0.475000 0.023438 0.018750
3 0.542188 0.714844 0.034375 0.032813
3 0.641406 0.572656 0.032813 0.026562
3 0.535937 0.487500 0.043750 0.031250
4 0.531250 0.627344 0.056250 0.064062
5 0.452344 0.500781 0.032813 0.029687
5 0.320312 0.431250 0.040625 0.018750
4 0.568750 0.371094 0.034375 0.023438
5 0.403906 0.393750 0.020313 0.025000
5 0.396094 0.378125 0.020313 0.015625
5 0.414844 0.369531 0.014063 0.014063
1 0.862500 0.501563 0.018750 0.021875
