2 0.982812 0.396094 0.021875 0.035937
5 0.563281 0.353125 0.076563 0.062500
5 0.299219 0.464844 0.107813 0.067187
5 0.231250 0.204687 0.090625 0.043750
5 0.816406 0.115625 0.032813 0.031250
5 0.710938 0.222656 0.065625 0.026562
5 0.656250 0.328906 0.046875 0.039062
5 0.790625 0.165625 0.037500 0.034375
5 0.853125 0.118750 0.043750 0.018750
1 0.932813 0.107031 0.021875 0.026562
1 0.853906 0.410938 0.039062 0.021875
1 0.869531 0.441406 0.045312 0.029687
1 0.660937 0.497656 0.056250 0.032813
1 0.635938 0.525000 0.062500 0.028125
1 0.623437 0.750000 0.062500 0.034375
4 0.749219 0.681250 0.039062 0.053125
5 0.719531 0.667188 0.039062 0.046875
4 0.775000 0.485938 0.065625 0.034375
