1 0.290625 0.986719 0.028125 0.026562
1 0.310937 0.822656 0.037500 0.048438
1 0.199219 0.910937 0.039062 0.046875
1 0.713281 0.380469 0.014063 0.017188
1 0.699219 0.350781 0.010937 0.014063
1 0.561719 0.284375 0.010937 0.012500
1 0.610938 0.560937 0.018750 0.021875
5 0.679688 0.720313 0.025000 0.028125
4 0.382812 0.980469 0.059375 0.039062
5 0.228125 0.940625 0.046875 0.046875
5 0.209375 0.932031 0.053125 0.054688
2 0.438281 0.536719 0.057813 0.035937
2 0.498437 0.735938 0.043750 0.043750
5 0.989844 0.486719 0.020313 0.026562
5 0.992969 0.446094 0.014063 0.023438
5 0.818750 0.363281 0.015625 0.020313
5 0.889844 0.278906 0.014063 0.010937
5 0.834375 0.246094 0.009375 0.007812
2 0.657031 0.233594 0.023438 0.007812
5 0.747656 0.385156 0.014063 0.007812
