4 0.472656 0.246094 0.126562 0.114062
4 0.373437 0.367188 0.087500 0.068750
4 0.308594 0.324219 0.110937 0.073438
4 0.213281 0.236719 0.182812 0.164062
2 0.136719 0.285938 0.095312 0.087500
4 0.202344 0.318750 0.054688 0.031250
4 0.218750 0.346094 0.068750 0.026562
4 0.472656 0.522656 0.035937 0.035937
4 0.173437 0.429688 0.053125 0.031250
4 0.473438 0.149219 0.071875 0.057813
4 0.553125 0.129688 0.100000 0.109375
4 0.707812 0.036719 0.075000 0.026562
5 0.621094 0.409375 0.023438 0.018750
5 0.093750 0.115625 0.075000 0.081250
4 0.415625 0.281250 0.068750 0.062500
