5 0.106250 0.367188 0.018750 0.025000
5 0.393750 0.186719 0.034375 0.026562
5 0.571094 0.265625 0.045312 0.040625
5 0.746875 0.378906 0.084375 0.060937
5 0.824219 0.460938 0.107813 0.068750
5 0.892969 0.588281 0.064062 0.067187
5 0.672656 0.769531 0.064062 0.089063
5 0.551562 0.703906 0.068750 0.060937
5 0.239844 0.735938 0.023438 0.025000
1 0.282031 0.708594 0.029687 0.039062
1 0.342187 0.712500 0.046875 0.040625
1 0.378906 0.714844 0.045312 0.042188
1 0.337500 0.602344 0.025000 0.026562
1 0.207031 0.789844 0.029687 0.026562
1 0.201563 0.757812 0.021875 0.021875
1 0.148438 0.803906 0.034375 0.026562
1 0.149219 0.825781 0.032813 0.026562
5 0.060937 0.766406 0.021875 0.026562
2 0.146875 0.760938 0.037500 0.043750
5 0.265625 0.807813 0.056250 0.040625
1 0.181250 0.242188 0.018750 0.018750
5 0.221875 0.257812 0.018750 0.015625
2 0.284375 0.155469 0.062500 0.060937
2 0.383594 0.237500 0.067187 0.071875
1 0.351562 0.375000 0.034375 0.043750
1 0.392969 0.379688 0.029687 0.040625
5 0.537500 0.369531 0.050000 0.051562
5 0.671875 0.425781 0.056250 0.054688
5 0.689063 0.439063 0.053125 0.050000
4 0.560937 0.313281 0.065625 0.076563
5 0.485938 0.687500 0.056250 0.040625
4 0.314063 0.603125 0.050000 0.050000
