2 0.445312 0.330469 0.062500 0.067187
2 0.517969 0.582812 0.054688 0.062500
1 0.512500 0.775781 0.043750 0.070312
1 0.646094 0.603125 0.032813 0.065625
1 0.678906 0.425781 0.029687 0.035937
5 0.952344 0.479687 0.026562 0.043750
5 0.842187 0.393750 0.031250 0.031250
5 0.867188 0.430469 0.018750 0.032813
5 0.725000 0.531250 0.046875 0.028125
4 0.693750 0.695312 0.050000 0.096875
2 0.503906 0.021094 0.042188 0.023438
1 0.524219 0.039844 0.017188 0.010937
5 0.453125 0.121875 0.021875 0.015625
5 0.328906 0.607812 0.067187 0.040625
5 0.318750 0.676562 0.071875 0.056250
1 0.342969 0.692187 0.048438 0.059375
4 0.392969 0.778906 0.070312 0.067187
