5 0.528125 0.728125 0.053125 0.059375
3 0.881250 0.961719 0.031250 0.026562
4 0.520312 0.232031 0.081250 0.123438
4 0.037500 0.366406 0.075000 0.051562
4 0.270313 0.440625 0.090625 0.140625
4 0.087500 0.570312 0.025000 0.031250
4 0.046094 0.265625 0.092188 0.143750
4 0.146875 0.276562 0.068750 0.118750
3 0.274219 0.220312 0.101562 0.112500
3 0.312500 0.267188 0.031250 0.043750
4 0.361719 0.143750 0.045312 0.043750
4 0.348438 0.175000 0.028125 0.050000
4 0.329688 0.246094 0.025000 0.035937
4 0.117188 0.142969 0.034375 0.064062
4 0.144531 0.139844 0.023438 0.042188
4 0.211719 0.200781 0.023438 0.026562
4 0.228906 0.128125 0.048438 0.062500
2 0.103906 0.085156 0.029687 0.023438
5 0.410938 0.371094 0.021875 0.042188
5 0.150000 0.448437 0.062500 0.143750
4 0.249219 0.295312 0.020313 0.025000
4 0.486719 0.885156 0.020313 0.054688
