5 0.769531 0.725000 0.064062 0.056250
4 0.930469 0.564063 0.139063 0.150000
4 0.939063 0.862500 0.093750 0.121875
4 0.830469 0.281250 0.082812 0.103125
4 0.911719 0.260937 0.045312 0.081250
4 0.808594 0.350781 0.073438 0.110937
4 0.797656 0.487500 0.064062 0.087500
4 0.776563 0.418750 0.075000 0.071875
5 0.753906 0.340625 0.029687 0.078125
2 0.599219 0.699219 0.035937 0.045312
4 0.650000 0.667188 0.059375 0.053125
4 0.650781 0.725000 0.060937 0.056250
4 0.769531 0.660937 0.045312 0.093750
5 0.799219 0.954688 0.073438 0.068750
4 0.505469 0.963281 0.029687 0.035937
4 0.682031 0.899219 0.089063 0.170313
5 0.953125 0.428125 0.071875 0.109375
4 0.898438 0.407031 0.037500 0.051562
4 0.834375 0.674219 0.046875 0.032813
4 0.974219 0.647656 0.032813 0.042188
4 0.817187 0.846094 0.103125 0.126562
4 0.582812 0.971875 0.062500 0.056250
4 0.660156 0.801562 0.114062 0.125000
4 0.644531 0.371875 0.017188 0.037500
4 0.907813 0.670312 0.075000 0.059375
