1 0.709375 0.295312 0.059375 0.056250
1 0.794531 0.386719 0.042188 0.051562
1 0.550000 0.247656 0.037500 0.060937
1 0.434375 0.481250 0.034375 0.040625
1 0.447656 0.915625 0.017188 0.012500
5 0.289062 0.188281 0.037500 0.051562
5 0.257812 0.299219 0.021875 0.035937
5 0.314844 0.371094 0.035937 0.035937
4 0.507812 0.251563 0.056250 0.090625
2 0.623437 0.361719 0.050000 0.042188
4 0.767188 0.314844 0.068750 0.079687
5 0.822656 0.403125 0.057813 0.046875
2 0.603906 0.690625 0.064062 0.053125
5 0.539844 0.870313 0.014063 0.012500
2 0.468750 0.943750 0.037500 0.018750
