4 0.462500 0.360156 0.146875 0.067187
5 0.582031 0.402344 0.045312 0.039062
4 0.557813 0.511719 0.106250 0.051562
4 0.339844 0.378125 0.051562 0.021875
4 0.589844 0.950781 0.176563 0.098437
5 0.326562 0.835156 0.087500 0.107813
4 0.347656 0.745313 0.082812 0.046875
4 0.433594 0.714063 0.082812 0.046875
4 0.503906 0.747656 0.120313 0.070312
4 0.446875 0.764062 0.056250 0.053125
4 0.252344 0.921094 0.110937 0.085938
4 0.260937 0.860938 0.062500 0.056250
4 0.146094 0.856250 0.114062 0.103125
4 0.199219 0.954688 0.067187 0.056250
5 0.231250 0.980469 0.059375 0.010937
5 0.135937 0.711719 0.084375 0.064062
2 0.283594 0.711719 0.026562 0.029687
4 0.121875 0.936719 0.018750 0.045312
4 0.292187 0.762500 0.046875 0.053125
5 0.460938 0.813281 0.065625 0.051562
4 0.584375 0.794531 0.068750 0.054688
4 0.806250 0.828125 0.100000 0.075000
4 0.705469 0.838281 0.123438 0.082812
4 0.895312 0.695312 0.031250 0.034375
4 0.982031 0.417187 0.035937 0.056250
4 0.883594 0.607812 0.123438 0.046875
4 0.825000 0.652344 0.046875 0.020313
4 0.699219 0.671094 0.070312 0.051562
5 0.857031 0.684375 0.042188 0.037500
5 0.807813 0.596875 0.037500 0.031250
5 0.335156 0.765625 0.039062 0.037500
5 0.638281 0.651563 0.023438 0.018750
4 0.625000 0.716406 0.118750 0.107813
5 0.906250 0.643750 0.040625 0.021875
5 0.981250 0.638281 0.021875 0.020313
4 0.478125 0.571875 0.121875 0.078125
