1 0.295312 0.709375 0.056250 0.059375
1 0.386719 0.794531 0.051562 0.042188
1 0.247656 0.550000 0.060937 0.037500
1 0.481250 0.434375 0.040625 0.034375
1 0.915625 0.447656 0.012500 0.017188
5 0.188281 0.289062 0.051562 0.037500
5 0.299219 0.257812 0.035937 0.021875
5 0.371094 0.314844 0.035937 0.035937
4 0.251563 0.507812 0.090625 0.056250
2 0.361719 0.623437 0.042188 0.050000
4 0.314844 0.767188 0.079687 0.068750
5 0.403125 0.822656 0.046875 0.057813
2 0.690625 0.603906 0.053125 0.064062
5 0.870313 0.539844 0.012500 0.014063
2 0.943750 0.468750 0.018750 0.037500
