4 0.578906 0.874219 0.226562 0.251563
4 0.396875 0.826562 0.081250 0.103125
4 0.437500 0.747656 0.071875 0.060937
4 0.549219 0.597656 0.064062 0.070312
4 0.392969 0.322656 0.135937 0.195312
4 0.500000 0.485156 0.050000 0.057813
4 0.478906 0.422656 0.095312 0.114062
4 0.554688 0.361719 0.065625 0.076563
4 0.793750 0.420312 0.084375 0.084375
4 0.423438 0.133594 0.065625 0.073438
4 0.243750 0.211719 0.050000 0.042188
4 0.148438 0.205469 0.065625 0.076563
5 0.315625 0.110937 0.053125 0.065625
4 0.320312 0.239844 0.050000 0.070312
