2 0.491406 0.989844 0.054688 0.020313
2 0.355469 0.672656 0.045312 0.035937
2 0.375781 0.548438 0.032813 0.031250
2 0.735938 0.690625 0.050000 0.056250
5 0.478125 0.640625 0.028125 0.040625
5 0.460156 0.657813 0.014063 0.040625
5 0.699219 0.683594 0.064062 0.048438
5 0.765625 0.678906 0.062500 0.039062
5 0.715625 0.767969 0.062500 0.039062
5 0.455469 0.713281 0.035937 0.017188
5 0.432031 0.809375 0.026562 0.028125
5 0.622656 0.873437 0.032813 0.028125
5 0.498437 0.749219 0.034375 0.029687
5 0.386719 0.725000 0.020313 0.015625
5 0.375000 0.695312 0.034375 0.028125
5 0.282031 0.478906 0.017188 0.017188
5 0.291406 0.509375 0.017188 0.015625
2 0.160156 0.380469 0.010937 0.017188
1 0.292187 0.339062 0.021875 0.015625
1 0.317188 0.339844 0.018750 0.010937
1 0.321094 0.414062 0.023438 0.015625
1 0.385937 0.439063 0.025000 0.021875
1 0.307812 0.542969 0.018750 0.014063
1 0.457813 0.551562 0.028125 0.015625
1 0.471094 0.535937 0.029687 0.018750
1 0.459375 0.600000 0.028125 0.018750
1 0.494531 0.609375 0.039062 0.021875
1 0.581250 0.660156 0.043750 0.026562
1 0.558594 0.610938 0.029687 0.021875
1 0.321875 0.764844 0.021875 0.014063
1 0.514062 0.838281 0.040625 0.032813
5 0.523438 0.593750 0.028125 0.018750
4 0.431250 0.607031 0.046875 0.035937
4 0.518750 0.867188 0.053125 0.053125
5 0.905469 0.718750 0.048438 0.046875
