4 0.451562 0.254688 0.181250 0.212500
4 0.248438 0.086719 0.062500 0.085938
4 0.335938 0.021875 0.137500 0.043750
4 0.240625 0.389062 0.328125 0.265625
4 0.047656 0.346875 0.095312 0.159375
4 0.453125 0.528125 0.112500 0.125000
4 0.431250 0.432031 0.121875 0.101562
4 0.513281 0.410938 0.092188 0.068750
4 0.495312 0.726562 0.056250 0.081250
4 0.426563 0.628125 0.071875 0.078125
4 0.379688 0.784375 0.118750 0.112500
4 0.229687 0.822656 0.175000 0.182812
2 0.246875 0.842187 0.146875 0.109375
4 0.547656 0.911719 0.029687 0.060937
4 0.498437 0.989844 0.096875 0.020313
5 0.293750 0.917969 0.128125 0.148438
4 0.461719 0.882812 0.029687 0.025000
4 0.633594 0.100000 0.023438 0.031250
4 0.940625 0.535937 0.040625 0.050000
4 0.898438 0.387500 0.018750 0.021875
4 0.878125 0.785156 0.021875 0.029687
5 0.510938 0.920312 0.053125 0.075000
