4 0.610938 0.140625 0.034375 0.046875
1 0.221094 0.228125 0.032813 0.015625
2 0.189062 0.384375 0.034375 0.065625
2 0.510938 0.334375 0.043750 0.053125
5 0.528906 0.235937 0.035937 0.046875
5 0.873437 0.137500 0.131250 0.065625
1 0.707812 0.299219 0.078125 0.039062
1 0.482812 0.569531 0.050000 0.026562
5 0.488281 0.606250 0.042188 0.046875
4 0.595313 0.519531 0.065625 0.073438
5 0.892969 0.681250 0.051562 0.037500
5 0.535937 0.376563 0.034375 0.031250
5 0.506250 0.417187 0.031250 0.034375
1 0.440625 0.282031 0.046875 0.023438
5 0.337500 0.476562 0.028125 0.031250
