4 0.060937 0.403125 0.121875 0.181250
4 0.306250 0.329688 0.140625 0.146875
4 0.103125 0.229687 0.093750 0.050000
4 0.192969 0.239844 0.104688 0.126562
4 0.347656 0.607031 0.054688 0.048438
4 0.245312 0.518750 0.081250 0.062500
4 0.339844 0.415625 0.132812 0.106250
4 0.200781 0.630469 0.101562 0.085938
4 0.175000 0.346094 0.171875 0.170313
4 0.038281 0.257031 0.076563 0.101562
5 0.034375 0.290625 0.043750 0.037500
5 0.432812 0.452344 0.068750 0.051562
5 0.413281 0.507812 0.032813 0.037500
4 0.633594 0.254688 0.076563 0.068750
4 0.100781 0.476562 0.045312 0.031250
4 0.500781 0.590625 0.054688 0.034375
4 0.724219 0.472656 0.110937 0.076563
4 0.355469 0.487500 0.095312 0.062500
4 0.492969 0.386719 0.032813 0.026562
4 0.395313 0.584375 0.031250 0.021875
4 0.626563 0.409375 0.171875 0.121875
4 0.491406 0.410156 0.126562 0.098437
4 0.467969 0.493750 0.110937 0.093750
4 0.321875 0.541406 0.075000 0.067187
4 0.388281 0.519531 0.048438 0.035937
4 0.065625 0.534375 0.131250 0.134375
