4 0.202344 0.622656 0.098437 0.054688
4 0.407813 0.367969 0.109375 0.076563
4 0.236719 0.352344 0.070312 0.092188
4 0.266406 0.464844 0.123438 0.132812
4 0.191406 0.428906 0.082812 0.054688
4 0.125000 0.458594 0.065625 0.067187
4 0.427344 0.571875 0.085938 0.081250
4 0.506250 0.660937 0.050000 0.071875
4 0.603125 0.632812 0.075000 0.143750
4 0.352344 0.150000 0.060937 0.053125
2 0.450000 0.125000 0.015625 0.034375
5 0.365625 0.105469 0.059375 0.064062
4 0.192969 0.134375 0.110937 0.121875
4 0.281250 0.216406 0.065625 0.064062
4 0.286719 0.127344 0.067187 0.092188
4 0.284375 0.055469 0.065625 0.076563
4 0.332031 0.062500 0.035937 0.025000
4 0.365625 0.060937 0.046875 0.059375
4 0.334375 0.300000 0.093750 0.100000
4 0.303125 0.395313 0.043750 0.059375
4 0.310937 0.542969 0.056250 0.048438
4 0.608594 0.752344 0.060937 0.089063
4 0.610938 0.504687 0.034375 0.034375
4 0.264062 0.951562 0.093750 0.096875
4 0.019531 0.126562 0.039062 0.159375
4 0.060937 0.333594 0.121875 0.139063
4 0.410938 0.124219 0.075000 0.098437
5 0.250000 0.060937 0.031250 0.031250
