5 0.328906 0.757812 0.092188 0.081250
5 0.395313 0.689844 0.068750 0.057813
4 0.659375 0.451562 0.046875 0.071875
4 0.365625 0.500781 0.081250 0.057813
4 0.389844 0.589844 0.082812 0.073438
4 0.219531 0.567187 0.089063 0.065625
4 0.304688 0.513281 0.081250 0.070312
4 0.088281 0.683594 0.064062 0.060937
4 0.147656 0.681250 0.057813 0.037500
2 0.781250 0.776563 0.059375 0.050000
5 0.735938 0.871875 0.059375 0.037500
4 0.373437 0.187500 0.059375 0.040625
4 0.409375 0.428125 0.046875 0.043750
5 0.709375 0.239844 0.212500 0.157812
5 0.042188 0.550781 0.084375 0.117188
5 0.564063 0.386719 0.046875 0.051562
