2 0.801562 0.149219 0.078125 0.039062
5 0.838281 0.089063 0.023438 0.031250
4 0.738281 0.466406 0.060937 0.039062
1 0.578906 0.324219 0.032813 0.048438
1 0.520312 0.325781 0.031250 0.039062
4 0.467187 0.453125 0.050000 0.084375
1 0.433594 0.506250 0.017188 0.034375
5 0.399219 0.536719 0.035937 0.048438
1 0.314844 0.340625 0.032813 0.037500
5 0.562500 0.903906 0.084375 0.114062
5 0.477344 0.896875 0.045312 0.075000
5 0.322656 0.887500 0.048438 0.062500
5 0.147656 0.572656 0.042188 0.042188
5 0.228125 0.631250 0.043750 0.056250
5 0.193750 0.656250 0.031250 0.037500
5 0.091406 0.608594 0.039062 0.064062
1 0.104688 0.349219 0.037500 0.048438
1 0.175781 0.092969 0.039062 0.032813
5 0.230469 0.175781 0.017188 0.023438
1 0.234375 0.082031 0.025000 0.035937
1 0.217969 0.099219 0.020313 0.029687
5 0.278906 0.107031 0.023438 0.023438
2 0.276562 0.086719 0.031250 0.014063
