4 0.782813 0.121094 0.050000 0.039062
4 0.864844 0.753906 0.110937 0.157812
4 0.780469 0.718750 0.067187 0.093750
4 0.916406 0.160156 0.051562 0.070312
4 0.523438 0.324219 0.050000 0.064062
3 0.271875 0.035156 0.028125 0.023438
5 0.271094 0.059375 0.020313 0.034375
5 0.354687 0.521094 0.025000 0.054688
4 0.392188 0.428906 0.053125 0.082812
4 0.325781 0.206250 0.035937 0.071875
4 0.346875 0.213281 0.087500 0.170313
4 0.308594 0.168750 0.026562 0.037500
4 0.262500 0.200781 0.043750 0.076563
4 0.260156 0.463281 0.039062 0.073438
