4 0.942187 0.459375 0.115625 0.150000
4 0.967187 0.625000 0.065625 0.165625
4 0.865625 0.739062 0.134375 0.090625
4 0.862500 0.816406 0.081250 0.095312
4 0.923438 0.645312 0.081250 0.096875
4 0.838281 0.684375 0.085938 0.050000
4 0.767969 0.650781 0.139063 0.117188
4 0.734375 0.578906 0.100000 0.085938
4 0.653125 0.650781 0.028125 0.032813
5 0.632031 0.628125 0.101562 0.100000
4 0.647656 0.549219 0.051562 0.067187
4 0.561719 0.632031 0.110937 0.107813
4 0.575000 0.687500 0.115625 0.109375
5 0.514844 0.738281 0.067187 0.057813
4 0.499219 0.691406 0.057813 0.057813
4 0.449219 0.643750 0.139063 0.090625
5 0.271875 0.681250 0.087500 0.109375
4 0.134375 0.493750 0.103125 0.100000
4 0.168750 0.563281 0.084375 0.039062
4 0.063281 0.503125 0.126562 0.112500
5 0.056250 0.451562 0.081250 0.043750
4 0.039062 0.610938 0.059375 0.050000
4 0.017188 0.510938 0.034375 0.062500
2 0.611719 0.492969 0.029687 0.032813
4 0.927344 0.212500 0.051562 0.050000
4 0.374219 0.745313 0.173437 0.121875
5 0.058594 0.688281 0.060937 0.042188
5 0.412500 0.475000 0.037500 0.037500
