5 0.477344 0.696094 0.042188 0.042188
5 0.479687 0.451562 0.037500 0.037500
5 0.476562 0.471094 0.050000 0.042188
1 0.469531 0.487500 0.045312 0.037500
1 0.585938 0.732812 0.031250 0.031250
1 0.742188 0.569531 0.040625 0.039062
4 0.595313 0.770312 0.056250 0.053125
5 0.562500 0.438281 0.037500 0.045312
4 0.573438 0.296875 0.078125 0.068750
1 0.521094 0.400781 0.035937 0.032813
1 0.410938 0.410938 0.043750 0.034375
5 0.427344 0.382031 0.032813 0.026562
2 0.331250 0.199219 0.043750 0.051562
5 0.356250 0.040625 0.031250 0.031250
1 0.183594 0.078125 0.029687 0.025000
2 0.150781 0.269531 0.042188 0.067187
