4 0.984375 0.464844 0.031250 0.082812
4 0.908594 0.257031 0.092188 0.076563
4 0.697656 0.400000 0.095312 0.112500
4 0.720313 0.465625 0.059375 0.065625
4 0.495312 0.685937 0.031250 0.040625
4 0.408594 0.854688 0.048438 0.078125
4 0.453906 0.317188 0.048438 0.053125
4 0.417969 0.309375 0.054688 0.096875
4 0.734375 0.191406 0.118750 0.164062
4 0.730469 0.057813 0.057813 0.046875
5 0.775781 0.743750 0.032813 0.078125
4 0.442969 0.454688 0.048438 0.071875
4 0.057813 0.432812 0.037500 0.087500
5 0.382031 0.038281 0.048438 0.035937
