4 0.546875 0.473438 0.043750 0.043750
4 0.520312 0.603906 0.068750 0.067187
2 0.503906 0.257031 0.073438 0.070312
2 0.617969 0.624219 0.073438 0.054688
2 0.537500 0.656250 0.046875 0.046875
5 0.445312 0.675000 0.050000 0.056250
5 0.396875 0.689844 0.081250 0.039062
5 0.176563 0.764062 0.062500 0.090625
5 0.270313 0.722656 0.056250 0.057813
5 0.064844 0.574219 0.057813 0.057813
5 0.173437 0.596094 0.087500 0.064062
5 0.311719 0.460156 0.048438 0.039062
5 0.496094 0.567187 0.064062 0.056250
1 0.594531 0.800000 0.039062 0.028125
1 0.446094 0.883594 0.051562 0.032813
5 0.674219 0.842187 0.039062 0.034375
1 0.255469 0.782813 0.045312 0.053125
1 0.244531 0.722656 0.064062 0.045312
1 0.287500 0.673438 0.062500 0.050000
1 0.338281 0.657813 0.067187 0.040625
1 0.494531 0.669531 0.045312 0.035937
