1 0.929688 0.526563 0.034375 0.037500
1 0.789062 0.676562 0.040625 0.050000
1 0.616406 0.517969 0.026562 0.035937
1 0.545312 0.469531 0.025000 0.042188
1 0.554688 0.571094 0.025000 0.035937
1 0.140625 0.372656 0.018750 0.032813
5 0.246094 0.078906 0.014063 0.014063
5 0.188281 0.557813 0.017188 0.031250
2 0.293750 0.257031 0.062500 0.035937
2 0.301563 0.482812 0.046875 0.040625
4 0.464062 0.663281 0.053125 0.054688
5 0.499219 0.510156 0.023438 0.023438
5 0.592187 0.601562 0.040625 0.028125
5 0.585156 0.535937 0.035937 0.031250
4 0.972656 0.525781 0.054688 0.064062
