4 0.142187 0.267188 0.056250 0.065625
4 0.126562 0.364063 0.043750 0.040625
4 0.112500 0.623437 0.159375 0.112500
4 0.193750 0.650000 0.050000 0.053125
4 0.193750 0.560937 0.084375 0.115625
4 0.029687 0.359375 0.037500 0.043750
4 0.039844 0.667188 0.042188 0.081250
4 0.397656 0.892969 0.079687 0.085938
4 0.270313 0.778906 0.165625 0.204687
4 0.105469 0.944531 0.029687 0.082812
4 0.097656 0.796875 0.045312 0.065625
4 0.104688 0.886719 0.046875 0.057813
4 0.089063 0.853906 0.031250 0.035937
4 0.064062 0.747656 0.034375 0.035937
4 0.067969 0.781250 0.017188 0.021875
4 0.108594 0.892969 0.023438 0.023438
4 0.164062 0.806250 0.028125 0.043750
