2 0.918750 0.522656 0.118750 0.089063
4 0.663281 0.935937 0.045312 0.037500
3 0.665625 0.969531 0.159375 0.060937
5 0.925781 0.840625 0.035937 0.043750
4 0.806250 0.893750 0.037500 0.031250
4 0.758594 0.852344 0.076563 0.042188
4 0.729688 0.918750 0.046875 0.031250
4 0.831250 0.939063 0.031250 0.021875
4 0.503906 0.924219 0.085938 0.070312
4 0.550781 0.883594 0.064062 0.054688
4 0.609375 0.923438 0.075000 0.062500
4 0.605469 0.888281 0.054688 0.035937
4 0.557031 0.771094 0.085938 0.073438
4 0.394531 0.542969 0.039062 0.017188
4 0.128906 0.645312 0.085938 0.071875
5 0.489063 0.821875 0.037500 0.037500
4 0.843750 0.878125 0.118750 0.118750
4 0.810156 0.797656 0.023438 0.014063
4 0.744531 0.992188 0.042188 0.015625
4 0.778906 0.903125 0.032813 0.028125
