5 0.908594 0.441406 0.017188 0.023438
5 0.651563 0.181250 0.034375 0.021875
5 0.446875 0.222656 0.043750 0.035937
5 0.235156 0.298438 0.082812 0.050000
5 0.132031 0.364063 0.107813 0.050000
5 0.030469 0.482031 0.057813 0.060937
5 0.217188 0.725781 0.050000 0.089063
5 0.360156 0.686719 0.064062 0.051562
5 0.678125 0.795312 0.021875 0.021875
1 0.642969 0.755469 0.026562 0.039062
1 0.577344 0.746875 0.045312 0.034375
1 0.536719 0.740625 0.042188 0.037500
1 0.609375 0.631250 0.021875 0.021875
1 0.700000 0.860156 0.025000 0.023438
1 0.714063 0.828125 0.018750 0.021875
1 0.758594 0.888281 0.032813 0.020313
1 0.753125 0.910937 0.031250 0.021875
5 0.860938 0.870313 0.018750 0.025000
2 0.771875 0.844531 0.031250 0.042188
5 0.635156 0.864844 0.054688 0.032813
1 0.859375 0.292969 0.018750 0.017188
5 0.813281 0.297656 0.017188 0.014063
2 0.772656 0.175781 0.057813 0.054688
2 0.647656 0.237500 0.057813 0.065625
1 0.649219 0.389844 0.029687 0.042188
1 0.604688 0.384375 0.025000 0.040625
5 0.457031 0.340625 0.045312 0.046875
5 0.301563 0.366406 0.053125 0.048438
5 0.278906 0.375781 0.048438 0.045312
4 0.445312 0.272656 0.056250 0.073438
5 0.432031 0.685156 0.054688 0.032813
4 0.633594 0.638281 0.045312 0.045312
