5 0.551562 0.475781 0.081250 0.139063
4 0.513281 0.216406 0.073438 0.082812
4 0.903125 0.442188 0.193750 0.243750
4 0.933594 0.604688 0.132812 0.203125
4 0.852344 0.264062 0.089063 0.109375
5 0.527344 0.396875 0.051562 0.065625
5 0.503125 0.936719 0.046875 0.082812
5 0.749219 0.396875 0.035937 0.046875
5 0.505469 0.096094 0.067187 0.085938
1 0.270313 0.454688 0.018750 0.025000
3 0.347656 0.557031 0.045312 0.076563
2 0.460938 0.973437 0.053125 0.053125
4 0.289062 0.564063 0.037500 0.053125
4 0.232813 0.564063 0.025000 0.034375
4 0.225000 0.336719 0.021875 0.054688
4 0.252344 0.283594 0.042188 0.064062
4 0.596875 0.303125 0.068750 0.065625
4 0.467187 0.343750 0.050000 0.062500
4 0.596094 0.372656 0.085938 0.073438
4 0.584375 0.404687 0.050000 0.062500
4 0.569531 0.327344 0.067187 0.073438
4 0.742188 0.256250 0.046875 0.059375
4 0.747656 0.510156 0.076563 0.079687
4 0.825781 0.423438 0.042188 0.103125
4 0.697656 0.492188 0.067187 0.068750
4 0.506250 0.025000 0.050000 0.025000
4 0.698438 0.536719 0.034375 0.048438
4 0.575000 0.179688 0.056250 0.050000
4 0.872656 0.078906 0.132812 0.157812
4 0.192188 0.328125 0.012500 0.018750
5 0.190625 0.365625 0.015625 0.015625
4 0.677344 0.167969 0.076563 0.076563
5 0.789844 0.671875 0.126562 0.103125
4 0.832031 0.335156 0.048438 0.042188
