1 0.317188 0.399219 0.071875 0.029687
1 0.284375 0.275000 0.056250 0.046875
1 0.292187 0.321875 0.037500 0.040625
1 0.396875 0.166406 0.056250 0.029687
1 0.392188 0.024219 0.053125 0.045312
1 0.564063 0.177344 0.040625 0.020313
1 0.496875 0.321875 0.037500 0.028125
1 0.370312 0.374219 0.065625 0.039062
5 0.631250 0.105469 0.034375 0.020313
5 0.510938 0.007031 0.037500 0.014063
5 0.225781 0.289844 0.064062 0.079687
5 0.405469 0.310937 0.070312 0.028125
5 0.456250 0.308594 0.037500 0.051562
5 0.289844 0.439844 0.076563 0.060937
5 0.180469 0.450000 0.048438 0.050000
5 0.420312 0.540625 0.037500 0.034375
5 0.532813 0.426563 0.053125 0.050000
5 0.546094 0.406250 0.035937 0.028125
2 0.628906 0.315625 0.051562 0.046875
2 0.559375 0.329688 0.050000 0.040625
2 0.613281 0.704688 0.051562 0.075000
4 0.596094 0.467969 0.054688 0.042188
4 0.551562 0.370312 0.065625 0.053125
