1 0.611719 0.375781 0.026562 0.026562
1 0.395313 0.100000 0.034375 0.056250
1 0.548438 0.169531 0.031250 0.054688
1 0.274219 0.192188 0.035937 0.050000
5 0.260937 0.219531 0.053125 0.039062
5 0.813281 0.271094 0.026562 0.042188
5 0.771094 0.361719 0.017188 0.026562
5 0.797656 0.339844 0.017188 0.026562
5 0.622656 0.726562 0.039062 0.053125
5 0.472656 0.703906 0.014063 0.014063
2 0.523438 0.780469 0.034375 0.014063
1 0.539062 0.755469 0.015625 0.010937
2 0.433594 0.521875 0.045312 0.050000
2 0.444531 0.244531 0.051562 0.054688
4 0.570312 0.121875 0.046875 0.071875
4 0.305469 0.118750 0.054688 0.062500
