4 0.167969 0.280469 0.314063 0.307812
4 0.381250 0.218750 0.209375 0.240625
4 0.250781 0.022656 0.079687 0.045312
4 0.318750 0.461719 0.140625 0.142187
4 0.390625 0.365625 0.093750 0.078125
4 0.091406 0.188281 0.057813 0.032813
4 0.267969 0.533594 0.067187 0.079687
4 0.294531 0.685156 0.060937 0.079687
2 0.050781 0.699219 0.101562 0.123438
4 0.054688 0.667969 0.109375 0.192188
4 0.160938 0.645312 0.090625 0.071875
4 0.182812 0.688281 0.103125 0.064062
4 0.220312 0.794531 0.034375 0.029687
5 0.067969 0.774219 0.135937 0.170313
4 0.767969 0.625781 0.048438 0.057813
4 0.757812 0.467969 0.018750 0.026562
4 0.630469 0.850781 0.029687 0.032813
4 0.588281 0.117969 0.026562 0.032813
4 0.274219 0.877344 0.039062 0.067187
5 0.232813 0.860938 0.065625 0.084375
4 0.190625 0.947656 0.037500 0.023438
4 0.231250 0.953125 0.028125 0.025000
