4 0.547656 0.218750 0.120313 0.106250
4 0.635938 0.359375 0.087500 0.062500
4 0.707812 0.322656 0.112500 0.064062
4 0.817969 0.243750 0.176563 0.153125
2 0.892969 0.305469 0.092188 0.082812
4 0.818750 0.329688 0.056250 0.025000
4 0.799219 0.357031 0.073438 0.020313
4 0.511719 0.508594 0.032813 0.035937
4 0.835156 0.450000 0.054688 0.028125
4 0.560156 0.120313 0.070312 0.050000
4 0.477344 0.089063 0.092188 0.106250
5 0.372656 0.371094 0.023438 0.017188
5 0.953125 0.132812 0.059375 0.078125
4 0.600781 0.264062 0.067187 0.059375
