2 0.073438 0.404687 0.137500 0.087500
3 0.021875 0.801562 0.043750 0.075000
4 0.163281 0.777344 0.054688 0.048438
4 0.480469 0.902344 0.170313 0.145313
4 0.776563 0.955469 0.100000 0.067187
4 0.257812 0.909375 0.103125 0.084375
4 0.338281 0.955469 0.045312 0.048438
4 0.266406 0.957031 0.095312 0.057813
4 0.228906 0.789062 0.039062 0.021875
4 0.315625 0.854688 0.021875 0.018750
4 0.311719 0.533594 0.048438 0.014063
4 0.023438 0.849219 0.046875 0.039062
4 0.082031 0.813281 0.020313 0.023438
4 0.139844 0.707031 0.023438 0.020313
