5 0.201563 0.553125 0.100000 0.096875
5 0.305469 0.561719 0.104688 0.054688
5 0.572656 0.703125 0.057813 0.046875
5 0.749219 0.607812 0.039062 0.034375
5 0.350781 0.291406 0.060937 0.051562
1 0.425781 0.462500 0.064062 0.037500
1 0.270313 0.371875 0.050000 0.059375
1 0.265625 0.489063 0.056250 0.046875
1 0.285938 0.521875 0.084375 0.056250
1 0.475000 0.671875 0.050000 0.056250
1 0.510938 0.767188 0.056250 0.037500
1 0.490625 0.858594 0.068750 0.051562
1 0.661719 0.528125 0.051562 0.040625
1 0.545312 0.435156 0.046875 0.045312
2 0.553906 0.114844 0.076563 0.101562
2 0.687500 0.478125 0.081250 0.075000
2 0.566406 0.366406 0.051562 0.051562
2 0.778906 0.832031 0.054688 0.057813
4 0.650781 0.380469 0.060937 0.064062
