2 0.634375 0.774219 0.043750 0.064062
3 0.179688 0.139844 0.078125 0.045312
3 0.047656 0.213281 0.032813 0.035937
4 0.143750 0.258594 0.062500 0.048438
4 0.130469 0.086719 0.042188 0.029687
4 0.269531 0.957031 0.126562 0.085938
4 0.340625 0.855469 0.125000 0.157812
4 0.503906 0.642188 0.064062 0.046875
4 0.710938 0.670312 0.103125 0.081250
4 0.543750 0.825781 0.062500 0.064062
4 0.612500 0.752344 0.040625 0.035937
2 0.850781 0.809375 0.073438 0.062500
2 0.669531 0.620313 0.051562 0.034375
4 0.564844 0.946094 0.107813 0.107813
5 0.704688 0.391406 0.037500 0.045312
4 0.596875 0.323437 0.034375 0.031250
5 0.928906 0.460156 0.051562 0.032813
4 0.432031 0.034375 0.026562 0.031250
4 0.531250 0.767969 0.028125 0.023438
4 0.988281 0.872656 0.023438 0.029687
4 0.794531 0.714063 0.026562 0.034375
4 0.760156 0.617188 0.029687 0.031250
4 0.665625 0.744531 0.053125 0.051562
