4 0.589063 0.933594 0.137500 0.110937
4 0.756250 0.935156 0.153125 0.104688
4 0.828906 0.779687 0.070312 0.125000
4 0.900781 0.754687 0.085938 0.071875
4 0.755469 0.860156 0.085938 0.070312
4 0.770312 0.768750 0.040625 0.081250
4 0.717969 0.710156 0.101562 0.126562
4 0.642188 0.697656 0.071875 0.092188
4 0.686719 0.601562 0.029687 0.025000
5 0.660937 0.588281 0.087500 0.089063
4 0.589063 0.624219 0.062500 0.045312
4 0.645312 0.520312 0.096875 0.100000
4 0.702344 0.518750 0.095312 0.103125
5 0.732812 0.446875 0.050000 0.062500
4 0.684375 0.445312 0.050000 0.050000
4 0.625781 0.410156 0.073438 0.129688
5 0.613281 0.231250 0.101562 0.075000
4 0.398438 0.153125 0.090625 0.093750
4 0.472656 0.166406 0.029687 0.082812
4 0.388281 0.081250 0.095312 0.121875
5 0.336719 0.091406 0.032813 0.076563
4 0.482812 0.031250 0.040625 0.056250
4 0.381250 0.028906 0.059375 0.045312
2 0.525781 0.605469 0.029687 0.026562
4 0.348438 0.978125 0.043750 0.043750
4 0.702344 0.312500 0.098437 0.162500
4 0.238281 0.046094 0.026562 0.035937
5 0.561719 0.028125 0.035937 0.056250
5 0.455469 0.422656 0.032813 0.032813
