4 0.117188 0.409375 0.137500 0.128125
4 0.075000 0.544531 0.106250 0.114062
4 0.028906 0.612500 0.039062 0.046875
4 0.320312 0.628125 0.137500 0.109375
4 0.383594 0.337500 0.076563 0.068750
4 0.386719 0.117188 0.107813 0.065625
4 0.081250 0.338281 0.090625 0.085938
5 0.139844 0.276562 0.076563 0.059375
4 0.011719 0.204687 0.023438 0.037500
4 0.051562 0.199219 0.031250 0.026562
5 0.111719 0.235156 0.029687 0.032813
4 0.165625 0.132031 0.043750 0.039062
4 0.009375 0.501563 0.018750 0.028125
5 0.331250 0.750000 0.109375 0.093750
4 0.028125 0.263281 0.056250 0.064062
4 0.094531 0.284375 0.057813 0.050000
4 0.201563 0.274219 0.118750 0.089063
4 0.205469 0.292187 0.035937 0.031250
5 0.026562 0.120313 0.034375 0.021875
4 0.317188 0.230469 0.156250 0.098437
4 0.032031 0.430469 0.064062 0.095312
