2 0.568750 0.699219 0.050000 0.073438
2 0.572656 0.296094 0.035937 0.035937
2 0.614844 0.395313 0.045312 0.053125
2 0.757031 0.087500 0.020313 0.025000
5 0.534375 0.412500 0.037500 0.043750
5 0.500781 0.414844 0.045312 0.035937
5 0.297656 0.385937 0.076563 0.040625
5 0.335938 0.404687 0.031250 0.050000
5 0.205469 0.519531 0.045312 0.039062
5 0.317188 0.504687 0.062500 0.034375
4 0.542188 0.568750 0.034375 0.043750
5 0.577344 0.577344 0.032813 0.017188
5 0.407031 0.575781 0.039062 0.020313
5 0.611719 0.454688 0.023438 0.018750
5 0.662500 0.229687 0.028125 0.012500
5 0.633594 0.176563 0.026562 0.015625
1 0.630469 0.270313 0.026562 0.012500
1 0.560156 0.040625 0.026562 0.015625
1 0.578125 0.017969 0.028125 0.017188
1 0.575781 0.145313 0.026562 0.018750
1 0.539844 0.175781 0.023438 0.023438
1 0.480469 0.305469 0.039062 0.035937
1 0.492969 0.342187 0.039062 0.021875
1 0.514844 0.355469 0.020313 0.029687
1 0.487500 0.366406 0.031250 0.032813
1 0.418750 0.394531 0.034375 0.032813
1 0.457031 0.422656 0.035937 0.020313
1 0.503906 0.573438 0.045312 0.021875
1 0.629687 0.474219 0.018750 0.020313
5 0.482031 0.444531 0.026562 0.023438
5 0.549219 0.381250 0.032813 0.043750
