4 0.832812 0.338281 0.159375 0.079687
4 0.849219 0.236719 0.073438 0.051562
4 0.739062 0.176563 0.087500 0.081250
5 0.257031 0.239844 0.057813 0.045312
5 0.132812 0.150781 0.053125 0.035937
4 0.257031 0.154688 0.101562 0.065625
4 0.107813 0.246875 0.096875 0.068750
4 0.211719 0.214062 0.057813 0.037500
4 0.257812 0.064844 0.118750 0.098437
4 0.292969 0.216406 0.054688 0.054688
4 0.350000 0.135156 0.059375 0.060937
4 0.186719 0.184375 0.026562 0.034375
2 0.287500 0.310156 0.034375 0.014063
4 0.701562 0.386719 0.031250 0.026562
4 0.469531 0.056250 0.095312 0.068750
4 0.437500 0.165625 0.084375 0.096875
4 0.521094 0.205469 0.070312 0.095312
4 0.525000 0.109375 0.059375 0.050000
4 0.627344 0.012500 0.032813 0.025000
4 0.301563 0.286719 0.062500 0.048438
4 0.156250 0.182031 0.028125 0.039062
4 0.541406 0.019531 0.064062 0.039062
