1 0.562500 0.417187 0.031250 0.025000
1 0.667969 0.399219 0.042188 0.035937
1 0.710938 0.375781 0.053125 0.035937
1 0.694531 0.314844 0.039062 0.045312
1 0.761719 0.357031 0.057813 0.026562
1 0.535937 0.197656 0.037500 0.026562
1 0.474219 0.142969 0.039062 0.032813
1 0.431250 0.289844 0.037500 0.026562
1 0.578906 0.511719 0.039062 0.020313
4 0.561719 0.608594 0.064062 0.054688
5 0.790625 0.609375 0.053125 0.034375
5 0.886719 0.480469 0.082812 0.051562
5 0.831250 0.329688 0.078125 0.059375
5 0.763281 0.389062 0.035937 0.046875
5 0.604688 0.429688 0.037500 0.053125
5 0.635938 0.417187 0.040625 0.034375
5 0.418750 0.129688 0.034375 0.034375
5 0.378906 0.253125 0.026562 0.028125
2 0.526563 0.398438 0.034375 0.040625
2 0.457031 0.463281 0.064062 0.067187
2 0.302344 0.074219 0.039062 0.042188
1 0.449219 0.041406 0.026562 0.035937
1 0.439844 0.010156 0.035937 0.017188
5 0.989844 0.498437 0.020313 0.046875
2 0.622656 0.797656 0.070312 0.073438
5 0.560156 0.489063 0.051562 0.046875
4 0.552344 0.452344 0.045312 0.039062
