4 0.703906 0.269531 0.201563 0.107813
4 0.757031 0.082812 0.070312 0.065625
4 0.816406 0.171875 0.114062 0.096875
4 0.892188 0.132031 0.059375 0.051562
4 0.511719 0.248438 0.060937 0.053125
4 0.315625 0.393750 0.075000 0.100000
4 0.153906 0.541406 0.104688 0.067187
4 0.346094 0.305469 0.042188 0.029687
5 0.353125 0.186719 0.021875 0.029687
4 0.584375 0.436719 0.037500 0.042188
4 0.614844 0.354687 0.067187 0.040625
4 0.304688 0.607031 0.090625 0.048438
4 0.235156 0.125781 0.060937 0.067187
4 0.371875 0.068750 0.037500 0.028125
4 0.225781 0.213281 0.051562 0.017188
4 0.387500 0.316406 0.037500 0.039062
5 0.487500 0.361719 0.062500 0.054688
4 0.248438 0.269531 0.078125 0.051562
4 0.577344 0.530469 0.064062 0.067187
