4 0.589844 0.531250 0.117188 0.140625
4 0.279687 0.624219 0.056250 0.067187
4 0.201563 0.518750 0.034375 0.059375
4 0.382031 0.537500 0.048438 0.075000
4 0.203125 0.919531 0.028125 0.026562
4 0.202344 0.943750 0.023438 0.025000
4 0.237500 0.953125 0.028125 0.021875
4 0.246875 0.896094 0.015625 0.017188
4 0.112500 0.822656 0.028125 0.039062
4 0.157031 0.879687 0.026562 0.050000
4 0.116406 0.910937 0.026562 0.037500
4 0.119531 0.939063 0.029687 0.009375
5 0.951562 0.309375 0.034375 0.059375
4 0.546094 0.078906 0.020313 0.029687
4 0.416406 0.450000 0.020313 0.043750
4 0.496875 0.341406 0.021875 0.026562
4 0.408594 0.427344 0.014063 0.010937
4 0.435937 0.673438 0.012500 0.015625
4 0.524219 0.494531 0.020313 0.026562
