4 0.661719 0.600000 0.176563 0.106250
4 0.661719 0.465625 0.148438 0.109375
4 0.700781 0.533594 0.107813 0.076563
4 0.731250 0.559375 0.109375 0.075000
4 0.532031 0.308594 0.098437 0.101562
4 0.678125 0.132031 0.109375 0.117188
4 0.452344 0.026562 0.082812 0.053125
4 0.418750 0.510938 0.031250 0.028125
2 0.400781 0.485938 0.026562 0.018750
4 0.491406 0.482031 0.042188 0.035937
4 0.466406 0.433594 0.064062 0.067187
4 0.457813 0.660156 0.100000 0.057813
4 0.535156 0.664844 0.029687 0.029687
5 0.509375 0.642969 0.018750 0.017188
4 0.178125 0.351562 0.081250 0.062500
4 0.214844 0.412500 0.045312 0.059375
4 0.248438 0.169531 0.050000 0.064062
4 0.319531 0.880469 0.014063 0.014063
5 0.422656 0.707031 0.020313 0.020313
