4 0.331250 0.721094 0.093750 0.185938
4 0.160938 0.776563 0.056250 0.065625
4 0.244531 0.828906 0.085938 0.104688
4 0.210938 0.898438 0.046875 0.053125
4 0.306250 0.544531 0.046875 0.054688
4 0.434375 0.357031 0.090625 0.067187
4 0.565625 0.203906 0.059375 0.095312
4 0.353906 0.388281 0.026562 0.039062
5 0.242969 0.400000 0.026562 0.018750
4 0.483594 0.607031 0.039062 0.032813
4 0.408594 0.636719 0.035937 0.060937
4 0.632031 0.341406 0.042188 0.082812
4 0.583594 0.021094 0.042188 0.035937
4 0.182812 0.292187 0.059375 0.056250
4 0.135937 0.419531 0.025000 0.035937
4 0.264844 0.281250 0.014063 0.046875
4 0.364063 0.427344 0.034375 0.032813
5 0.410938 0.518750 0.050000 0.056250
4 0.317188 0.299219 0.043750 0.070312
4 0.568750 0.596875 0.059375 0.056250
