1 0.048438 0.349219 0.015625 0.007812
1 0.210156 0.216406 0.017188 0.017188
5 0.155469 0.357812 0.020313 0.021875
5 0.542969 0.314844 0.039062 0.042188
5 0.643750 0.386719 0.059375 0.039062
5 0.636719 0.404687 0.051562 0.043750
5 0.725781 0.345313 0.092188 0.046875
5 0.761719 0.440625 0.082812 0.046875
5 0.691406 0.643750 0.082812 0.071875
5 0.580469 0.603906 0.057813 0.064062
1 0.385156 0.340625 0.039062 0.034375
1 0.352344 0.373437 0.029687 0.037500
1 0.217969 0.773438 0.020313 0.028125
1 0.221094 0.746094 0.032813 0.032813
1 0.306250 0.728906 0.031250 0.029687
1 0.368750 0.669531 0.034375 0.020313
1 0.254688 0.675781 0.031250 0.029687
1 0.421875 0.621875 0.046875 0.031250
1 0.455469 0.644531 0.039062 0.039062
5 0.126562 0.746875 0.021875 0.025000
2 0.225000 0.716406 0.034375 0.042188
5 0.296094 0.671875 0.026562 0.025000
4 0.360938 0.577344 0.056250 0.042188
1 0.383594 0.553906 0.026562 0.014063
1 0.458594 0.672656 0.029687 0.020313
5 0.536719 0.585156 0.045312 0.042188
5 0.383594 0.751563 0.048438 0.059375
5 0.892188 0.523438 0.065625 0.050000
2 0.378906 0.226562 0.051562 0.053125
2 0.311719 0.144531 0.051562 0.054688
5 0.409375 0.189062 0.034375 0.043750
5 0.609375 0.225000 0.046875 0.034375
