4 0.593750 0.967969 0.062500 0.054688
4 0.582812 0.817187 0.093750 0.118750
5 0.488281 0.935937 0.026562 0.021875
4 0.527344 0.603125 0.164062 0.193750
4 0.728125 0.554688 0.300000 0.256250
4 0.901563 0.657031 0.196875 0.214062
5 0.773438 0.642969 0.037500 0.029687
5 0.665625 0.763281 0.065625 0.076563
4 0.594531 0.396875 0.101562 0.128125
4 0.589844 0.471094 0.120313 0.092188
4 0.512500 0.471875 0.081250 0.065625
4 0.646094 0.317188 0.064062 0.068750
4 0.592187 0.215625 0.081250 0.068750
4 0.732031 0.205469 0.073438 0.051562
4 0.853125 0.196094 0.187500 0.160938
2 0.842187 0.184375 0.146875 0.096875
5 0.807031 0.071875 0.164062 0.143750
4 0.655469 0.083594 0.032813 0.029687
4 0.572656 0.041406 0.045312 0.064062
5 0.614062 0.033594 0.062500 0.067187
4 0.699219 0.164844 0.095312 0.051562
5 0.533594 0.094531 0.014063 0.020313
4 0.128125 0.270313 0.043750 0.059375
5 0.153125 0.410156 0.018750 0.023438
