2 0.554688 0.597656 0.084375 0.060937
2 0.724219 0.472656 0.032813 0.020313
4 0.696094 0.898438 0.104688 0.115625
5 0.532031 0.725000 0.064062 0.059375
4 0.485938 0.589063 0.109375 0.103125
4 0.513281 0.526563 0.073438 0.046875
4 0.629687 0.633594 0.103125 0.073438
4 0.335938 0.596875 0.040625 0.034375
4 0.267969 0.724219 0.051562 0.032813
4 0.266406 0.804688 0.054688 0.059375
5 0.315625 0.832812 0.109375 0.078125
4 0.622656 0.785156 0.157812 0.214062
4 0.484375 0.912500 0.278125 0.175000
5 0.339844 0.393750 0.092188 0.090625
4 0.212500 0.767969 0.128125 0.126562
4 0.143750 0.813281 0.081250 0.060937
4 0.194531 0.885156 0.173437 0.135937
4 0.060937 0.857812 0.090625 0.096875
4 0.099219 0.625781 0.092188 0.070312
4 0.064844 0.605469 0.107813 0.079687
4 0.064844 0.689063 0.129688 0.137500
4 0.276562 0.560937 0.165625 0.103125
4 0.980469 0.539844 0.039062 0.064062
3 0.177344 0.239844 0.079687 0.057813
