4 0.616406 0.386719 0.073438 0.051562
5 0.391406 0.610156 0.057813 0.076563
5 0.317969 0.663281 0.089063 0.098437
4 0.526563 0.668750 0.087500 0.084375
4 0.514844 0.720313 0.092188 0.100000
4 0.460156 0.633594 0.067187 0.089063
4 0.464062 0.793750 0.078125 0.103125
2 0.310156 0.226562 0.057813 0.059375
5 0.214062 0.253125 0.040625 0.043750
5 0.837500 0.355469 0.215625 0.201563
5 0.457813 0.961719 0.100000 0.076563
4 0.616406 0.635938 0.042188 0.050000
4 0.848437 0.710156 0.046875 0.064062
4 0.231250 0.567187 0.043750 0.046875
5 0.387500 0.877344 0.075000 0.123438
5 0.667969 0.478906 0.048438 0.054688
