1 0.289844 0.662500 0.057813 0.031250
1 0.303125 0.530469 0.034375 0.045312
1 0.314063 0.500000 0.046875 0.053125
1 0.443750 0.457031 0.025000 0.039062
1 0.497656 0.513281 0.026562 0.032813
1 0.242969 0.214844 0.067187 0.039062
2 0.495312 0.340625 0.040625 0.053125
2 0.555469 0.178125 0.048438 0.065625
2 0.524219 0.543750 0.060937 0.081250
2 0.503906 0.821094 0.042188 0.051562
5 0.547656 0.641406 0.032813 0.026562
5 0.399219 0.581250 0.039062 0.034375
5 0.254688 0.477344 0.075000 0.060937
4 0.528906 0.485938 0.051562 0.040625
