5 0.714063 0.847656 0.040625 0.023438
5 0.258594 0.753906 0.051562 0.026562
5 0.315625 0.442188 0.012500 0.009375
5 0.827344 0.286719 0.032813 0.048438
2 0.492969 0.427344 0.057813 0.042188
2 0.774219 0.473438 0.057813 0.056250
2 0.232031 0.485938 0.017188 0.034375
1 0.257031 0.506250 0.010937 0.015625
1 0.655469 0.630469 0.032813 0.026562
1 0.838281 0.585938 0.054688 0.028125
1 0.924219 0.439844 0.057813 0.029687
4 0.912500 0.349219 0.062500 0.054688
5 0.650000 0.828125 0.021875 0.021875
5 0.627344 0.795312 0.029687 0.015625
1 0.844531 0.307031 0.048438 0.035937
4 0.891406 0.617188 0.070312 0.046875
