3 0.817969 0.167969 0.051562 0.023438
5 0.768750 0.450000 0.059375 0.053125
4 0.739844 0.491406 0.095312 0.092188
4 0.591406 0.783594 0.089063 0.073438
4 0.525781 0.782813 0.060937 0.040625
4 0.377344 0.787500 0.048438 0.043750
4 0.427344 0.797656 0.048438 0.039062
3 0.385156 0.862500 0.182812 0.112500
4 0.468750 0.970313 0.018750 0.043750
5 0.307031 0.955469 0.060937 0.045312
4 0.176563 0.926562 0.062500 0.040625
4 0.219531 0.944531 0.023438 0.048438
4 0.063281 0.876563 0.126562 0.209375
4 0.149219 0.834375 0.051562 0.090625
5 0.086719 0.768750 0.117188 0.068750
4 0.185938 0.869531 0.034375 0.026562
4 0.288281 0.665625 0.129688 0.087500
4 0.385937 0.504687 0.043750 0.059375
4 0.239844 0.357031 0.026562 0.029687
4 0.481250 0.748437 0.159375 0.081250
5 0.513281 0.654687 0.057813 0.034375
