4 0.473438 0.136719 0.065625 0.082812
4 0.203906 0.174219 0.070312 0.082812
4 0.475781 0.399219 0.095312 0.079687
4 0.399219 0.400000 0.051562 0.059375
4 0.600000 0.278125 0.150000 0.106250
4 0.705469 0.189844 0.051562 0.076563
4 0.803906 0.100781 0.060937 0.079687
4 0.721875 0.563281 0.056250 0.051562
4 0.767188 0.584375 0.068750 0.043750
4 0.963281 0.596875 0.039062 0.046875
4 0.632812 0.648438 0.062500 0.034375
5 0.533594 0.716406 0.042188 0.035937
4 0.402344 0.679688 0.020313 0.028125
4 0.366406 0.826562 0.076563 0.040625
5 0.183594 0.470313 0.039062 0.043750
4 0.063281 0.124219 0.073438 0.139063
