1 0.418750 0.603125 0.028125 0.028125
1 0.092188 0.391406 0.059375 0.032813
1 0.182812 0.554688 0.059375 0.028125
1 0.182812 0.246875 0.053125 0.034375
5 0.211719 0.229687 0.039062 0.056250
5 0.321875 0.837500 0.046875 0.025000
5 0.418750 0.782031 0.028125 0.017188
5 0.396875 0.812500 0.028125 0.018750
5 0.807813 0.581250 0.056250 0.037500
5 0.768750 0.417187 0.015625 0.012500
2 0.857812 0.467187 0.012500 0.037500
1 0.833594 0.485938 0.010937 0.015625
2 0.563281 0.391406 0.051562 0.045312
2 0.255469 0.431250 0.057813 0.053125
4 0.134375 0.582812 0.078125 0.046875
4 0.103906 0.289062 0.064062 0.056250
