4 0.121875 0.581250 0.243750 0.215625
4 0.174219 0.407813 0.098437 0.075000
4 0.249219 0.448437 0.057813 0.068750
4 0.390625 0.556250 0.065625 0.059375
4 0.653906 0.410938 0.185938 0.128125
4 0.499219 0.511719 0.054688 0.048438
4 0.557031 0.492188 0.107813 0.087500
4 0.615625 0.566406 0.071875 0.060937
4 0.555469 0.792969 0.079687 0.079687
4 0.833594 0.445312 0.070312 0.062500
4 0.961719 0.395313 0.042188 0.053125
4 0.989062 0.413281 0.015625 0.029687
5 0.987500 0.520312 0.025000 0.028125
4 0.762500 0.271875 0.040625 0.046875
4 0.770312 0.181250 0.071875 0.062500
5 0.858594 0.342187 0.060937 0.050000
4 0.979688 0.624219 0.037500 0.032813
4 0.735156 0.345313 0.067187 0.046875
