3 0.932813 0.949219 0.093750 0.054688
4 0.778906 0.838281 0.048438 0.060937
4 0.825781 0.747656 0.039062 0.032813
4 0.921094 0.496875 0.154688 0.087500
4 0.849219 0.446094 0.042188 0.045312
4 0.821875 0.533594 0.065625 0.107813
4 0.917969 0.782031 0.029687 0.039062
4 0.972656 0.912500 0.017188 0.053125
4 0.726562 0.143750 0.068750 0.078125
4 0.815625 0.295312 0.137500 0.187500
4 0.986719 0.333594 0.026562 0.064062
4 0.996094 0.243750 0.007812 0.053125
4 0.996094 0.392188 0.007812 0.031250
4 0.930469 0.302344 0.020313 0.042188
4 0.939844 0.866406 0.023438 0.020313
4 0.963281 0.879687 0.017188 0.028125
