2 0.473438 0.639062 0.053125 0.056250
2 0.507812 0.389844 0.043750 0.054688
1 0.478906 0.207813 0.032813 0.062500
1 0.627344 0.353125 0.023438 0.059375
1 0.681250 0.517188 0.025000 0.031250
5 0.931250 0.428125 0.021875 0.040625
5 0.840625 0.525000 0.025000 0.028125
5 0.857812 0.488281 0.012500 0.029687
5 0.710938 0.410938 0.040625 0.021875
4 0.660156 0.259375 0.035937 0.087500
2 0.568750 0.921875 0.037500 0.015625
1 0.585938 0.901563 0.015625 0.009375
5 0.509375 0.834375 0.018750 0.012500
5 0.327344 0.392188 0.060937 0.031250
5 0.307812 0.326562 0.062500 0.043750
1 0.327344 0.308594 0.039062 0.051562
4 0.364063 0.221094 0.059375 0.057813
