4 0.392969 0.673438 0.345313 0.290625
4 0.614844 0.929688 0.082812 0.093750
4 0.750781 0.964063 0.070312 0.071875
4 0.689844 0.707031 0.157812 0.220312
4 0.517969 0.471875 0.104688 0.131250
4 0.538281 0.562500 0.132812 0.090625
4 0.628906 0.564844 0.067187 0.079687
4 0.168750 0.824219 0.337500 0.279687
4 0.401562 0.757031 0.046875 0.035937
4 0.440625 0.394531 0.078125 0.104688
4 0.424219 0.258594 0.082812 0.070312
4 0.308594 0.266406 0.104688 0.039062
4 0.296875 0.312500 0.090625 0.056250
4 0.135156 0.308594 0.223438 0.145313
4 0.332031 0.075781 0.070312 0.064062
4 0.303125 0.157812 0.037500 0.028125
4 0.197656 0.007812 0.101562 0.015625
4 0.264844 0.007031 0.032813 0.014063
5 0.163281 0.178906 0.182812 0.132812
2 0.150000 0.280469 0.162500 0.085938
4 0.923438 0.271875 0.050000 0.059375
5 0.963281 0.426563 0.020313 0.021875
4 0.918750 0.783594 0.025000 0.026562
