3 0.233594 0.772656 0.029687 0.067187
4 0.359375 0.658594 0.081250 0.089063
4 0.375781 0.575781 0.067187 0.076563
5 0.571094 0.644531 0.070312 0.110937
4 0.866406 0.482031 0.117188 0.107813
4 0.754687 0.404687 0.143750 0.159375
4 0.981250 0.482031 0.037500 0.210938
4 0.791406 0.046094 0.185938 0.092188
4 0.771875 0.214844 0.143750 0.207813
5 0.910156 0.205469 0.067187 0.079687
5 0.963281 0.093750 0.060937 0.090625
5 0.927344 0.407031 0.045312 0.048438
2 0.945312 0.333594 0.106250 0.110937
2 0.894531 0.425781 0.029687 0.048438
2 0.825000 0.107813 0.034375 0.043750
