4 0.503906 0.446094 0.042188 0.042188
4 0.616406 0.513281 0.064062 0.067187
2 0.283594 0.416406 0.067187 0.070312
2 0.667188 0.427344 0.053125 0.070312
2 0.672656 0.514062 0.045312 0.043750
5 0.660156 0.606250 0.054688 0.046875
5 0.658594 0.657813 0.035937 0.081250
5 0.658594 0.889844 0.089063 0.057813
5 0.648438 0.789062 0.056250 0.053125
5 0.440625 0.935156 0.056250 0.054688
5 0.497656 0.838281 0.060937 0.085938
5 0.414062 0.664844 0.037500 0.048438
5 0.575781 0.525000 0.054688 0.062500
1 0.827344 0.507031 0.026562 0.039062
1 0.857812 0.673438 0.031250 0.050000
5 0.892969 0.445312 0.032813 0.037500
1 0.700781 0.821875 0.051562 0.043750
1 0.638281 0.811719 0.042188 0.064062
1 0.607031 0.755469 0.048438 0.060937
1 0.607812 0.703125 0.037500 0.065625
1 0.671094 0.559375 0.032813 0.043750
