5 0.353125 0.219531 0.096875 0.085938
5 0.415625 0.292969 0.071875 0.064062
4 0.664062 0.551562 0.053125 0.075000
4 0.371875 0.480469 0.084375 0.064062
4 0.402344 0.392969 0.089063 0.079687
4 0.228906 0.403125 0.092188 0.071875
4 0.311719 0.464844 0.085938 0.076563
4 0.105469 0.278125 0.070312 0.065625
4 0.164062 0.283594 0.062500 0.042188
2 0.810156 0.233594 0.064062 0.054688
5 0.772656 0.132812 0.064062 0.040625
4 0.358594 0.796094 0.060937 0.045312
4 0.412500 0.556250 0.050000 0.046875
5 0.700000 0.768750 0.225000 0.171875
5 0.048438 0.405469 0.093750 0.123438
5 0.564063 0.610156 0.050000 0.054688
