4 0.072656 0.253125 0.110937 0.153125
4 0.450781 0.539062 0.270313 0.093750
4 0.727344 0.399219 0.107813 0.067187
4 0.631250 0.285938 0.090625 0.075000
4 0.574219 0.353125 0.029687 0.031250
4 0.534375 0.380469 0.137500 0.107813
4 0.488281 0.309375 0.098437 0.065625
4 0.874219 0.112500 0.232813 0.171875
4 0.710156 0.204687 0.267188 0.165625
4 0.703125 0.082031 0.143750 0.101562
4 0.814063 0.264844 0.078125 0.073438
4 0.751563 0.458594 0.031250 0.070312
4 0.738281 0.546875 0.154688 0.096875
4 0.401562 0.200781 0.087500 0.067187
4 0.497656 0.135937 0.067187 0.050000
4 0.553125 0.248438 0.031250 0.031250
4 0.321094 0.277344 0.107813 0.095312
2 0.337500 0.333594 0.046875 0.029687
4 0.389844 0.317188 0.039062 0.040625
5 0.154688 0.292187 0.128125 0.103125
4 0.175000 0.396094 0.150000 0.082812
4 0.042188 0.344531 0.046875 0.032813
4 0.500000 0.246094 0.031250 0.039062
