1 0.640625 0.247656 0.031250 0.051562
1 0.653906 0.451562 0.029687 0.037500
1 0.507031 0.928125 0.017188 0.012500
1 0.448437 0.221875 0.037500 0.053125
5 0.918750 0.300000 0.037500 0.053125
5 0.839063 0.423438 0.037500 0.037500
5 0.932813 0.389844 0.018750 0.032813
1 0.306250 0.285156 0.046875 0.048438
5 0.279687 0.286719 0.053125 0.029687
4 0.364063 0.231250 0.059375 0.056250
2 0.489063 0.311719 0.068750 0.057813
2 0.430469 0.611719 0.048438 0.054688
2 0.483594 0.942969 0.039062 0.017188
5 0.446094 0.833594 0.010937 0.014063
4 0.672656 0.247656 0.039062 0.039062
