1 0.389844 0.236719 0.032813 0.051562
1 0.383594 0.439063 0.029687 0.037500
1 0.546094 0.907813 0.017188 0.012500
1 0.580469 0.202344 0.039062 0.054688
5 0.114844 0.297656 0.039062 0.054688
5 0.199219 0.417187 0.035937 0.037500
5 0.105469 0.388281 0.020313 0.032813
1 0.724219 0.260937 0.048438 0.050000
5 0.750000 0.262500 0.053125 0.031250
4 0.664844 0.210156 0.060937 0.057813
2 0.542188 0.293750 0.068750 0.059375
2 0.612500 0.589844 0.050000 0.054688
2 0.570312 0.921094 0.037500 0.017188
5 0.605469 0.810156 0.010937 0.014063
4 0.358594 0.236719 0.039062 0.039062
