4 0.821875 0.042188 0.075000 0.059375
4 0.935156 0.335938 0.107813 0.115625
4 0.662500 0.495312 0.096875 0.087500
4 0.965625 0.868750 0.068750 0.034375
4 0.578125 0.800781 0.084375 0.048438
4 0.507812 0.655469 0.068750 0.073438
4 0.445312 0.694531 0.084375 0.114062
4 0.538281 0.381250 0.107813 0.100000
4 0.435156 0.341406 0.185938 0.132812
4 0.193750 0.323437 0.093750 0.106250
4 0.317969 0.476562 0.289062 0.134375
4 0.264062 0.638281 0.209375 0.217188
5 0.100781 0.578125 0.201563 0.234375
5 0.171094 0.990625 0.132812 0.018750
4 0.955469 0.919531 0.051562 0.048438
