4 0.864062 0.550000 0.162500 0.103125
4 0.903906 0.641406 0.079687 0.060937
4 0.814063 0.724219 0.096875 0.092188
5 0.344531 0.777344 0.064062 0.054688
5 0.250000 0.891406 0.056250 0.042188
4 0.364844 0.858594 0.107813 0.079687
4 0.202344 0.805469 0.104688 0.082812
4 0.309375 0.813281 0.062500 0.045312
4 0.387500 0.943750 0.128125 0.112500
4 0.384375 0.792188 0.059375 0.059375
4 0.457031 0.855469 0.067187 0.067187
4 0.290625 0.847656 0.031250 0.035937
4 0.062500 0.767969 0.037500 0.035937
2 0.357812 0.703125 0.034375 0.018750
4 0.730469 0.535156 0.032813 0.029687
4 0.588281 0.900000 0.101562 0.081250
4 0.532813 0.807031 0.096875 0.104688
4 0.600781 0.749219 0.082812 0.101562
4 0.627344 0.838281 0.064062 0.057813
4 0.751563 0.915625 0.037500 0.046875
4 0.375781 0.723437 0.067187 0.056250
4 0.874219 0.917188 0.045312 0.037500
4 0.262500 0.856250 0.031250 0.040625
4 0.670312 0.936719 0.075000 0.085938
