4 0.251563 0.483594 0.115625 0.126562
4 0.369531 0.381250 0.070312 0.087500
4 0.323437 0.318750 0.075000 0.112500
4 0.233594 0.228125 0.164062 0.184375
2 0.281250 0.150781 0.090625 0.095312
4 0.314844 0.214844 0.032813 0.054688
4 0.342969 0.228906 0.029687 0.067187
4 0.526563 0.475781 0.037500 0.035937
4 0.424219 0.181250 0.032813 0.053125
4 0.157031 0.488281 0.057813 0.070312
4 0.139844 0.569531 0.110937 0.101562
4 0.049219 0.725000 0.035937 0.075000
5 0.418750 0.625000 0.018750 0.021875
5 0.109375 0.109375 0.084375 0.084375
4 0.285156 0.427344 0.064062 0.070312
