4 0.375781 0.168750 0.110937 0.246875
4 0.584375 0.332813 0.090625 0.090625
5 0.617969 0.407031 0.017188 0.023438
5 0.863281 0.432031 0.104688 0.054688
5 0.957031 0.130469 0.085938 0.073438
5 0.768750 0.447656 0.040625 0.042188
4 0.398438 0.329688 0.028125 0.043750
4 0.338281 0.440625 0.023438 0.043750
5 0.350000 0.467187 0.028125 0.031250
4 0.368750 0.565625 0.065625 0.115625
4 0.498437 0.603906 0.121875 0.164062
4 0.512500 0.707031 0.053125 0.045312
5 0.483594 0.742969 0.060937 0.076563
5 0.350000 0.689063 0.028125 0.040625
4 0.714844 0.750000 0.070312 0.087500
4 0.712500 0.838281 0.068750 0.089063
5 0.892188 0.741406 0.065625 0.073438
4 0.813281 0.975781 0.079687 0.048438
4 0.782031 0.596875 0.092188 0.103125
4 0.970313 0.583594 0.053125 0.060937
