1 0.625781 0.389844 0.026562 0.026562
1 0.901563 0.604688 0.056250 0.034375
1 0.832031 0.451562 0.054688 0.031250
1 0.807813 0.727344 0.050000 0.035937
5 0.782031 0.740625 0.039062 0.053125
5 0.730469 0.186719 0.042188 0.026562
5 0.639844 0.228906 0.026562 0.017188
5 0.661719 0.203906 0.026562 0.017188
5 0.275000 0.378906 0.053125 0.039062
5 0.297656 0.527344 0.014063 0.014063
2 0.221094 0.476562 0.014063 0.034375
1 0.244531 0.462500 0.010937 0.015625
2 0.478125 0.567969 0.050000 0.045312
2 0.757031 0.557031 0.054688 0.051562
4 0.878125 0.429688 0.071875 0.046875
4 0.881250 0.694531 0.062500 0.054688
