4 0.859375 0.734375 0.056250 0.065625
4 0.875000 0.637500 0.043750 0.040625
4 0.887500 0.376563 0.159375 0.112500
4 0.806250 0.350000 0.050000 0.053125
4 0.807813 0.440625 0.084375 0.115625
4 0.970313 0.640625 0.037500 0.043750
4 0.961719 0.334375 0.042188 0.081250
4 0.603906 0.108594 0.079687 0.085938
4 0.731250 0.221094 0.165625 0.204687
4 0.894531 0.057031 0.029687 0.082812
4 0.902344 0.203125 0.045312 0.065625
4 0.895312 0.114844 0.046875 0.057813
4 0.910937 0.146094 0.031250 0.035937
4 0.937500 0.253906 0.034375 0.035937
4 0.933594 0.220312 0.017188 0.021875
4 0.892969 0.108594 0.023438 0.023438
4 0.837500 0.193750 0.028125 0.043750
