4 0.177344 0.386719 0.123438 0.110937
4 0.117969 0.510938 0.092188 0.103125
4 0.042969 0.572656 0.076563 0.045312
4 0.343750 0.625781 0.125000 0.092188
4 0.445312 0.353906 0.068750 0.060937
4 0.478125 0.140625 0.100000 0.050000
4 0.153125 0.312500 0.081250 0.075000
5 0.217188 0.261719 0.068750 0.051562
4 0.045312 0.275781 0.081250 0.054688
4 0.091406 0.171875 0.045312 0.031250
4 0.142969 0.174219 0.026562 0.023438
5 0.194531 0.217969 0.026562 0.029687
4 0.261719 0.123438 0.039062 0.034375
4 0.039844 0.462500 0.057813 0.025000
5 0.013281 0.536719 0.023438 0.029687
5 0.338281 0.746094 0.098437 0.079687
4 0.025000 0.190625 0.050000 0.075000
4 0.085156 0.231250 0.104688 0.050000
4 0.172656 0.263281 0.051562 0.042188
4 0.277344 0.267969 0.107813 0.073438
4 0.278906 0.285156 0.032813 0.026562
5 0.128906 0.096094 0.032813 0.017188
4 0.395313 0.242188 0.146875 0.078125
4 0.071094 0.395313 0.095312 0.084375
