4 0.409375 0.276562 0.203125 0.240625
4 0.381250 0.177344 0.028125 0.042188
4 0.430469 0.217188 0.082812 0.100000
4 0.465625 0.156250 0.031250 0.053125
4 0.492188 0.038281 0.043750 0.054688
5 0.066406 0.086719 0.023438 0.060937
4 0.097656 0.232031 0.135937 0.117188
4 0.285938 0.440625 0.115625 0.159375
4 0.032813 0.673438 0.065625 0.106250
4 0.368750 0.559375 0.121875 0.121875
4 0.403906 0.438281 0.092188 0.101562
4 0.309375 0.850781 0.059375 0.070312
4 0.519531 0.910156 0.051562 0.101562
5 0.536719 0.625781 0.032813 0.029687
5 0.488281 0.651563 0.054688 0.062500
4 0.258594 0.050000 0.054688 0.068750
4 0.169531 0.098437 0.104688 0.121875
4 0.278906 0.300781 0.070312 0.142187
4 0.306250 0.188281 0.075000 0.114062
4 0.509375 0.068750 0.053125 0.065625
4 0.506250 0.011719 0.037500 0.023438
4 0.632031 0.450781 0.082812 0.120313
4 0.578906 0.133594 0.095312 0.126562
4 0.435156 0.039844 0.039062 0.073438
4 0.539062 0.496094 0.053125 0.095312
5 0.176563 0.005469 0.043750 0.010937
4 0.214062 0.250781 0.081250 0.060937
4 0.454688 0.578906 0.103125 0.114062
4 0.629687 0.550781 0.050000 0.048438
4 0.614844 0.689063 0.026562 0.050000
4 0.581250 0.512500 0.037500 0.062500
4 0.528906 0.318750 0.089063 0.121875
4 0.628125 0.343750 0.075000 0.106250
4 0.433594 0.710156 0.026562 0.032813
4 0.605469 0.597656 0.020313 0.029687
4 0.437500 0.702344 0.115625 0.117188
4 0.458594 0.818750 0.114062 0.159375
4 0.530469 0.673438 0.076563 0.090625
