5 0.911719 0.577344 0.042188 0.045312
5 0.697656 0.528906 0.048438 0.054688
5 0.605469 0.546875 0.054688 0.031250
5 0.575000 0.567969 0.040625 0.029687
4 0.535937 0.614844 0.037500 0.045312
2 0.396094 0.578125 0.048438 0.040625
5 0.402344 0.607812 0.026562 0.021875
2 0.428906 0.692969 0.048438 0.064062
1 0.340625 0.570312 0.015625 0.021875
1 0.477344 0.434375 0.029687 0.028125
1 0.464062 0.335156 0.028125 0.026562
1 0.366406 0.324219 0.023438 0.023438
1 0.449219 0.261719 0.023438 0.029687
1 0.439844 0.244531 0.029687 0.020313
1 0.389844 0.089844 0.026562 0.026562
1 0.430469 0.096094 0.023438 0.029687
1 0.354687 0.292187 0.015625 0.025000
5 0.400781 0.096875 0.014063 0.018750
2 0.372656 0.163281 0.026562 0.032813
5 0.507031 0.148438 0.026562 0.015625
5 0.400000 0.254688 0.050000 0.028125
4 0.409375 0.228906 0.043750 0.042188
1 0.427344 0.256250 0.017188 0.018750
1 0.273438 0.462500 0.012500 0.012500
5 0.334375 0.466406 0.021875 0.020313
5 0.382031 0.460156 0.023438 0.020313
5 0.403906 0.407031 0.020313 0.023438
5 0.409375 0.401562 0.021875 0.025000
5 0.464844 0.421875 0.014063 0.037500
5 0.453906 0.475000 0.023438 0.034375
5 0.502344 0.533594 0.020313 0.017188
