2 0.537500 0.791406 0.056250 0.082812
2 0.388281 0.496094 0.057813 0.051562
2 0.403906 0.396875 0.039062 0.037500
2 0.114844 0.229687 0.020313 0.025000
2 0.272656 0.349219 0.026562 0.017188
1 0.559375 0.640625 0.040625 0.028125
1 0.525781 0.428906 0.039062 0.035937
1 0.507812 0.404687 0.040625 0.025000
1 0.493750 0.414062 0.025000 0.034375
1 0.510938 0.367188 0.037500 0.040625
1 0.389844 0.242188 0.023438 0.028125
1 0.315625 0.231250 0.028125 0.021875
1 0.315625 0.382812 0.031250 0.021875
1 0.574219 0.466406 0.023438 0.029687
1 0.596875 0.442188 0.037500 0.037500
1 0.395313 0.583594 0.028125 0.020313
5 0.491406 0.660937 0.035937 0.031250
5 0.631250 0.628125 0.034375 0.025000
5 0.402344 0.528906 0.039062 0.032813
5 0.265625 0.286719 0.021875 0.017188
4 0.532031 0.651563 0.032813 0.043750
5 0.682031 0.510156 0.060937 0.035937
5 0.778125 0.469531 0.046875 0.045312
5 0.682813 0.390625 0.059375 0.053125
5 0.532031 0.469531 0.042188 0.035937
5 0.497656 0.472656 0.035937 0.048438
5 0.560937 0.482812 0.021875 0.018750
1 0.300000 0.111719 0.028125 0.023438
4 0.465625 0.456250 0.043750 0.046875
