4 0.096094 0.343750 0.192188 0.168750
4 0.208594 0.400781 0.123438 0.089063
4 0.161719 0.468750 0.185938 0.143750
4 0.057813 0.551562 0.115625 0.240625
4 0.207031 0.542188 0.182812 0.125000
4 0.264844 0.625781 0.139063 0.098437
4 0.208594 0.907031 0.239063 0.185938
2 0.181250 0.911719 0.162500 0.176563
4 0.292187 0.817187 0.096875 0.093750
4 0.390625 0.813281 0.090625 0.126562
5 0.426563 0.921094 0.237500 0.157812
4 0.495312 0.782813 0.050000 0.050000
4 0.390625 0.585156 0.090625 0.110937
4 0.636719 0.632031 0.089063 0.089063
4 0.710938 0.782031 0.128125 0.126562
4 0.870313 0.806250 0.221875 0.271875
5 0.595313 0.731250 0.103125 0.090625
4 0.584375 0.572656 0.031250 0.023438
5 0.450000 0.850000 0.021875 0.021875
4 0.110937 0.179688 0.031250 0.021875
4 0.042969 0.151562 0.048438 0.040625
