1 0.503906 0.421875 0.051562 0.037500
1 0.264844 0.430469 0.067187 0.042188
1 0.230469 0.592187 0.054688 0.059375
1 0.296094 0.715625 0.064062 0.046875
1 0.900000 0.616406 0.018750 0.017188
2 0.918750 0.650000 0.028125 0.040625
2 0.628125 0.660156 0.043750 0.060937
5 0.811719 0.678125 0.014063 0.012500
2 0.364844 0.550000 0.073438 0.062500
4 0.220312 0.654687 0.081250 0.075000
5 0.303125 0.750000 0.046875 0.059375
4 0.288281 0.395313 0.110937 0.065625
5 0.457031 0.266406 0.032813 0.035937
5 0.323437 0.171875 0.065625 0.043750
5 0.426563 0.188281 0.034375 0.023438
