1 0.055469 0.466406 0.035937 0.039062
1 0.188281 0.307031 0.042188 0.051562
1 0.368750 0.457813 0.028125 0.037500
1 0.443750 0.502344 0.028125 0.045312
1 0.428906 0.400000 0.026562 0.037500
1 0.853906 0.578906 0.020313 0.032813
5 0.766406 0.877344 0.014063 0.014063
5 0.796875 0.394531 0.018750 0.032813
2 0.707812 0.703906 0.062500 0.039062
2 0.686719 0.476562 0.048438 0.043750
4 0.515625 0.304688 0.056250 0.056250
5 0.489063 0.460938 0.025000 0.025000
5 0.389844 0.372656 0.042188 0.029687
5 0.401562 0.437500 0.037500 0.034375
4 0.020313 0.467187 0.040625 0.065625
