1 0.804688 0.496875 0.006250 0.015625
2 0.817969 0.471875 0.014063 0.034375
5 0.732812 0.418750 0.009375 0.009375
2 0.519531 0.417187 0.042188 0.046875
2 0.238281 0.478906 0.042188 0.051562
1 0.132031 0.417187 0.051562 0.046875
1 0.156250 0.589844 0.053125 0.029687
4 0.158594 0.622656 0.079687 0.042188
5 0.279687 0.857031 0.037500 0.017188
5 0.325781 0.783594 0.020313 0.032813
1 0.372656 0.630469 0.039062 0.023438
5 0.185156 0.850781 0.035937 0.039062
4 0.144531 0.353125 0.048438 0.056250
5 0.205469 0.282031 0.042188 0.048438
1 0.196875 0.308594 0.046875 0.035937
