2 0.441406 0.637500 0.054688 0.059375
2 0.500781 0.400781 0.048438 0.057813
1 0.490625 0.221094 0.037500 0.064062
1 0.620313 0.378125 0.028125 0.059375
1 0.657031 0.541406 0.026562 0.032813
5 0.907031 0.482031 0.023438 0.039062
5 0.807813 0.566406 0.028125 0.029687
5 0.829688 0.532031 0.015625 0.029687
5 0.694531 0.441406 0.042188 0.026562
4 0.660937 0.289844 0.043750 0.089063
2 0.505469 0.923438 0.039062 0.018750
1 0.524219 0.903906 0.017188 0.010937
5 0.455469 0.830469 0.020313 0.014063
5 0.325000 0.384375 0.062500 0.037500
5 0.312500 0.320312 0.065625 0.050000
1 0.335156 0.304688 0.042188 0.053125
4 0.378906 0.223438 0.064062 0.062500
