2 0.553125 0.784375 0.040625 0.062500
3 0.292187 0.053906 0.075000 0.042188
3 0.146875 0.087500 0.031250 0.034375
4 0.225781 0.157031 0.060937 0.045312
4 0.147656 0.885156 0.123438 0.132812
4 0.250000 0.782031 0.118750 0.154688
4 0.464844 0.621875 0.064062 0.043750
4 0.653906 0.707031 0.101562 0.076563
4 0.450781 0.807813 0.060937 0.062500
4 0.538281 0.758594 0.039062 0.035937
2 0.750000 0.878125 0.071875 0.059375
2 0.628906 0.646875 0.051562 0.031250
4 0.437500 0.938281 0.106250 0.120313
5 0.724219 0.437500 0.035937 0.043750
4 0.639062 0.342969 0.034375 0.029687
5 0.920312 0.564063 0.050000 0.031250
4 0.560937 0.021875 0.025000 0.031250
4 0.456250 0.749219 0.025000 0.023438
4 0.867188 0.978125 0.031250 0.028125
4 0.723437 0.770312 0.025000 0.034375
4 0.715625 0.668750 0.028125 0.031250
4 0.591406 0.765625 0.051562 0.050000
