4 0.312500 0.708594 0.050000 0.095312
4 0.425781 0.560937 0.048438 0.065625
4 0.446875 0.701562 0.090625 0.118750
4 0.434375 0.662500 0.093750 0.100000
4 0.453125 0.593750 0.043750 0.037500
4 0.631250 0.499219 0.050000 0.070312
4 0.635156 0.578906 0.057813 0.060937
4 0.886719 0.739062 0.064062 0.046875
4 0.990625 0.503125 0.018750 0.140625
2 0.582812 0.005469 0.028125 0.010937
2 0.726562 0.229687 0.081250 0.075000
4 0.673438 0.142969 0.056250 0.089063
4 0.791406 0.218750 0.089063 0.206250
4 0.811719 0.100781 0.035937 0.051562
4 0.847656 0.117969 0.029687 0.064062
4 0.916406 0.123438 0.092188 0.115625
4 0.967969 0.150781 0.035937 0.057813
4 0.962500 0.267969 0.050000 0.070312
4 0.923438 0.320312 0.068750 0.112500
4 0.899219 0.281250 0.035937 0.037500
4 0.836719 0.257031 0.064062 0.095312
4 0.711719 0.350781 0.048438 0.092188
4 0.524219 0.977344 0.057813 0.045312
4 0.267969 0.992188 0.029687 0.015625
4 0.982031 0.932031 0.035937 0.085938
5 0.782813 0.890625 0.087500 0.053125
4 0.784375 0.985156 0.046875 0.014063
4 0.704688 0.719531 0.081250 0.085938
4 0.512500 0.945312 0.075000 0.037500
5 0.551562 0.891406 0.015625 0.020313
