5 0.303906 0.582031 0.035937 0.032813
5 0.535937 0.525781 0.031250 0.029687
5 0.516406 0.532813 0.032813 0.043750
1 0.503125 0.542969 0.028125 0.039062
1 0.246094 0.486719 0.026562 0.026562
1 0.366406 0.302344 0.029687 0.035937
4 0.208594 0.486719 0.042188 0.048438
5 0.528906 0.442969 0.039062 0.029687
4 0.660156 0.403906 0.051562 0.067187
1 0.573438 0.475781 0.025000 0.032813
1 0.588281 0.582031 0.026562 0.039062
5 0.611719 0.560156 0.020313 0.026562
2 0.805469 0.610156 0.045312 0.032813
5 0.949219 0.552344 0.026562 0.026562
1 0.950781 0.723437 0.020313 0.025000
2 0.778125 0.796094 0.062500 0.026562
