5 0.560156 0.829688 0.045312 0.043750
5 0.424219 0.557813 0.032813 0.031250
5 0.407031 0.623437 0.026562 0.043750
5 0.369531 0.432031 0.026562 0.026562
5 0.464844 0.378125 0.017188 0.021875
5 0.480469 0.363281 0.035937 0.039062
5 0.513281 0.688281 0.035937 0.054688
5 0.597656 0.657031 0.048438 0.051562
5 0.616406 0.685156 0.051562 0.067187
5 0.562500 0.503906 0.025000 0.026562
5 0.551562 0.448437 0.025000 0.046875
5 0.536719 0.423438 0.045312 0.025000
5 0.509375 0.441406 0.025000 0.045312
2 0.507031 0.356250 0.042188 0.043750
2 0.586719 0.367188 0.035937 0.034375
4 0.540625 0.405469 0.040625 0.039062
1 0.575781 0.448437 0.032813 0.037500
1 0.595313 0.426563 0.025000 0.040625
1 0.617969 0.422656 0.032813 0.039062
1 0.583594 0.417187 0.026562 0.031250
1 0.602344 0.288281 0.020313 0.026562
1 0.428125 0.364844 0.021875 0.020313
1 0.565625 0.559375 0.034375 0.034375
1 0.571875 0.527344 0.025000 0.035937
1 0.728125 0.351562 0.025000 0.025000
1 0.735156 0.279687 0.023438 0.034375
1 0.837500 0.259375 0.021875 0.028125
1 0.847656 0.237500 0.023438 0.025000
5 0.685156 0.242188 0.017188 0.021875
5 0.636719 0.249219 0.020313 0.023438
2 0.748437 0.117969 0.025000 0.017188
2 0.251563 0.503906 0.081250 0.060937
4 0.379688 0.498437 0.040625 0.040625
1 0.386719 0.522656 0.026562 0.039062
