4 0.266406 0.131250 0.207813 0.193750
4 0.377344 0.073438 0.267188 0.146875
4 0.392969 0.228125 0.060937 0.084375
4 0.412500 0.163281 0.090625 0.120313
4 0.489063 0.195312 0.137500 0.125000
4 0.587500 0.201563 0.081250 0.081250
2 0.781250 0.091406 0.112500 0.117188
4 0.763281 0.089063 0.167187 0.128125
4 0.715625 0.164062 0.068750 0.075000
4 0.656250 0.275000 0.071875 0.068750
4 0.796875 0.361719 0.056250 0.039062
4 0.792969 0.278125 0.026562 0.031250
5 0.814063 0.336719 0.062500 0.051562
5 0.833594 0.141406 0.148438 0.142187
4 0.892969 0.346875 0.076563 0.087500
4 0.944531 0.392969 0.110937 0.089063
4 0.084375 0.023438 0.034375 0.046875
4 0.125781 0.255469 0.032813 0.026562
4 0.452344 0.614062 0.048438 0.043750
4 0.334375 0.551562 0.018750 0.018750
4 0.657813 0.618750 0.028125 0.021875
