4 0.622656 0.154688 0.257812 0.309375
4 0.713281 0.367188 0.204687 0.168750
4 0.957031 0.295312 0.079687 0.100000
4 0.899219 0.210156 0.085938 0.064062
4 0.479687 0.347656 0.118750 0.117188
4 0.580469 0.398438 0.064062 0.081250
4 0.695312 0.093750 0.025000 0.050000
4 0.663281 0.023438 0.060937 0.046875
4 0.405469 0.312500 0.070312 0.053125
4 0.269531 0.361719 0.070312 0.048438
2 0.212500 0.108594 0.100000 0.145313
4 0.241406 0.091406 0.167187 0.173437
4 0.285156 0.232031 0.057813 0.079687
4 0.247656 0.260156 0.048438 0.092188
4 0.157812 0.310937 0.021875 0.031250
5 0.146875 0.146875 0.140625 0.156250
4 0.402344 0.787500 0.048438 0.040625
4 0.546875 0.753125 0.021875 0.012500
4 0.170313 0.698438 0.028125 0.021875
4 0.840625 0.540625 0.028125 0.021875
5 0.954688 0.509375 0.037500 0.040625
4 0.089063 0.374219 0.059375 0.029687
5 0.097656 0.333594 0.073438 0.051562
4 0.009375 0.308594 0.018750 0.032813
4 0.010937 0.346094 0.021875 0.023438
