5 0.648438 0.782031 0.096875 0.085938
5 0.585938 0.708594 0.071875 0.064062
4 0.335938 0.450000 0.053125 0.075000
4 0.628125 0.519531 0.084375 0.064062
4 0.597656 0.608594 0.089063 0.079687
4 0.771094 0.598437 0.092188 0.071875
4 0.689844 0.535156 0.085938 0.076563
4 0.896094 0.723437 0.070312 0.065625
4 0.835938 0.716406 0.062500 0.042188
2 0.191406 0.767969 0.064062 0.054688
5 0.228906 0.868750 0.064062 0.040625
4 0.642969 0.203906 0.060937 0.045312
4 0.589063 0.443750 0.050000 0.046875
5 0.300000 0.232813 0.225000 0.171875
5 0.953125 0.594531 0.093750 0.123438
5 0.435937 0.389844 0.050000 0.054688
