4 0.692969 0.700000 0.220312 0.256250
4 0.757031 0.787500 0.029687 0.043750
4 0.694531 0.767188 0.089063 0.106250
4 0.682031 0.838281 0.035937 0.057813
4 0.698438 0.952344 0.043750 0.039062
4 0.968750 0.629687 0.062500 0.121875
4 0.751563 0.494531 0.128125 0.170313
4 0.910937 0.169531 0.078125 0.107813
4 0.626563 0.408594 0.131250 0.129688
4 0.638281 0.539844 0.101562 0.110937
4 0.575000 0.103906 0.065625 0.076563
4 0.348438 0.125000 0.059375 0.106250
5 0.438281 0.407813 0.035937 0.031250
5 0.475781 0.364844 0.057813 0.067187
4 0.923438 0.863281 0.059375 0.073438
4 0.967187 0.785156 0.065625 0.132812
4 0.810937 0.627344 0.081250 0.148438
4 0.825781 0.747656 0.082812 0.120313
4 0.672656 0.939063 0.054688 0.068750
4 0.412500 0.614062 0.090625 0.128125
4 0.582031 0.902344 0.104688 0.135937
4 0.753906 0.930469 0.042188 0.057813
4 0.485938 0.535156 0.059375 0.101562
4 0.892188 0.651563 0.087500 0.068750
4 0.535156 0.422656 0.114062 0.123438
4 0.375781 0.516406 0.051562 0.051562
4 0.338281 0.375781 0.029687 0.051562
4 0.435937 0.534375 0.043750 0.065625
4 0.561719 0.702344 0.098437 0.129688
4 0.453906 0.714844 0.082812 0.114062
4 0.506250 0.285938 0.028125 0.034375
4 0.382031 0.460938 0.023438 0.031250
4 0.507031 0.296094 0.123438 0.126562
4 0.442969 0.191406 0.126562 0.170313
4 0.426563 0.359375 0.081250 0.096875
