2 0.039062 0.780469 0.046875 0.089063
4 0.420312 0.725000 0.071875 0.081250
5 0.447656 0.751563 0.029687 0.062500
1 0.239844 0.535937 0.054688 0.040625
1 0.247656 0.473438 0.042188 0.040625
4 0.391406 0.412500 0.076563 0.062500
1 0.071875 0.126562 0.018750 0.021875
5 0.077344 0.095312 0.020313 0.040625
5 0.162500 0.144531 0.028125 0.020313
1 0.291406 0.254688 0.042188 0.031250
1 0.342187 0.022656 0.046875 0.029687
5 0.531250 0.076563 0.056250 0.050000
5 0.572656 0.033594 0.082812 0.042188
5 0.696094 0.173437 0.098437 0.050000
5 0.841406 0.228125 0.095312 0.068750
5 0.485938 0.361719 0.078125 0.048438
1 0.446875 0.381250 0.037500 0.028125
5 0.958594 0.611719 0.070312 0.092188
5 0.992969 0.518750 0.014063 0.062500
