1 0.550000 0.985938 0.034375 0.028125
1 0.685937 0.836719 0.046875 0.035937
1 0.515625 0.682031 0.034375 0.023438
1 0.460938 0.614062 0.040625 0.021875
1 0.562500 0.614062 0.034375 0.021875
1 0.331250 0.225000 0.031250 0.015625
1 0.125000 0.044531 0.021875 0.014063
5 0.051562 0.353125 0.012500 0.012500
5 0.517969 0.255469 0.029687 0.014063
2 0.229687 0.385156 0.031250 0.057813
2 0.453906 0.373437 0.035937 0.043750
4 0.643750 0.517969 0.050000 0.048438
5 0.496875 0.564844 0.021875 0.020313
5 0.595313 0.650000 0.025000 0.037500
5 0.529687 0.648438 0.028125 0.034375
