3 0.809375 0.718750 0.031250 0.040625
5 0.460938 0.508594 0.062500 0.057813
4 0.404687 0.802344 0.100000 0.135937
4 0.426563 0.641406 0.025000 0.045312
4 0.342969 0.281250 0.060937 0.071875
4 0.212500 0.039844 0.037500 0.042188
4 0.232031 0.025781 0.029687 0.017188
4 0.187500 0.218750 0.081250 0.143750
5 0.064062 0.218750 0.062500 0.143750
4 0.050781 0.064844 0.073438 0.073438
4 0.008594 0.101562 0.017188 0.021875
4 0.012500 0.342969 0.025000 0.032813
5 0.328125 0.147656 0.018750 0.042188
4 0.246875 0.066406 0.103125 0.101562
3 0.160938 0.035156 0.062500 0.029687
4 0.155469 0.065625 0.014063 0.025000
