4 0.539062 0.360156 0.146875 0.067187
5 0.419531 0.402344 0.045312 0.039062
4 0.442188 0.511719 0.106250 0.051562
4 0.661719 0.378125 0.051562 0.021875
4 0.410156 0.950781 0.176563 0.098437
5 0.675000 0.835156 0.087500 0.107813
4 0.652344 0.745313 0.082812 0.046875
4 0.567969 0.714063 0.082812 0.046875
4 0.496094 0.747656 0.120313 0.070312
4 0.553125 0.764062 0.056250 0.053125
4 0.747656 0.921094 0.110937 0.085938
4 0.739062 0.860938 0.062500 0.056250
4 0.855469 0.856250 0.114062 0.103125
4 0.802344 0.954688 0.067187 0.056250
5 0.768750 0.980469 0.059375 0.010937
5 0.864062 0.711719 0.084375 0.064062
2 0.716406 0.711719 0.026562 0.029687
4 0.878125 0.936719 0.018750 0.045312
4 0.707812 0.762500 0.046875 0.053125
5 0.540625 0.813281 0.065625 0.051562
4 0.415625 0.794531 0.068750 0.054688
4 0.195312 0.828125 0.100000 0.075000
4 0.294531 0.838281 0.123438 0.082812
4 0.106250 0.695312 0.031250 0.034375
4 0.017969 0.417187 0.035937 0.056250
4 0.117969 0.607812 0.123438 0.046875
4 0.175000 0.652344 0.046875 0.020313
4 0.300781 0.671094 0.070312 0.051562
5 0.144531 0.684375 0.042188 0.037500
5 0.192188 0.596875 0.037500 0.031250
5 0.664844 0.765625 0.039062 0.037500
5 0.361719 0.651563 0.023438 0.018750
4 0.376563 0.716406 0.118750 0.107813
5 0.093750 0.643750 0.040625 0.021875
5 0.018750 0.638281 0.021875 0.020313
4 0.521875 0.571875 0.121875 0.078125
