5 0.327344 0.888281 0.117188 0.173437
5 0.560937 0.556250 0.134375 0.050000
5 0.710938 0.693750 0.103125 0.043750
5 0.503125 0.499219 0.059375 0.042188
4 0.185938 0.523438 0.075000 0.053125
4 0.396875 0.551562 0.046875 0.062500
4 0.303125 0.684375 0.081250 0.090625
4 0.440625 0.494531 0.053125 0.045312
4 0.486719 0.204687 0.035937 0.025000
4 0.476562 0.160938 0.062500 0.025000
4 0.514062 0.715625 0.125000 0.078125
4 0.353125 0.949219 0.040625 0.101562
4 0.422656 0.814844 0.007812 0.110937
3 0.941406 0.546094 0.117188 0.039062
4 0.621875 0.315625 0.037500 0.025000
4 0.406250 0.238281 0.071875 0.032813
5 0.317188 0.414062 0.031250 0.037500
5 0.248438 0.484375 0.071875 0.040625
5 0.264062 0.618750 0.078125 0.053125
5 0.501563 0.689844 0.062500 0.048438
5 0.455469 0.782031 0.045312 0.032813
5 0.401562 0.743750 0.053125 0.046875
5 0.421875 0.668750 0.025000 0.021875
5 0.068750 0.780469 0.103125 0.139063
5 0.987500 0.757812 0.025000 0.025000
5 0.379688 0.489063 0.018750 0.018750
5 0.312500 0.632812 0.050000 0.025000
5 0.525781 0.270313 0.026562 0.021875
4 0.226562 0.687500 0.062500 0.078125
5 0.326562 0.521875 0.068750 0.050000
5 0.250000 0.204687 0.046875 0.012500
