3 0.855469 0.750781 0.032813 0.045312
5 0.467969 0.541406 0.070312 0.064062
4 0.422656 0.863281 0.114062 0.151562
4 0.439844 0.687500 0.029687 0.050000
4 0.326562 0.302344 0.071875 0.082812
4 0.172656 0.055469 0.042188 0.039062
4 0.193750 0.038281 0.028125 0.010937
4 0.157031 0.244531 0.095312 0.157812
5 0.030469 0.250781 0.060937 0.157812
4 0.020313 0.089063 0.040625 0.071875
5 0.303906 0.159375 0.020313 0.046875
4 0.211719 0.081250 0.114062 0.109375
3 0.117969 0.051562 0.067187 0.025000
4 0.112500 0.082031 0.018750 0.026562
