4 0.659375 0.964063 0.146875 0.056250
4 0.912500 0.806250 0.090625 0.143750
4 0.968750 0.769531 0.062500 0.085938
4 0.841406 0.903125 0.101562 0.084375
4 0.847656 0.800781 0.051562 0.092188
4 0.782813 0.742969 0.125000 0.148438
4 0.699219 0.737500 0.089063 0.106250
4 0.737500 0.627344 0.034375 0.029687
5 0.707812 0.616406 0.106250 0.107813
4 0.632031 0.664844 0.070312 0.054688
4 0.681250 0.545312 0.115625 0.118750
4 0.742969 0.535937 0.114062 0.121875
5 0.767969 0.453906 0.060937 0.073438
4 0.716406 0.457031 0.060937 0.060937
4 0.647656 0.425781 0.095312 0.148438
5 0.614844 0.232031 0.117188 0.092188
4 0.368750 0.171875 0.109375 0.109375
4 0.452344 0.176563 0.039062 0.090625
4 0.350781 0.092969 0.117188 0.142187
5 0.294531 0.109375 0.045312 0.087500
4 0.449219 0.030469 0.051562 0.060937
4 0.336719 0.041406 0.067187 0.048438
2 0.561719 0.650000 0.035937 0.031250
4 0.720313 0.310156 0.125000 0.185938
4 0.182812 0.072656 0.034375 0.042188
5 0.534375 0.024219 0.043750 0.048438
5 0.463281 0.458594 0.039062 0.039062
