4 0.565625 0.135156 0.100000 0.164062
4 0.660937 0.099219 0.059375 0.079687
4 0.741406 0.193750 0.092188 0.096875
5 0.779687 0.671875 0.053125 0.062500
5 0.890625 0.772656 0.040625 0.054688
4 0.862500 0.655469 0.078125 0.107813
4 0.803125 0.817969 0.081250 0.104688
4 0.813281 0.710156 0.045312 0.060937
4 0.946094 0.634375 0.107813 0.128125
4 0.795312 0.632812 0.059375 0.059375
4 0.861719 0.560937 0.067187 0.065625
4 0.848437 0.728906 0.034375 0.029687
4 0.758594 0.951562 0.032813 0.025000
2 0.704688 0.657813 0.018750 0.034375
4 0.546094 0.272656 0.029687 0.032813
4 0.912500 0.429688 0.081250 0.103125
4 0.815625 0.482031 0.103125 0.095312
4 0.759375 0.410156 0.100000 0.079687
4 0.851562 0.386719 0.056250 0.064062
4 0.933594 0.264844 0.048438 0.039062
4 0.725000 0.639844 0.056250 0.067187
4 0.933594 0.140625 0.026562 0.043750
4 0.855469 0.758594 0.042188 0.032813
4 0.948438 0.349219 0.075000 0.073438
