4 0.042188 0.671094 0.084375 0.157812
4 0.460938 0.496094 0.268750 0.104688
4 0.689844 0.700000 0.110937 0.071875
4 0.568750 0.784375 0.093750 0.078125
4 0.531250 0.704688 0.031250 0.031250
4 0.499219 0.668750 0.139063 0.112500
4 0.438281 0.724219 0.101562 0.070312
4 0.758594 0.960156 0.229687 0.079687
4 0.623437 0.882031 0.268750 0.176563
4 0.585938 0.971094 0.143750 0.057813
4 0.737500 0.850781 0.081250 0.076563
4 0.728125 0.649219 0.034375 0.070312
4 0.735938 0.561719 0.156250 0.101562
4 0.327344 0.805469 0.089063 0.070312
4 0.403125 0.892969 0.068750 0.051562
4 0.483594 0.799219 0.032813 0.032813
4 0.270313 0.711719 0.112500 0.098437
2 0.301563 0.664062 0.046875 0.031250
4 0.346094 0.692969 0.039062 0.042188
5 0.115625 0.655469 0.128125 0.104688
4 0.160938 0.562500 0.153125 0.090625
4 0.021875 0.578125 0.043750 0.034375
4 0.433594 0.787500 0.032813 0.040625
