2 0.290625 0.064844 0.140625 0.082812
2 0.753125 0.024219 0.150000 0.048438
3 0.401562 0.475781 0.056250 0.082812
5 0.617969 0.643750 0.095312 0.081250
2 0.867188 0.892188 0.068750 0.065625
4 0.978125 0.578906 0.043750 0.123438
4 0.851562 0.686719 0.034375 0.045312
4 0.829688 0.399219 0.062500 0.098437
4 0.920312 0.405469 0.118750 0.135937
4 0.792969 0.615625 0.117188 0.168750
5 0.777344 0.853125 0.070312 0.096875
4 0.850781 0.178906 0.239063 0.357812
4 0.805469 0.274219 0.173437 0.164062
4 0.985156 0.622656 0.029687 0.057813
