5 0.397656 0.332813 0.026562 0.062500
5 0.380469 0.408594 0.032813 0.026562
5 0.491406 0.369531 0.017188 0.023438
5 0.511719 0.368750 0.029687 0.040625
5 0.528125 0.485156 0.034375 0.032813
5 0.542969 0.685156 0.045312 0.039062
5 0.551562 0.716406 0.046875 0.054688
5 0.445312 0.685937 0.031250 0.059375
5 0.442969 0.818750 0.039062 0.037500
5 0.535937 0.558594 0.021875 0.023438
5 0.548438 0.505469 0.021875 0.045312
5 0.546094 0.473438 0.045312 0.021875
2 0.252344 0.432812 0.073438 0.059375
4 0.372656 0.482031 0.039062 0.039062
1 0.374219 0.514844 0.023438 0.035937
5 0.364063 0.596094 0.021875 0.032813
2 0.541406 0.369531 0.042188 0.042188
2 0.620313 0.408594 0.034375 0.029687
4 0.562500 0.448437 0.037500 0.034375
1 0.576562 0.517188 0.031250 0.031250
1 0.599219 0.479687 0.029687 0.031250
1 0.602344 0.502344 0.020313 0.039062
1 0.632812 0.510938 0.031250 0.031250
1 0.542969 0.578125 0.023438 0.028125
1 0.650000 0.360156 0.015625 0.020313
1 0.537500 0.600000 0.031250 0.028125
1 0.781250 0.400781 0.018750 0.026562
1 0.757031 0.440625 0.023438 0.018750
1 0.882812 0.425000 0.021875 0.025000
1 0.901563 0.410156 0.018750 0.023438
2 0.853906 0.248438 0.023438 0.015625
5 0.743750 0.352344 0.012500 0.017188
5 0.693750 0.335938 0.018750 0.021875
1 0.464844 0.342969 0.017188 0.017188
