2 0.739062 0.418750 0.078125 0.056250
2 0.315625 0.436719 0.037500 0.039062
2 0.417187 0.387500 0.056250 0.050000
2 0.085938 0.255469 0.028125 0.023438
5 0.439063 0.471094 0.046875 0.042188
5 0.444531 0.505469 0.042188 0.048438
5 0.424219 0.721094 0.048438 0.082812
5 0.442188 0.678125 0.053125 0.034375
5 0.570312 0.810156 0.043750 0.048438
5 0.547656 0.692969 0.039062 0.067187
4 0.603125 0.453906 0.046875 0.039062
5 0.609375 0.415625 0.018750 0.034375
5 0.618750 0.596094 0.025000 0.042188
5 0.478125 0.386719 0.021875 0.026562
5 0.240625 0.346094 0.015625 0.029687
5 0.186719 0.378906 0.017188 0.026562
1 0.285938 0.378906 0.015625 0.026562
1 0.046875 0.465625 0.018750 0.028125
1 0.022656 0.446875 0.020313 0.031250
1 0.156250 0.442188 0.021875 0.028125
1 0.190625 0.478125 0.025000 0.025000
1 0.330469 0.532031 0.039062 0.042188
1 0.367969 0.517969 0.026562 0.042188
1 0.382031 0.494531 0.032813 0.023438
1 0.392969 0.522656 0.035937 0.032813
1 0.426563 0.592969 0.037500 0.039062
1 0.453906 0.550781 0.023438 0.039062
1 0.610938 0.492969 0.025000 0.048438
1 0.499219 0.367188 0.023438 0.018750
5 0.475781 0.523438 0.026562 0.028125
5 0.406250 0.457031 0.046875 0.035937
