5 0.669531 0.386719 0.085938 0.054688
4 0.382031 0.560937 0.054688 0.056250
2 0.359375 0.467969 0.075000 0.070312
2 0.250000 0.137500 0.056250 0.059375
2 0.457031 0.589063 0.057813 0.053125
2 0.486719 0.810156 0.067187 0.089063
1 0.735938 0.567187 0.050000 0.053125
1 0.584375 0.481250 0.050000 0.040625
1 0.710938 0.460156 0.056250 0.048438
1 0.694531 0.425781 0.073438 0.054688
1 0.381250 0.424219 0.043750 0.042188
1 0.475781 0.507031 0.042188 0.045312
1 0.522656 0.304688 0.051562 0.056250
1 0.500000 0.122656 0.071875 0.048438
1 0.490625 0.209375 0.056250 0.037500
5 0.430469 0.263281 0.051562 0.045312
5 0.293750 0.348438 0.037500 0.034375
