4 0.813281 0.450781 0.092188 0.048438
4 0.579688 0.660156 0.103125 0.067187
4 0.739844 0.700000 0.064062 0.084375
4 0.729688 0.589844 0.112500 0.120313
4 0.793750 0.635938 0.078125 0.050000
4 0.864062 0.617188 0.059375 0.062500
4 0.593750 0.463281 0.078125 0.073438
4 0.532031 0.368750 0.045312 0.065625
4 0.435937 0.378906 0.065625 0.135937
4 0.600781 0.875000 0.054688 0.046875
2 0.503906 0.882812 0.014063 0.031250
5 0.581250 0.915625 0.053125 0.059375
4 0.750781 0.914062 0.101562 0.112500
4 0.678125 0.823438 0.059375 0.059375
4 0.660156 0.906250 0.060937 0.084375
4 0.650000 0.968750 0.059375 0.062500
4 0.607031 0.960938 0.032813 0.021875
4 0.575781 0.957031 0.042188 0.054688
4 0.641406 0.735156 0.085938 0.092188
4 0.684375 0.650000 0.037500 0.056250
4 0.697656 0.508594 0.051562 0.045312
4 0.449219 0.265625 0.054688 0.084375
4 0.407813 0.499219 0.031250 0.029687
4 0.807813 0.092969 0.084375 0.157812
4 0.939844 0.936719 0.082812 0.126562
4 0.914062 0.745313 0.131250 0.128125
4 0.541406 0.890625 0.067187 0.090625
5 0.685156 0.974219 0.026562 0.026562
