5 0.550781 0.270313 0.064062 0.068750
4 0.426563 0.765625 0.096875 0.134375
4 0.930469 0.758594 0.064062 0.057813
4 0.729688 0.624219 0.109375 0.154688
4 0.946875 0.542969 0.031250 0.035937
4 0.900781 0.857031 0.101562 0.154688
4 0.809375 0.820312 0.084375 0.128125
3 0.667188 0.842969 0.115625 0.126562
3 0.641406 0.785156 0.035937 0.048438
4 0.559375 0.894531 0.050000 0.048438
4 0.580469 0.867969 0.035937 0.054688
4 0.618750 0.801562 0.028125 0.037500
4 0.803906 0.960156 0.042188 0.067187
4 0.775000 0.958594 0.028125 0.045312
4 0.724219 0.879687 0.026562 0.028125
4 0.686719 0.946094 0.054688 0.067187
5 0.571094 0.657031 0.026562 0.045312
5 0.850781 0.647656 0.079687 0.151562
4 0.713281 0.775000 0.023438 0.028125
4 0.632812 0.125000 0.028125 0.056250
