5 0.195312 0.011719 0.028125 0.023438
2 0.216406 0.073438 0.089063 0.050000
4 0.251563 0.459375 0.084375 0.075000
5 0.223438 0.485156 0.062500 0.032813
1 0.450781 0.289062 0.042188 0.056250
1 0.513281 0.300000 0.042188 0.043750
4 0.567187 0.446875 0.065625 0.078125
5 0.773438 0.098437 0.025000 0.021875
2 0.800000 0.108594 0.037500 0.023438
1 0.835156 0.109375 0.029687 0.025000
1 0.853906 0.115625 0.023438 0.025000
1 0.872656 0.136719 0.023438 0.026562
5 0.904687 0.138281 0.046875 0.042188
5 0.848437 0.231250 0.021875 0.028125
1 0.730469 0.353906 0.032813 0.042188
1 0.960938 0.416406 0.031250 0.048438
5 0.896094 0.606250 0.054688 0.059375
5 0.939063 0.649219 0.046875 0.082812
5 0.791406 0.764844 0.054688 0.098437
5 0.727344 0.908594 0.073438 0.098437
5 0.611719 0.545312 0.051562 0.081250
1 0.594531 0.503906 0.029687 0.039062
