4 0.822656 0.892188 0.201563 0.184375
4 0.717187 0.949219 0.262500 0.101562
4 0.682031 0.806250 0.057813 0.084375
4 0.667188 0.875781 0.084375 0.120313
4 0.584375 0.850000 0.134375 0.118750
4 0.481250 0.856250 0.078125 0.075000
2 0.295312 0.962500 0.103125 0.059375
4 0.314844 0.964063 0.164062 0.062500
4 0.353125 0.907813 0.065625 0.071875
4 0.404687 0.786719 0.068750 0.064062
4 0.247656 0.711719 0.054688 0.035937
4 0.261719 0.799219 0.023438 0.032813
5 0.232813 0.739062 0.059375 0.046875
5 0.234375 0.932031 0.143750 0.117188
4 0.150781 0.737500 0.073438 0.084375
4 0.073438 0.696094 0.146875 0.082812
4 0.954688 0.749219 0.031250 0.023438
4 0.576562 0.412500 0.046875 0.040625
4 0.707031 0.464844 0.020313 0.017188
4 0.364844 0.430469 0.026562 0.020313
