1 0.201563 0.898438 0.028125 0.043750
1 0.272656 0.735938 0.039062 0.050000
1 0.137500 0.789844 0.040625 0.048438
1 0.799219 0.425781 0.014063 0.017188
1 0.792969 0.392188 0.010937 0.015625
1 0.678906 0.285938 0.010937 0.012500
1 0.643750 0.570312 0.018750 0.021875
5 0.664062 0.746875 0.025000 0.028125
4 0.292187 0.928125 0.059375 0.071875
5 0.155469 0.828125 0.048438 0.046875
5 0.101562 0.938281 0.056250 0.029687
5 0.140625 0.814063 0.053125 0.056250
2 0.482812 0.496875 0.059375 0.037500
2 0.482031 0.709375 0.045312 0.043750
5 0.907813 0.439844 0.015625 0.020313
5 0.996875 0.377344 0.006250 0.010937
5 0.957031 0.328125 0.010937 0.009375
2 0.787500 0.263281 0.025000 0.007812
5 0.831250 0.439844 0.012500 0.007812
