4 0.253906 0.306250 0.057813 0.100000
4 0.389062 0.441406 0.053125 0.070312
4 0.390625 0.294531 0.100000 0.126562
4 0.382812 0.336719 0.103125 0.107813
4 0.412500 0.402344 0.046875 0.042188
4 0.605469 0.474219 0.054688 0.076563
4 0.597656 0.392188 0.064062 0.065625
4 0.832031 0.193750 0.067187 0.053125
4 0.978125 0.417969 0.043750 0.145313
2 0.630469 0.982812 0.029687 0.015625
2 0.742969 0.735156 0.089063 0.079687
4 0.700000 0.831250 0.062500 0.093750
4 0.809375 0.736719 0.106250 0.217188
4 0.848437 0.853906 0.040625 0.054688
4 0.881250 0.831250 0.034375 0.068750
4 0.950000 0.815625 0.100000 0.125000
4 0.989062 0.778906 0.021875 0.060937
4 0.973437 0.661719 0.053125 0.076563
4 0.929688 0.614062 0.078125 0.118750
4 0.909375 0.657813 0.037500 0.040625
4 0.851562 0.690625 0.071875 0.103125
4 0.709375 0.612500 0.056250 0.096875
4 0.430469 0.014844 0.060937 0.026562
4 0.916406 0.013281 0.070312 0.026562
5 0.705469 0.055469 0.092188 0.060937
4 0.649219 0.239844 0.089063 0.092188
4 0.423438 0.037500 0.078125 0.043750
5 0.467969 0.085156 0.017188 0.023438
