5 0.387500 0.525000 0.018750 0.025000
5 0.483594 0.501563 0.026562 0.028125
5 0.569531 0.535937 0.026562 0.031250
5 0.641406 0.436719 0.020313 0.035937
5 0.725000 0.469531 0.034375 0.048438
5 0.765625 0.446094 0.037500 0.073438
5 0.717187 0.521094 0.037500 0.067187
5 0.695312 0.497656 0.046875 0.032813
5 0.655469 0.399219 0.026562 0.026562
5 0.446875 0.972656 0.021875 0.014063
1 0.460156 0.933594 0.020313 0.023438
1 0.432812 0.942969 0.025000 0.017188
2 0.417187 0.871094 0.018750 0.039062
5 0.515625 0.830469 0.025000 0.017188
1 0.513281 0.787500 0.026562 0.025000
1 0.499219 0.759375 0.023438 0.028125
5 0.490625 0.728906 0.031250 0.039062
1 0.505469 0.700000 0.035937 0.018750
1 0.592187 0.675000 0.034375 0.021875
4 0.486719 0.769531 0.029687 0.026562
1 0.476562 0.591406 0.021875 0.029687
1 0.458594 0.596094 0.023438 0.026562
1 0.321094 0.547656 0.017188 0.017188
4 0.603906 0.363281 0.026562 0.045312
2 0.499219 0.375781 0.039062 0.042188
2 0.503125 0.258594 0.040625 0.060937
5 0.507031 0.336719 0.020313 0.020313
1 0.384375 0.372656 0.018750 0.020313
5 0.980469 0.432812 0.035937 0.046875
