4 0.175000 0.174219 0.050000 0.039062
4 0.181250 0.847656 0.103125 0.154688
4 0.264844 0.800000 0.060937 0.093750
4 0.039844 0.235156 0.048438 0.070312
4 0.475000 0.349219 0.046875 0.064062
3 0.695312 0.010156 0.028125 0.020313
5 0.700000 0.032813 0.018750 0.034375
5 0.680469 0.528906 0.020313 0.054688
4 0.628906 0.439063 0.048438 0.084375
4 0.663281 0.196094 0.029687 0.073438
4 0.642969 0.207813 0.076563 0.175000
4 0.675781 0.154688 0.023438 0.037500
4 0.730469 0.181250 0.035937 0.078125
4 0.769531 0.454688 0.032813 0.075000
