4 0.625000 0.217188 0.071875 0.215625
4 0.409375 0.324219 0.071875 0.073438
5 0.365625 0.382812 0.012500 0.018750
5 0.142969 0.359375 0.092188 0.037500
5 0.097656 0.071875 0.114062 0.050000
5 0.225781 0.390625 0.032813 0.034375
4 0.575781 0.354687 0.020313 0.037500
4 0.607031 0.464844 0.017188 0.035937
5 0.591406 0.487500 0.023438 0.025000
4 0.556250 0.570312 0.043750 0.100000
4 0.433594 0.581250 0.092188 0.137500
4 0.401562 0.667969 0.043750 0.035937
5 0.422656 0.705469 0.045312 0.064062
5 0.549219 0.682031 0.020313 0.032813
4 0.215625 0.667188 0.056250 0.071875
4 0.201563 0.746875 0.053125 0.075000
5 0.060156 0.625781 0.051562 0.060937
4 0.079687 0.882812 0.059375 0.106250
4 0.002344 0.944531 0.004687 0.076563
2 0.035937 0.975000 0.071875 0.018750
4 0.184375 0.518750 0.071875 0.084375
4 0.020313 0.474219 0.040625 0.048438
