4 0.679688 0.128906 0.137500 0.235937
4 0.615625 0.260156 0.071875 0.107813
4 0.558594 0.211719 0.117188 0.160938
4 0.490625 0.075781 0.218750 0.151562
4 0.486719 0.243750 0.098437 0.159375
4 0.405469 0.290625 0.079687 0.121875
4 0.123438 0.207813 0.218750 0.200000
2 0.146094 0.186719 0.164062 0.132812
4 0.228906 0.297656 0.076563 0.082812
4 0.222656 0.385156 0.110937 0.073438
5 0.092188 0.409375 0.184375 0.206250
4 0.242188 0.482812 0.043750 0.043750
4 0.432031 0.407813 0.095312 0.075000
4 0.364063 0.628125 0.075000 0.075000
4 0.220312 0.681250 0.106250 0.106250
4 0.183594 0.823438 0.232813 0.181250
5 0.277344 0.581250 0.076563 0.087500
4 0.423438 0.585156 0.018750 0.026562
5 0.182812 0.436719 0.018750 0.017188
4 0.943750 0.860156 0.053125 0.089063
4 0.976562 0.659375 0.018750 0.031250
4 0.825781 0.191406 0.017188 0.026562
4 0.858594 0.132031 0.032813 0.042188
