5 0.492188 0.667969 0.087500 0.073438
4 0.371094 0.736719 0.095312 0.110937
2 0.302344 0.170313 0.060937 0.068750
5 0.100781 0.089844 0.048438 0.032813
4 0.744531 0.747656 0.107813 0.107813
4 0.804688 0.809375 0.096875 0.115625
4 0.846875 0.524219 0.043750 0.064062
4 0.946094 0.520312 0.029687 0.040625
4 0.527344 0.776563 0.067187 0.071875
4 0.422656 0.852344 0.070312 0.057813
4 0.366406 0.852344 0.060937 0.045312
5 0.457813 0.894531 0.084375 0.079687
4 0.788281 0.456250 0.076563 0.071875
4 0.960938 0.433594 0.046875 0.051562
5 0.900000 0.157812 0.059375 0.062500
5 0.638281 0.015625 0.107813 0.025000
4 0.539844 0.607031 0.107813 0.092188
4 0.537500 0.854688 0.062500 0.053125
