3 0.758594 0.786719 0.070312 0.032813
4 0.648438 0.653125 0.090625 0.084375
4 0.566406 0.632812 0.076563 0.068750
5 0.646875 0.439063 0.112500 0.071875
4 0.497656 0.132812 0.110937 0.118750
4 0.414062 0.240625 0.162500 0.146875
4 0.504687 0.017969 0.215625 0.035937
4 0.055469 0.183594 0.095312 0.189062
4 0.224219 0.211719 0.210938 0.151562
5 0.221094 0.071875 0.079687 0.068750
5 0.108594 0.022656 0.092188 0.045312
5 0.426563 0.066406 0.050000 0.045312
2 0.350781 0.049219 0.114062 0.098437
2 0.442969 0.099219 0.051562 0.029687
2 0.117969 0.153906 0.045312 0.035937
