4 0.287500 0.781250 0.165625 0.103125
4 0.369531 0.960156 0.070312 0.070312
4 0.321875 0.863281 0.037500 0.082812
4 0.177344 0.645312 0.110937 0.084375
4 0.064844 0.634375 0.060937 0.062500
4 0.445312 0.504687 0.062500 0.046875
4 0.392188 0.400781 0.075000 0.045312
4 0.123438 0.321094 0.043750 0.026562
4 0.131250 0.149219 0.071875 0.048438
5 0.796875 0.621875 0.046875 0.059375
4 0.999219 0.444531 0.001563 0.042188
4 0.813281 0.062500 0.107813 0.031250
4 0.504687 0.521094 0.065625 0.082812
5 0.329688 0.282813 0.050000 0.040625
