5 0.917969 0.441406 0.026562 0.048438
5 0.819531 0.360156 0.026562 0.032813
5 0.706250 0.549219 0.053125 0.035937
5 0.464844 0.124219 0.020313 0.014063
2 0.517188 0.039062 0.037500 0.012500
2 0.459375 0.325000 0.046875 0.040625
1 0.534375 0.055469 0.015625 0.007812
1 0.682813 0.403125 0.025000 0.034375
1 0.633594 0.628125 0.029687 0.050000
1 0.494531 0.726562 0.035937 0.053125
1 0.343750 0.695312 0.040625 0.040625
5 0.835938 0.402344 0.018750 0.026562
2 0.522656 0.614844 0.051562 0.051562
4 0.381250 0.740625 0.062500 0.037500
4 0.672656 0.690625 0.048438 0.075000
