3 0.258594 0.165625 0.029687 0.053125
5 0.517969 0.259375 0.057813 0.062500
4 0.552344 0.292969 0.101562 0.104688
4 0.802344 0.482031 0.082812 0.095312
4 0.791406 0.543750 0.048438 0.062500
4 0.769531 0.686719 0.048438 0.054688
4 0.789062 0.640625 0.043750 0.050000
3 0.843750 0.692187 0.134375 0.187500
4 0.959375 0.629687 0.043750 0.025000
5 0.917969 0.778906 0.051562 0.064062
4 0.868750 0.899219 0.050000 0.064062
4 0.893750 0.860938 0.050000 0.028125
4 0.799219 0.960938 0.214062 0.078125
4 0.778125 0.908594 0.093750 0.064062
5 0.704688 0.948438 0.084375 0.103125
4 0.816406 0.880469 0.029687 0.035937
4 0.640625 0.750000 0.103125 0.134375
4 0.504687 0.630469 0.062500 0.048438
4 0.341406 0.743750 0.032813 0.031250
4 0.750781 0.581250 0.101562 0.162500
5 0.667969 0.534375 0.042188 0.059375
