4 0.166406 0.707812 0.314063 0.300000
4 0.379688 0.763281 0.200000 0.229687
4 0.348438 0.987500 0.106250 0.025000
4 0.253125 0.964844 0.078125 0.070312
4 0.317969 0.531250 0.135937 0.137500
4 0.387500 0.624219 0.090625 0.076563
4 0.100000 0.792969 0.056250 0.032813
4 0.270313 0.461719 0.062500 0.076563
4 0.294531 0.316406 0.060937 0.076563
2 0.054688 0.302344 0.109375 0.120313
4 0.057813 0.332813 0.115625 0.187500
4 0.167187 0.355469 0.087500 0.070312
4 0.187500 0.313281 0.100000 0.060937
4 0.223438 0.210938 0.034375 0.028125
5 0.071875 0.230469 0.143750 0.164062
4 0.749219 0.373437 0.048438 0.056250
4 0.739844 0.525000 0.017188 0.025000
4 0.617969 0.156250 0.026562 0.031250
4 0.577344 0.860938 0.026562 0.031250
5 0.565625 0.978125 0.046875 0.040625
4 0.276562 0.131250 0.037500 0.065625
5 0.235156 0.146875 0.064062 0.081250
4 0.194531 0.057031 0.039062 0.032813
4 0.232813 0.057813 0.028125 0.028125
