1 0.460938 0.296875 0.034375 0.037500
5 0.427344 0.380469 0.051562 0.042188
2 0.414062 0.314063 0.059375 0.056250
2 0.330469 0.287500 0.048438 0.050000
2 0.380469 0.145313 0.029687 0.037500
3 0.337500 0.470313 0.071875 0.053125
3 0.450000 0.346094 0.071875 0.032813
3 0.478906 0.524219 0.032813 0.054688
3 0.441406 0.462500 0.035937 0.056250
5 0.490625 0.383594 0.018750 0.026562
5 0.546094 0.203125 0.023438 0.028125
5 0.588281 0.292969 0.029687 0.035937
4 0.604688 0.493750 0.021875 0.028125
3 0.283594 0.609375 0.032813 0.037500
3 0.467969 0.606250 0.057813 0.050000
3 0.455469 0.649219 0.026562 0.035937
1 0.521094 0.789062 0.020313 0.015625
