4 0.286719 0.504687 0.220312 0.196875
4 0.103125 0.661719 0.087500 0.070312
4 0.043750 0.565625 0.087500 0.140625
4 0.375000 0.716406 0.290625 0.339062
4 0.303125 0.906250 0.165625 0.156250
4 0.534375 0.546094 0.128125 0.120313
4 0.443750 0.550781 0.112500 0.126562
4 0.438281 0.473438 0.076563 0.093750
4 0.718750 0.540625 0.081250 0.065625
4 0.619531 0.586719 0.082812 0.076563
4 0.752344 0.653125 0.120313 0.125000
4 0.764844 0.794531 0.192188 0.185938
2 0.782813 0.782813 0.121875 0.150000
4 0.894531 0.523438 0.060937 0.037500
4 0.970313 0.582031 0.059375 0.095312
5 0.859375 0.752344 0.153125 0.139063
4 0.854688 0.595313 0.028125 0.031250
4 0.176563 0.314844 0.031250 0.026562
4 0.618750 0.108594 0.053125 0.045312
4 0.477344 0.122656 0.023438 0.020313
4 0.832812 0.204687 0.031250 0.025000
5 0.896094 0.556250 0.076563 0.059375
