1 0.582812 0.691406 0.031250 0.032813
5 0.657813 0.758594 0.031250 0.045312
5 0.687500 0.742969 0.025000 0.029687
5 0.693750 0.639062 0.040625 0.037500
4 0.647656 0.456250 0.023438 0.028125
3 0.533594 0.479687 0.051562 0.043750
5 0.527344 0.617188 0.045312 0.046875
3 0.584375 0.596094 0.025000 0.029687
3 0.553125 0.689063 0.071875 0.071875
3 0.285156 0.530469 0.032813 0.039062
3 0.439844 0.400781 0.035937 0.042188
2 0.403906 0.603906 0.076563 0.057813
2 0.512500 0.692187 0.056250 0.056250
2 0.459375 0.724219 0.046875 0.051562
2 0.550781 0.893750 0.035937 0.040625
3 0.499219 0.559375 0.042188 0.043750
4 0.442188 0.447656 0.068750 0.057813
1 0.435937 0.239844 0.025000 0.020313
