4 0.358594 0.542188 0.076563 0.153125
5 0.407031 0.423438 0.042188 0.046875
4 0.517969 0.453906 0.057813 0.110937
4 0.371875 0.667969 0.025000 0.051562
4 0.955469 0.442188 0.089063 0.184375
5 0.833594 0.707031 0.114062 0.095312
4 0.742969 0.678906 0.051562 0.085938
4 0.716406 0.591406 0.051562 0.085938
4 0.753125 0.521094 0.078125 0.123438
4 0.767188 0.578125 0.056250 0.059375
4 0.917969 0.785937 0.092188 0.118750
4 0.856250 0.772656 0.059375 0.067187
4 0.846875 0.889844 0.109375 0.120313
4 0.941406 0.839844 0.048438 0.070312
5 0.698438 0.892188 0.068750 0.090625
2 0.706250 0.742188 0.031250 0.028125
4 0.925781 0.918750 0.045312 0.021875
4 0.759375 0.736719 0.056250 0.051562
5 0.818750 0.567969 0.056250 0.067187
4 0.806250 0.441406 0.059375 0.073438
4 0.851562 0.219531 0.081250 0.104688
4 0.858594 0.321094 0.089063 0.126562
4 0.721094 0.121875 0.035937 0.034375
4 0.443750 0.017969 0.059375 0.035937
4 0.633594 0.128906 0.054688 0.126562
4 0.675000 0.189844 0.025000 0.048438
4 0.686719 0.317969 0.054688 0.073438
5 0.708594 0.159375 0.039062 0.043750
5 0.616406 0.204687 0.032813 0.040625
5 0.765625 0.692969 0.040625 0.042188
5 0.664062 0.378906 0.021875 0.023438
4 0.728125 0.396875 0.115625 0.125000
5 0.669531 0.108594 0.023438 0.042188
5 0.668750 0.028906 0.021875 0.023438
4 0.575781 0.536719 0.085938 0.126562
