5 0.577344 0.911719 0.045312 0.042188
5 0.528906 0.697656 0.054688 0.048438
5 0.546875 0.605469 0.031250 0.054688
5 0.567969 0.575000 0.029687 0.040625
4 0.614844 0.535937 0.045312 0.037500
2 0.578125 0.396094 0.040625 0.048438
5 0.607812 0.402344 0.021875 0.026562
2 0.692969 0.428906 0.064062 0.048438
1 0.570312 0.340625 0.021875 0.015625
1 0.434375 0.477344 0.028125 0.029687
1 0.335156 0.464062 0.026562 0.028125
1 0.324219 0.366406 0.023438 0.023438
1 0.261719 0.449219 0.029687 0.023438
1 0.244531 0.439844 0.020313 0.029687
1 0.089844 0.389844 0.026562 0.026562
1 0.096094 0.430469 0.029687 0.023438
1 0.292187 0.354687 0.025000 0.015625
5 0.096875 0.400781 0.018750 0.014063
2 0.163281 0.372656 0.032813 0.026562
5 0.148438 0.507031 0.015625 0.026562
5 0.254688 0.400000 0.028125 0.050000
4 0.228906 0.409375 0.042188 0.043750
1 0.256250 0.427344 0.018750 0.017188
1 0.462500 0.273438 0.012500 0.012500
5 0.466406 0.334375 0.020313 0.021875
5 0.460156 0.382031 0.020313 0.023438
5 0.407031 0.403906 0.023438 0.020313
5 0.401562 0.409375 0.025000 0.021875
5 0.421875 0.464844 0.037500 0.014063
5 0.475000 0.453906 0.034375 0.023438
5 0.533594 0.502344 0.017188 0.020313
