3 0.128906 0.132812 0.032813 0.053125
5 0.389062 0.216406 0.059375 0.070312
4 0.419531 0.275000 0.095312 0.109375
4 0.964844 0.094531 0.070312 0.064062
3 0.743750 0.635156 0.121875 0.182812
4 0.528125 0.705469 0.103125 0.132812
4 0.382812 0.593750 0.075000 0.059375
4 0.684375 0.432031 0.075000 0.089063
4 0.678125 0.591406 0.043750 0.045312
4 0.661719 0.632031 0.042188 0.048438
4 0.678125 0.859375 0.090625 0.075000
4 0.765625 0.842969 0.043750 0.067187
4 0.863281 0.824219 0.032813 0.039062
4 0.889844 0.647656 0.060937 0.057813
5 0.824219 0.721875 0.045312 0.056250
5 0.631250 0.525781 0.100000 0.170313
5 0.550000 0.494531 0.037500 0.048438
4 0.737500 0.915625 0.268750 0.168750
4 0.914844 0.862500 0.076563 0.078125
5 0.593750 0.907813 0.081250 0.134375
4 0.789062 0.801562 0.046875 0.031250
4 0.858594 0.565625 0.045312 0.018750
4 0.218750 0.718750 0.028125 0.028125
