5 0.785156 0.395313 0.029687 0.025000
5 0.838281 0.279687 0.032813 0.050000
5 0.858594 0.357031 0.020313 0.032813
5 0.253125 0.268750 0.050000 0.031250
5 0.439844 0.780469 0.010937 0.010937
5 0.964063 0.932031 0.009375 0.010937
2 0.480469 0.875000 0.032813 0.012500
1 0.503125 0.850781 0.015625 0.010937
1 0.614844 0.419531 0.023438 0.029687
1 0.581250 0.210156 0.028125 0.054688
4 0.610938 0.213281 0.037500 0.032813
2 0.453906 0.296094 0.057813 0.048438
1 0.403125 0.188281 0.031250 0.054688
4 0.326562 0.203906 0.056250 0.042188
1 0.274219 0.253906 0.042188 0.045312
2 0.415625 0.572656 0.040625 0.048438
