2 0.389844 0.313281 0.045312 0.039062
2 0.417187 0.439844 0.034375 0.032813
2 0.775781 0.276562 0.054688 0.059375
5 0.516406 0.342187 0.029687 0.040625
5 0.496875 0.323437 0.018750 0.040625
5 0.739062 0.286719 0.065625 0.051562
5 0.805469 0.286719 0.067187 0.042188
5 0.750781 0.199219 0.067187 0.042188
5 0.488281 0.268750 0.035937 0.018750
5 0.460938 0.172656 0.028125 0.029687
5 0.651563 0.096094 0.034375 0.029687
5 0.530469 0.228125 0.035937 0.031250
5 0.417969 0.260156 0.020313 0.017188
5 0.407813 0.290625 0.037500 0.031250
5 0.325000 0.514062 0.018750 0.018750
5 0.332813 0.482812 0.018750 0.018750
2 0.207031 0.621094 0.014063 0.017188
1 0.343750 0.656250 0.021875 0.015625
1 0.368750 0.654687 0.018750 0.012500
1 0.367969 0.578906 0.023438 0.017188
1 0.432812 0.551562 0.025000 0.021875
1 0.348438 0.448437 0.018750 0.015625
1 0.500000 0.432031 0.028125 0.017188
1 0.514062 0.446094 0.031250 0.020313
1 0.499219 0.382812 0.029687 0.021875
1 0.534375 0.372656 0.040625 0.023438
1 0.618750 0.315625 0.043750 0.031250
1 0.599219 0.366406 0.029687 0.023438
1 0.350000 0.222656 0.021875 0.014063
1 0.541406 0.137500 0.042188 0.034375
5 0.563281 0.385156 0.029687 0.020313
4 0.469531 0.376563 0.048438 0.037500
4 0.544531 0.108594 0.054688 0.054688
5 0.940625 0.239063 0.043750 0.046875
