1 0.369531 0.400781 0.029687 0.029687
1 0.117188 0.659375 0.062500 0.043750
1 0.166406 0.494531 0.057813 0.039062
1 0.230469 0.772656 0.054688 0.042188
5 0.259375 0.780469 0.046875 0.057813
5 0.232031 0.208594 0.048438 0.032813
5 0.331250 0.238281 0.028125 0.020313
5 0.306250 0.215625 0.028125 0.021875
5 0.725781 0.339844 0.057813 0.045312
5 0.724219 0.495312 0.017188 0.015625
2 0.794531 0.430469 0.020313 0.035937
1 0.768750 0.419531 0.012500 0.017188
2 0.544531 0.561719 0.054688 0.051562
2 0.259375 0.589844 0.062500 0.060937
4 0.116406 0.478125 0.079687 0.059375
4 0.150000 0.749219 0.068750 0.064062
