4 0.595313 0.269531 0.200000 0.239063
4 0.627344 0.168750 0.026562 0.043750
4 0.575781 0.207813 0.079687 0.100000
4 0.541406 0.144531 0.029687 0.054688
4 0.518750 0.025781 0.043750 0.051562
5 0.949219 0.088281 0.017188 0.060937
4 0.911719 0.235156 0.129688 0.117188
4 0.716406 0.441406 0.114062 0.160938
4 0.965625 0.689844 0.068750 0.104688
4 0.628125 0.560156 0.121875 0.120313
4 0.596094 0.434375 0.092188 0.103125
4 0.677344 0.858594 0.057813 0.070312
4 0.460156 0.911719 0.048438 0.101562
5 0.451562 0.621875 0.034375 0.028125
5 0.500000 0.650000 0.053125 0.062500
5 0.994531 0.763281 0.010937 0.098437
4 0.757031 0.044531 0.054688 0.070312
4 0.845313 0.094531 0.103125 0.123438
4 0.728125 0.300000 0.068750 0.143750
4 0.703125 0.182031 0.071875 0.114062
4 0.501563 0.055469 0.050000 0.064062
4 0.505469 0.003125 0.035937 0.006250
4 0.362500 0.439844 0.078125 0.120313
4 0.428906 0.118750 0.092188 0.128125
4 0.576562 0.032031 0.037500 0.064062
4 0.455469 0.488281 0.051562 0.098437
4 0.795312 0.250781 0.084375 0.060937
4 0.537500 0.577344 0.103125 0.114062
4 0.360156 0.541406 0.048438 0.048438
4 0.370312 0.683594 0.025000 0.048438
4 0.411719 0.504687 0.035937 0.062500
4 0.472656 0.308594 0.089063 0.123438
4 0.368750 0.331250 0.075000 0.106250
4 0.554688 0.710156 0.025000 0.032813
4 0.382812 0.589844 0.018750 0.029687
4 0.552344 0.702344 0.114062 0.117188
4 0.525781 0.821094 0.110937 0.160938
4 0.457813 0.669531 0.075000 0.089063
