4 0.052344 0.242188 0.060937 0.075000
4 0.311719 0.092969 0.123438 0.139063
4 0.491406 0.346875 0.089063 0.096875
4 0.809375 0.029687 0.043750 0.059375
4 0.787500 0.395313 0.053125 0.081250
4 0.657813 0.477344 0.075000 0.070312
4 0.700781 0.529687 0.110937 0.087500
4 0.398438 0.474219 0.100000 0.107813
4 0.371094 0.574219 0.139063 0.182812
4 0.376563 0.803906 0.106250 0.098437
4 0.507812 0.671094 0.153125 0.276562
4 0.665625 0.706250 0.218750 0.212500
5 0.625000 0.868750 0.234375 0.215625
4 0.864062 0.029687 0.056250 0.053125
