5 0.684375 0.529687 0.087500 0.056250
4 0.342969 0.511719 0.057813 0.057813
2 0.367188 0.606250 0.075000 0.071875
2 0.427344 0.957031 0.057813 0.060937
2 0.395313 0.450781 0.059375 0.054688
2 0.317188 0.235937 0.068750 0.090625
1 0.659375 0.335156 0.050000 0.054688
1 0.562500 0.485938 0.050000 0.040625
1 0.686719 0.444531 0.057813 0.048438
1 0.689063 0.483594 0.075000 0.057813
1 0.407031 0.635938 0.045312 0.043750
1 0.453125 0.514844 0.043750 0.045312
1 0.591406 0.675781 0.051562 0.057813
1 0.657813 0.850000 0.075000 0.050000
1 0.608594 0.776563 0.057813 0.037500
5 0.528125 0.757812 0.053125 0.046875
5 0.364063 0.745313 0.037500 0.034375
