2 0.624219 0.566406 0.064062 0.060937
2 0.389062 0.489844 0.059375 0.051562
1 0.208594 0.489063 0.067187 0.043750
1 0.375000 0.367969 0.062500 0.032813
1 0.542188 0.343750 0.034375 0.028125
5 0.500781 0.085938 0.042188 0.028125
5 0.577344 0.191406 0.032813 0.029687
5 0.544531 0.167969 0.029687 0.017188
5 0.443750 0.296875 0.028125 0.043750
4 0.289844 0.321875 0.092188 0.050000
2 0.915625 0.522656 0.021875 0.039062
1 0.898438 0.502344 0.012500 0.017188
5 0.820312 0.564844 0.015625 0.020313
5 0.360938 0.666406 0.040625 0.064062
5 0.294531 0.673438 0.054688 0.068750
1 0.279687 0.650781 0.056250 0.045312
4 0.203125 0.600781 0.065625 0.067187
