5 0.454688 0.576562 0.140625 0.075000
4 0.185156 0.554688 0.082812 0.071875
4 0.447656 0.921875 0.235937 0.156250
4 0.618750 0.948438 0.193750 0.103125
4 0.258594 0.899219 0.107813 0.085938
5 0.371875 0.556250 0.065625 0.050000
5 0.923438 0.493750 0.084375 0.043750
5 0.387500 0.783594 0.046875 0.032813
5 0.060937 0.556250 0.084375 0.062500
1 0.411719 0.289844 0.023438 0.020313
3 0.523438 0.360938 0.078125 0.043750
3 0.982812 0.617969 0.018750 0.057813
2 0.965625 0.446875 0.068750 0.050000
4 0.525000 0.300781 0.053125 0.035937
4 0.521094 0.242969 0.032813 0.023438
4 0.288281 0.250781 0.054688 0.020313
4 0.235937 0.282813 0.065625 0.040625
4 0.281250 0.634375 0.062500 0.065625
4 0.313281 0.498437 0.064062 0.046875
4 0.351562 0.628906 0.071875 0.085938
4 0.383594 0.614062 0.060937 0.046875
4 0.303125 0.605469 0.071875 0.067187
4 0.242969 0.786719 0.060937 0.045312
4 0.503125 0.775781 0.078125 0.073438
4 0.419531 0.860156 0.104688 0.035937
4 0.481250 0.725000 0.068750 0.065625
4 0.528125 0.721094 0.046875 0.032813
4 0.152344 0.621094 0.048438 0.054688
4 0.074219 0.914844 0.148438 0.089063
4 0.277344 0.217969 0.020313 0.010937
5 0.314844 0.211719 0.014063 0.017188
4 0.146094 0.726562 0.076563 0.075000
5 0.671094 0.805469 0.098437 0.126562
4 0.329688 0.872656 0.040625 0.048438
