3 0.182031 0.833594 0.051562 0.023438
5 0.232813 0.550000 0.059375 0.053125
4 0.260156 0.508594 0.095312 0.092188
4 0.408594 0.216406 0.089063 0.073438
4 0.474219 0.218750 0.060937 0.040625
4 0.622656 0.214062 0.048438 0.043750
4 0.574219 0.202344 0.048438 0.039062
3 0.616406 0.137500 0.182812 0.112500
4 0.532813 0.031250 0.018750 0.043750
5 0.692969 0.046094 0.060937 0.045312
4 0.823438 0.073438 0.062500 0.040625
4 0.780469 0.057031 0.023438 0.048438
4 0.936719 0.123438 0.126562 0.209375
4 0.850781 0.165625 0.051562 0.090625
5 0.914844 0.232813 0.117188 0.068750
4 0.814063 0.132031 0.034375 0.026562
4 0.711719 0.335938 0.129688 0.087500
4 0.614062 0.496875 0.043750 0.059375
4 0.760156 0.642969 0.026562 0.029687
4 0.520312 0.253125 0.159375 0.081250
5 0.486719 0.346875 0.057813 0.034375
