2 0.597656 0.446875 0.060937 0.084375
2 0.472656 0.277344 0.020313 0.032813
4 0.898438 0.303906 0.115625 0.104688
5 0.725000 0.467969 0.059375 0.064062
4 0.589063 0.514062 0.103125 0.109375
4 0.526563 0.486719 0.046875 0.073438
4 0.633594 0.370312 0.073438 0.103125
4 0.596875 0.665625 0.034375 0.040625
4 0.724219 0.732031 0.032813 0.051562
4 0.804688 0.733594 0.059375 0.054688
5 0.832812 0.685937 0.078125 0.109375
4 0.785156 0.378906 0.214062 0.157812
4 0.912500 0.515625 0.175000 0.278125
5 0.393750 0.660156 0.090625 0.092188
4 0.767969 0.789062 0.126562 0.128125
4 0.813281 0.856250 0.060937 0.081250
4 0.885156 0.805469 0.135937 0.173437
4 0.857812 0.939063 0.096875 0.090625
4 0.625781 0.900781 0.070312 0.092188
4 0.605469 0.936719 0.079687 0.107813
4 0.689063 0.935156 0.137500 0.129688
4 0.560937 0.723437 0.103125 0.165625
4 0.539844 0.019531 0.064062 0.039062
3 0.239844 0.824219 0.057813 0.079687
