2 0.637500 0.558594 0.059375 0.054688
2 0.400781 0.500781 0.057813 0.048438
1 0.221094 0.510938 0.064062 0.037500
1 0.378125 0.381250 0.059375 0.028125
1 0.541406 0.344531 0.032813 0.026562
5 0.482031 0.094531 0.039062 0.023438
5 0.566406 0.192188 0.029687 0.028125
5 0.532031 0.170313 0.029687 0.015625
5 0.441406 0.305469 0.026562 0.042188
4 0.289844 0.340625 0.089063 0.043750
2 0.923438 0.494531 0.018750 0.039062
1 0.903906 0.477344 0.010937 0.017188
5 0.830469 0.544531 0.014063 0.020313
5 0.384375 0.676562 0.037500 0.062500
5 0.320312 0.687500 0.050000 0.065625
1 0.304688 0.666406 0.053125 0.042188
4 0.223438 0.622656 0.062500 0.064062
