1 0.448437 0.674219 0.025000 0.067187
1 0.332031 0.703125 0.042188 0.050000
1 0.375000 0.696875 0.037500 0.034375
1 0.233594 0.596875 0.026562 0.053125
1 0.096875 0.599219 0.046875 0.048438
1 0.026562 0.551562 0.040625 0.034375
1 0.246875 0.441406 0.018750 0.039062
1 0.379688 0.504687 0.025000 0.034375
1 0.426563 0.624219 0.034375 0.060937
5 0.179688 0.378125 0.018750 0.031250
5 0.078125 0.487500 0.031250 0.034375
5 0.346094 0.757812 0.073438 0.059375
5 0.368750 0.590625 0.025000 0.065625
5 0.365625 0.543750 0.046875 0.034375
5 0.485938 0.700000 0.056250 0.068750
5 0.493750 0.801562 0.043750 0.043750
5 0.582031 0.581250 0.032813 0.034375
5 0.477344 0.473438 0.045312 0.046875
5 0.458594 0.462500 0.026562 0.034375
2 0.375781 0.382812 0.042188 0.046875
2 0.386719 0.448437 0.035937 0.046875
2 0.737500 0.404687 0.068750 0.046875
4 0.517188 0.415625 0.037500 0.050000
4 0.425000 0.456250 0.046875 0.059375
