4 0.314063 0.212500 0.106250 0.175000
4 0.297656 0.351562 0.039062 0.056250
5 0.396875 0.087500 0.050000 0.056250
4 0.511719 0.134375 0.082812 0.131250
4 0.835938 0.179688 0.071875 0.087500
4 0.896094 0.107813 0.064062 0.068750
4 0.939844 0.157031 0.054688 0.073438
4 0.763281 0.263281 0.101562 0.139063
4 0.690625 0.333594 0.062500 0.095312
4 0.760938 0.344531 0.075000 0.085938
4 0.696875 0.434375 0.068750 0.087500
4 0.768750 0.549219 0.128125 0.120313
4 0.696094 0.508594 0.092188 0.098437
4 0.756250 0.661719 0.131250 0.139063
4 0.878906 0.619531 0.082812 0.079687
4 0.852344 0.550781 0.120313 0.132812
5 0.943750 0.599219 0.087500 0.095312
5 0.879687 0.821094 0.128125 0.157812
5 0.782031 0.467187 0.123438 0.109375
5 0.817969 0.307031 0.057813 0.051562
4 0.764062 0.980469 0.090625 0.039062
4 0.629687 0.987500 0.162500 0.025000
4 0.759375 0.110937 0.150000 0.150000
4 0.758594 0.400781 0.032813 0.032813
4 0.892188 0.707812 0.068750 0.084375
5 0.588281 0.640625 0.085938 0.100000
2 0.635156 0.492969 0.039062 0.035937
5 0.264062 0.639062 0.037500 0.040625
4 0.285938 0.526563 0.037500 0.046875
