5 0.398438 0.210156 0.043750 0.057813
5 0.971875 0.939844 0.056250 0.051562
5 0.348438 0.753906 0.025000 0.026562
4 0.433594 0.542969 0.095312 0.029687
1 0.259375 0.580469 0.046875 0.023438
1 0.525781 0.469531 0.070312 0.032813
1 0.542188 0.326562 0.071875 0.031250
1 0.403125 0.263281 0.046875 0.026562
4 0.475781 0.267969 0.064062 0.070312
2 0.028906 0.315625 0.054688 0.046875
2 0.387500 0.461719 0.050000 0.048438
5 0.526563 0.717187 0.059375 0.025000
5 0.312500 0.710938 0.025000 0.031250
1 0.762500 0.486719 0.046875 0.032813
