1 0.561719 0.324219 0.032813 0.035937
5 0.507031 0.390625 0.048438 0.040625
2 0.514844 0.327344 0.057813 0.054688
2 0.445312 0.276562 0.046875 0.046875
2 0.533594 0.162500 0.029687 0.034375
3 0.398438 0.447656 0.068750 0.051562
3 0.539062 0.365625 0.068750 0.031250
3 0.512500 0.539062 0.031250 0.053125
3 0.494531 0.469531 0.035937 0.054688
5 0.564063 0.411719 0.018750 0.026562
5 0.668750 0.264062 0.021875 0.028125
5 0.678906 0.359375 0.029687 0.034375
4 0.635938 0.547656 0.021875 0.026562
3 0.307031 0.558594 0.032813 0.035937
3 0.476562 0.610156 0.056250 0.048438
3 0.452344 0.645312 0.026562 0.034375
1 0.471094 0.792188 0.020313 0.015625
