5 0.486719 0.655469 0.089063 0.076563
4 0.359375 0.700000 0.100000 0.112500
2 0.389844 0.148438 0.064062 0.068750
5 0.209375 0.039062 0.050000 0.034375
4 0.714844 0.772656 0.110937 0.110937
4 0.760938 0.842187 0.100000 0.118750
4 0.850000 0.577344 0.043750 0.064062
4 0.945312 0.590625 0.031250 0.040625
4 0.500781 0.764062 0.070312 0.075000
4 0.390625 0.819531 0.071875 0.060937
4 0.335938 0.809375 0.062500 0.046875
5 0.415625 0.864062 0.087500 0.081250
4 0.803906 0.503125 0.079687 0.075000
4 0.974219 0.511719 0.048438 0.051562
5 0.961719 0.235937 0.060937 0.062500
5 0.735156 0.056250 0.104688 0.031250
4 0.542188 0.605469 0.109375 0.095312
4 0.499219 0.841406 0.064062 0.054688
