4 0.692969 0.301563 0.220312 0.256250
4 0.757031 0.214062 0.029687 0.043750
4 0.694531 0.234375 0.089063 0.106250
4 0.682031 0.163281 0.035937 0.057813
4 0.698438 0.047656 0.043750 0.039062
4 0.968750 0.370312 0.062500 0.121875
4 0.751563 0.507031 0.128125 0.170313
4 0.910937 0.832031 0.078125 0.107813
4 0.626563 0.591406 0.131250 0.129688
4 0.638281 0.460156 0.101562 0.110937
4 0.575000 0.897656 0.065625 0.076563
4 0.348438 0.876563 0.059375 0.106250
5 0.438281 0.592187 0.035937 0.031250
5 0.475781 0.636719 0.057813 0.067187
4 0.923438 0.138281 0.059375 0.073438
4 0.967187 0.214844 0.065625 0.132812
4 0.810937 0.372656 0.081250 0.148438
4 0.825781 0.253906 0.082812 0.120313
4 0.672656 0.062500 0.054688 0.068750
4 0.412500 0.387500 0.090625 0.128125
4 0.582031 0.099219 0.104688 0.135937
4 0.753906 0.069531 0.042188 0.057813
4 0.485938 0.466406 0.059375 0.101562
4 0.892188 0.348438 0.087500 0.068750
4 0.535156 0.578906 0.114062 0.123438
4 0.375781 0.485156 0.051562 0.051562
4 0.338281 0.625781 0.029687 0.051562
4 0.435937 0.465625 0.043750 0.065625
4 0.561719 0.297656 0.098437 0.129688
4 0.453906 0.285156 0.082812 0.114062
4 0.506250 0.714063 0.028125 0.034375
4 0.382031 0.540625 0.023438 0.031250
4 0.507031 0.705469 0.123438 0.126562
4 0.442969 0.810156 0.126562 0.170313
4 0.426563 0.640625 0.081250 0.096875
