2 0.785156 0.618750 0.067187 0.046875
3 0.139844 0.138281 0.048438 0.079687
3 0.214844 0.009375 0.039062 0.018750
4 0.260937 0.102344 0.050000 0.064062
4 0.082812 0.084375 0.031250 0.043750
4 0.967969 0.244531 0.064062 0.129688
4 0.873437 0.315625 0.165625 0.131250
4 0.650000 0.481250 0.050000 0.068750
4 0.676562 0.694531 0.084375 0.107813
4 0.839063 0.525000 0.068750 0.065625
4 0.763281 0.596094 0.039062 0.042188
2 0.816406 0.842969 0.064062 0.076563
2 0.624219 0.652344 0.035937 0.054688
4 0.953125 0.546875 0.093750 0.109375
5 0.388281 0.683594 0.045312 0.039062
4 0.319531 0.571094 0.032813 0.035937
5 0.454688 0.915625 0.034375 0.053125
4 0.025000 0.394531 0.031250 0.026562
4 0.780469 0.510938 0.026562 0.028125
4 0.881250 0.985938 0.031250 0.028125
4 0.719531 0.783594 0.035937 0.026562
4 0.619531 0.745313 0.032813 0.031250
4 0.753906 0.649219 0.054688 0.057813
