4 0.567187 0.669531 0.096875 0.179688
4 0.433594 0.621875 0.104688 0.150000
4 0.487500 0.684375 0.071875 0.109375
4 0.502344 0.725781 0.070312 0.110937
4 0.325000 0.438281 0.100000 0.095312
4 0.099219 0.517188 0.117188 0.106250
4 0.060937 0.250000 0.075000 0.081250
4 0.567187 0.396875 0.028125 0.031250
2 0.548438 0.371094 0.018750 0.026562
4 0.511719 0.459375 0.032813 0.043750
4 0.471875 0.418750 0.065625 0.062500
4 0.700000 0.489844 0.053125 0.104688
4 0.677344 0.568750 0.029687 0.031250
5 0.664844 0.535156 0.017188 0.017188
4 0.496094 0.101562 0.057813 0.081250
4 0.542969 0.159375 0.060937 0.043750
4 0.289844 0.106250 0.064062 0.046875
4 0.967969 0.431250 0.014063 0.015625
5 0.758594 0.472656 0.020313 0.020313
