4 0.301563 0.518750 0.209375 0.178125
4 0.133594 0.712500 0.085938 0.062500
4 0.047656 0.625000 0.095312 0.134375
4 0.428125 0.725781 0.262500 0.323437
4 0.384375 0.932031 0.156250 0.135937
4 0.567187 0.521094 0.121875 0.110937
4 0.473438 0.541406 0.100000 0.120313
4 0.453906 0.461719 0.067187 0.092188
4 0.758594 0.483594 0.079687 0.057813
4 0.663281 0.549219 0.076563 0.070312
4 0.813281 0.596094 0.110937 0.117188
4 0.848437 0.743750 0.181250 0.171875
2 0.867188 0.728125 0.109375 0.143750
4 0.940625 0.436719 0.059375 0.029687
5 0.933594 0.683594 0.129688 0.126562
5 0.963281 0.987500 0.054688 0.025000
4 0.910937 0.518750 0.025000 0.028125
4 0.153125 0.339062 0.031250 0.021875
4 0.582812 0.047656 0.050000 0.042188
4 0.437500 0.085938 0.021875 0.018750
4 0.824219 0.114062 0.029687 0.021875
5 0.947656 0.471875 0.073438 0.053125
