3 0.025000 0.778906 0.050000 0.076563
4 0.181250 0.721875 0.059375 0.068750
4 0.162500 0.620313 0.043750 0.040625
4 0.143750 0.348438 0.165625 0.115625
4 0.229687 0.320312 0.050000 0.053125
4 0.229687 0.413281 0.084375 0.117188
4 0.064062 0.625781 0.037500 0.045312
4 0.057031 0.302344 0.064062 0.089063
4 0.437500 0.063281 0.081250 0.089063
4 0.306250 0.184375 0.168750 0.209375
4 0.121094 0.030469 0.048438 0.060937
4 0.126562 0.168750 0.046875 0.068750
4 0.123438 0.075781 0.062500 0.064062
4 0.114844 0.109375 0.032813 0.037500
4 0.090625 0.221875 0.037500 0.037500
4 0.095312 0.187500 0.018750 0.021875
4 0.135156 0.069531 0.023438 0.023438
4 0.193750 0.157812 0.028125 0.043750
4 0.017188 0.700781 0.025000 0.023438
