3 0.875781 0.885156 0.054688 0.035937
5 0.775000 0.632031 0.071875 0.060937
4 0.714063 0.608594 0.112500 0.101562
4 0.860156 0.043750 0.107813 0.087500
3 0.335156 0.310156 0.185938 0.132812
4 0.280469 0.528125 0.135937 0.109375
4 0.400781 0.665625 0.064062 0.078125
4 0.540625 0.355469 0.090625 0.079687
4 0.382812 0.372656 0.046875 0.045312
4 0.343750 0.392969 0.050000 0.045312
4 0.116406 0.390625 0.079687 0.093750
4 0.128125 0.303125 0.068750 0.046875
4 0.138281 0.204687 0.039062 0.034375
4 0.313281 0.165625 0.060937 0.062500
5 0.244531 0.236719 0.057813 0.048438
5 0.451562 0.414062 0.171875 0.109375
5 0.489063 0.493750 0.050000 0.040625
4 0.073438 0.334375 0.146875 0.271875
4 0.096094 0.152344 0.082812 0.085938
5 0.075781 0.477344 0.135937 0.089063
4 0.167187 0.277344 0.034375 0.048438
4 0.396875 0.192969 0.021875 0.045312
4 0.288281 0.836719 0.029687 0.029687
