1 0.339062 0.335156 0.015625 0.017188
1 0.335156 0.357812 0.014063 0.021875
1 0.411719 0.386719 0.017188 0.026562
1 0.422656 0.452344 0.020313 0.023438
1 0.549219 0.400781 0.014063 0.023438
1 0.518750 0.372656 0.018750 0.017188
2 0.542969 0.466406 0.032813 0.032813
5 0.486719 0.357031 0.020313 0.017188
4 0.587500 0.524219 0.028125 0.045312
1 0.566406 0.554688 0.023438 0.031250
1 0.522656 0.540625 0.017188 0.034375
1 0.503906 0.552344 0.020313 0.035937
1 0.565625 0.600781 0.021875 0.039062
1 0.557031 0.663281 0.020313 0.023438
1 0.597656 0.694531 0.026562 0.045312
5 0.546094 0.628906 0.017188 0.026562
5 0.600781 0.586719 0.042188 0.029687
5 0.621094 0.566406 0.045312 0.014063
5 0.678906 0.579688 0.017188 0.034375
5 0.691406 0.485156 0.026562 0.035937
5 0.716406 0.503125 0.017188 0.021875
2 0.668750 0.468750 0.037500 0.034375
1 0.771094 0.472656 0.014063 0.020313
5 0.794531 0.584375 0.029687 0.028125
5 0.713281 0.664844 0.026562 0.029687
1 0.800781 0.695312 0.026562 0.043750
4 0.829688 0.700000 0.056250 0.056250
2 0.978125 0.695312 0.028125 0.062500
5 0.596875 0.821875 0.043750 0.071875
5 0.678906 0.860938 0.039062 0.078125
5 0.576562 0.889844 0.046875 0.079687
5 0.810156 0.814844 0.026562 0.029687
2 0.614062 0.876563 0.053125 0.059375
