4 0.506250 0.265625 0.131250 0.143750
4 0.464844 0.059375 0.189062 0.118750
4 0.718750 0.122656 0.356250 0.242188
4 0.923438 0.062500 0.153125 0.100000
5 0.780469 0.013281 0.045312 0.007812
4 0.499219 0.489844 0.060937 0.076563
4 0.489844 0.673438 0.039062 0.062500
5 0.533594 0.663281 0.051562 0.067187
4 0.568750 0.764062 0.090625 0.075000
4 0.557031 0.864062 0.139063 0.156250
5 0.727344 0.616406 0.160938 0.142187
2 0.772656 0.535156 0.148438 0.098437
4 0.784375 0.515625 0.181250 0.171875
4 0.618750 0.496875 0.115625 0.100000
4 0.544531 0.356250 0.073438 0.084375
