4 0.653906 0.286719 0.101562 0.060937
4 0.525000 0.426563 0.071875 0.056250
4 0.669531 0.423438 0.129688 0.103125
4 0.628125 0.417187 0.109375 0.106250
4 0.562500 0.447656 0.043750 0.048438
4 0.499219 0.643750 0.076563 0.056250
4 0.580469 0.632031 0.067187 0.064062
4 0.785156 0.857812 0.054688 0.068750
2 0.244531 0.789062 0.082812 0.090625
4 0.146875 0.749219 0.093750 0.064062
4 0.245312 0.855469 0.218750 0.110937
4 0.130469 0.897656 0.054688 0.042188
4 0.153125 0.929688 0.068750 0.037500
4 0.171094 0.972656 0.126562 0.054688
4 0.324219 0.993750 0.076563 0.012500
4 0.371094 0.964063 0.120313 0.071875
4 0.327344 0.950781 0.042188 0.039062
4 0.291406 0.895312 0.104688 0.075000
4 0.365625 0.751563 0.096875 0.059375
4 0.964844 0.451562 0.060937 0.065625
4 0.942187 0.189844 0.040625 0.032813
4 0.976562 0.917969 0.046875 0.042188
5 0.919531 0.728125 0.060937 0.093750
4 0.733594 0.678906 0.095312 0.092188
4 0.926562 0.446094 0.043750 0.079687
5 0.880469 0.493750 0.023438 0.018750
