1 0.650000 0.612500 0.028125 0.028125
1 0.915625 0.372656 0.059375 0.039062
1 0.856250 0.534375 0.056250 0.034375
1 0.813281 0.255469 0.051562 0.039062
5 0.784375 0.244531 0.043750 0.054688
5 0.771094 0.810937 0.045312 0.028125
5 0.675781 0.775000 0.026562 0.018750
5 0.700781 0.798438 0.026562 0.018750
5 0.293750 0.647656 0.056250 0.042188
5 0.306250 0.494531 0.015625 0.014063
2 0.231250 0.552344 0.015625 0.035937
1 0.257031 0.566406 0.010937 0.017188
2 0.487500 0.442188 0.053125 0.046875
2 0.772656 0.433594 0.060937 0.057813
4 0.904687 0.553906 0.078125 0.054688
4 0.889844 0.282813 0.067187 0.059375
