4 0.492188 0.739062 0.128125 0.115625
4 0.396094 0.600000 0.092188 0.068750
4 0.321875 0.642969 0.118750 0.070312
4 0.214844 0.728906 0.185938 0.164062
2 0.134375 0.670312 0.096875 0.090625
4 0.208594 0.639062 0.057813 0.028125
4 0.227344 0.611719 0.073438 0.026562
4 0.513281 0.440625 0.035937 0.037500
4 0.184375 0.518750 0.056250 0.031250
4 0.485156 0.840625 0.073438 0.056250
4 0.571094 0.868750 0.101562 0.112500
4 0.728125 0.975781 0.078125 0.014063
5 0.661719 0.574219 0.023438 0.017188
5 0.072656 0.850781 0.082812 0.085938
4 0.434375 0.695312 0.071875 0.062500
