2 0.498437 0.912500 0.078125 0.106250
4 0.887500 0.691406 0.034375 0.042188
3 0.938281 0.692969 0.092188 0.145313
5 0.792969 0.935937 0.042188 0.046875
4 0.844531 0.820312 0.026562 0.034375
4 0.807031 0.775000 0.035937 0.068750
4 0.867969 0.751563 0.026562 0.043750
4 0.883594 0.846094 0.017188 0.026562
4 0.882031 0.543750 0.060937 0.078125
4 0.842187 0.585938 0.050000 0.059375
4 0.878125 0.641406 0.056250 0.067187
4 0.844531 0.635156 0.032813 0.048438
4 0.739844 0.588281 0.064062 0.076563
4 0.533594 0.430469 0.014063 0.035937
4 0.636719 0.189062 0.064062 0.078125
5 0.787500 0.526563 0.034375 0.034375
4 0.995313 0.708594 0.009375 0.032813
4 0.827344 0.855469 0.107813 0.107813
4 0.754687 0.821875 0.012500 0.021875
4 0.945312 0.767188 0.031250 0.037500
4 0.853906 0.795312 0.026562 0.028125
