5 0.536719 0.260156 0.039062 0.042188
5 0.502344 0.514844 0.035937 0.035937
5 0.507812 0.494531 0.050000 0.039062
1 0.517188 0.478906 0.043750 0.032813
1 0.427344 0.208594 0.029687 0.029687
1 0.242969 0.357031 0.042188 0.035937
4 0.423438 0.168750 0.056250 0.050000
5 0.413281 0.517969 0.035937 0.045312
4 0.384375 0.662500 0.078125 0.065625
1 0.452344 0.561719 0.035937 0.029687
1 0.568750 0.565625 0.043750 0.031250
5 0.546875 0.593750 0.031250 0.025000
2 0.623437 0.794531 0.040625 0.051562
5 0.577344 0.956250 0.029687 0.031250
1 0.761719 0.939844 0.029687 0.023438
2 0.820312 0.745313 0.037500 0.068750
