1 0.675000 0.409375 0.071875 0.031250
1 0.696875 0.285938 0.056250 0.046875
1 0.694531 0.331250 0.039062 0.043750
1 0.580469 0.192188 0.054688 0.031250
1 0.573438 0.048438 0.053125 0.053125
1 0.419531 0.215625 0.042188 0.021875
1 0.496094 0.350000 0.039062 0.031250
1 0.621875 0.389062 0.065625 0.040625
5 0.349219 0.151562 0.035937 0.021875
5 0.456250 0.039062 0.037500 0.034375
5 0.754687 0.296094 0.065625 0.079687
5 0.583594 0.332031 0.070312 0.029687
5 0.534375 0.333594 0.037500 0.051562
5 0.706250 0.445312 0.075000 0.062500
5 0.810937 0.446875 0.046875 0.050000
5 0.588281 0.553125 0.039062 0.037500
5 0.470313 0.454688 0.053125 0.050000
5 0.457031 0.435156 0.035937 0.029687
2 0.369531 0.354687 0.051562 0.046875
2 0.436719 0.360938 0.051562 0.040625
2 0.417187 0.728125 0.053125 0.075000
4 0.414062 0.499219 0.056250 0.042188
4 0.448437 0.400781 0.065625 0.054688
