1 0.662500 0.711719 0.031250 0.057813
1 0.530469 0.696875 0.045312 0.034375
1 0.500000 0.687500 0.053125 0.046875
1 0.457031 0.557813 0.039062 0.025000
1 0.513281 0.502344 0.032813 0.026562
1 0.214844 0.757031 0.039062 0.067187
2 0.340625 0.506250 0.053125 0.040625
2 0.178125 0.446094 0.065625 0.048438
2 0.543750 0.477344 0.081250 0.060937
2 0.821094 0.496094 0.051562 0.042188
5 0.641406 0.453906 0.026562 0.032813
5 0.581250 0.602344 0.034375 0.039062
5 0.477344 0.745313 0.060937 0.075000
4 0.485938 0.471094 0.040625 0.051562
