5 0.291406 0.578125 0.089063 0.050000
4 0.608594 0.421875 0.054688 0.056250
2 0.624219 0.521875 0.073438 0.068750
2 0.708594 0.878125 0.054688 0.059375
2 0.534375 0.385156 0.056250 0.051562
2 0.521875 0.150781 0.065625 0.092188
1 0.238281 0.382812 0.048438 0.053125
1 0.389844 0.485938 0.051562 0.040625
1 0.256250 0.498437 0.056250 0.046875
1 0.268750 0.535156 0.075000 0.054688
1 0.599219 0.566406 0.042188 0.042188
1 0.507031 0.469531 0.042188 0.042188
1 0.439063 0.677344 0.050000 0.057813
1 0.445312 0.871094 0.075000 0.045312
1 0.464844 0.781250 0.057813 0.034375
5 0.532031 0.729688 0.051562 0.043750
5 0.682031 0.652344 0.035937 0.032813
