5 0.332813 0.483594 0.081250 0.092188
4 0.254688 0.596875 0.118750 0.103125
2 0.801562 0.721875 0.071875 0.065625
5 0.857812 0.926562 0.034375 0.050000
4 0.282813 0.230469 0.115625 0.114062
4 0.226562 0.164062 0.121875 0.103125
4 0.510938 0.152344 0.065625 0.048438
4 0.525781 0.054688 0.042188 0.034375
4 0.231250 0.440625 0.078125 0.071875
4 0.145313 0.532031 0.062500 0.073438
4 0.140625 0.589063 0.050000 0.065625
5 0.108594 0.496094 0.085938 0.092188
4 0.571094 0.217188 0.079687 0.081250
4 0.610156 0.049219 0.054688 0.051562
5 0.874219 0.139063 0.067187 0.065625
5 0.985156 0.409375 0.029687 0.106250
4 0.399219 0.445312 0.101562 0.112500
4 0.154688 0.421094 0.059375 0.067187
