1 0.760156 0.653906 0.048438 0.051562
1 0.689844 0.760156 0.048438 0.035937
1 0.768750 0.482031 0.059375 0.029687
1 0.507031 0.425000 0.039062 0.031250
1 0.075000 0.545312 0.009375 0.015625
5 0.763281 0.206250 0.051562 0.031250
5 0.645312 0.202344 0.034375 0.017188
5 0.586719 0.277344 0.032813 0.032813
4 0.753906 0.440625 0.089063 0.043750
2 0.673438 0.583594 0.037500 0.048438
4 0.755469 0.715625 0.070312 0.062500
5 0.681250 0.792969 0.040625 0.054688
2 0.339844 0.646875 0.045312 0.059375
5 0.143750 0.626563 0.009375 0.012500
2 0.051562 0.575000 0.012500 0.037500
