2 0.021094 0.483594 0.035937 0.039062
5 0.417969 0.632812 0.079687 0.065625
5 0.700781 0.593750 0.110937 0.071875
5 0.699219 0.859375 0.092188 0.046875
5 0.115625 0.796094 0.034375 0.032813
5 0.242188 0.719531 0.065625 0.029687
5 0.322656 0.631250 0.048438 0.040625
5 0.152344 0.753906 0.039062 0.035937
5 0.078906 0.782031 0.042188 0.020313
1 0.005469 0.773438 0.010937 0.028125
1 0.154688 0.501563 0.040625 0.025000
1 0.146875 0.467187 0.043750 0.031250
1 0.360938 0.467969 0.056250 0.035937
1 0.392969 0.448437 0.064062 0.031250
1 0.462500 0.235937 0.062500 0.037500
4 0.324219 0.269531 0.042188 0.054688
5 0.350000 0.289844 0.040625 0.048438
4 0.250000 0.450000 0.065625 0.037500
