5 0.105469 0.695312 0.026562 0.043750
5 0.240625 0.243750 0.031250 0.053125
5 0.552344 0.328906 0.010937 0.014063
5 0.662500 0.860938 0.050000 0.037500
2 0.551562 0.510156 0.046875 0.060937
2 0.478125 0.791406 0.062500 0.064062
2 0.514844 0.241406 0.035937 0.020313
1 0.492969 0.264062 0.017188 0.012500
1 0.331250 0.657813 0.028125 0.034375
1 0.360156 0.846875 0.032813 0.056250
1 0.501563 0.945312 0.034375 0.059375
4 0.592969 0.942187 0.060937 0.068750
5 0.131250 0.633594 0.025000 0.026562
5 0.165625 0.613281 0.018750 0.032813
1 0.642188 0.875781 0.040625 0.051562
4 0.324219 0.896094 0.051562 0.073438
