4 0.065625 0.236719 0.075000 0.060937
4 0.063281 0.535156 0.126562 0.123438
4 0.366406 0.575781 0.098437 0.089063
4 0.548438 0.814063 0.081250 0.053125
4 0.559375 0.660937 0.071875 0.075000
4 0.628125 0.673438 0.087500 0.112500
4 0.435937 0.432812 0.109375 0.103125
4 0.510156 0.361719 0.182812 0.139063
4 0.716406 0.259375 0.098437 0.106250
4 0.662500 0.438281 0.278125 0.154688
4 0.766406 0.560937 0.214062 0.221875
5 0.892188 0.446094 0.215625 0.235937
5 0.957812 0.852344 0.084375 0.067187
4 0.988281 0.875000 0.023438 0.040625
