5 0.476562 0.387500 0.025000 0.018750
5 0.500000 0.483594 0.028125 0.026562
5 0.465625 0.569531 0.031250 0.026562
5 0.564844 0.641406 0.035937 0.020313
5 0.532031 0.725000 0.048438 0.034375
5 0.555469 0.765625 0.073438 0.037500
5 0.478906 0.717187 0.067187 0.037500
5 0.502344 0.695312 0.032813 0.046875
5 0.602344 0.655469 0.026562 0.026562
5 0.028906 0.446875 0.014063 0.021875
1 0.066406 0.460156 0.023438 0.020313
1 0.057031 0.432812 0.017188 0.025000
2 0.130469 0.417187 0.039062 0.018750
5 0.171094 0.515625 0.017188 0.025000
1 0.214062 0.513281 0.025000 0.026562
1 0.240625 0.499219 0.028125 0.023438
5 0.272656 0.490625 0.039062 0.031250
1 0.301563 0.505469 0.018750 0.035937
1 0.325000 0.592187 0.021875 0.034375
4 0.232031 0.486719 0.026562 0.029687
1 0.410156 0.476562 0.029687 0.021875
1 0.405469 0.458594 0.026562 0.023438
1 0.453906 0.321094 0.017188 0.017188
4 0.636719 0.603906 0.045312 0.026562
2 0.624219 0.499219 0.042188 0.039062
2 0.741406 0.503125 0.060937 0.040625
5 0.664844 0.507031 0.020313 0.020313
1 0.628906 0.384375 0.020313 0.018750
5 0.568750 0.980469 0.046875 0.035937
