2 0.558594 0.232813 0.035937 0.059375
3 0.215625 0.946094 0.075000 0.035937
3 0.071875 0.897656 0.028125 0.032813
4 0.159375 0.835156 0.056250 0.042188
4 0.174219 0.999219 0.039062 0.001563
4 0.158594 0.088281 0.114062 0.123438
4 0.250000 0.203906 0.106250 0.148438
4 0.450781 0.388281 0.060937 0.039062
4 0.653125 0.322656 0.096875 0.070312
4 0.458594 0.198437 0.057813 0.059375
4 0.540625 0.257812 0.037500 0.031250
2 0.769531 0.160156 0.067187 0.054688
2 0.620313 0.381250 0.050000 0.028125
4 0.458594 0.064844 0.098437 0.114062
5 0.695312 0.603125 0.031250 0.040625
4 0.600000 0.690625 0.031250 0.028125
5 0.907813 0.495312 0.050000 0.028125
4 0.485938 0.996875 0.021875 0.006250
4 0.456250 0.257031 0.025000 0.020313
4 0.898438 0.070312 0.028125 0.025000
4 0.729688 0.264844 0.021875 0.032813
4 0.712500 0.367188 0.025000 0.028125
4 0.595313 0.257031 0.050000 0.048438
