1 0.674219 0.448437 0.067187 0.025000
1 0.703125 0.332031 0.050000 0.042188
1 0.696875 0.375000 0.034375 0.037500
1 0.596875 0.233594 0.053125 0.026562
1 0.599219 0.096875 0.048438 0.046875
1 0.551562 0.026562 0.034375 0.040625
1 0.441406 0.246875 0.039062 0.018750
1 0.504687 0.379688 0.034375 0.025000
1 0.624219 0.426563 0.060937 0.034375
5 0.378125 0.179688 0.031250 0.018750
5 0.487500 0.078125 0.034375 0.031250
5 0.757812 0.346094 0.059375 0.073438
5 0.590625 0.368750 0.065625 0.025000
5 0.543750 0.365625 0.034375 0.046875
5 0.700000 0.485938 0.068750 0.056250
5 0.801562 0.493750 0.043750 0.043750
5 0.581250 0.582031 0.034375 0.032813
5 0.473438 0.477344 0.046875 0.045312
5 0.462500 0.458594 0.034375 0.026562
2 0.382812 0.375781 0.046875 0.042188
2 0.448437 0.386719 0.046875 0.035937
2 0.404687 0.737500 0.046875 0.068750
4 0.415625 0.517188 0.050000 0.037500
4 0.456250 0.425000 0.059375 0.046875
