5 0.921875 0.547656 0.046875 0.051562
5 0.785937 0.667188 0.031250 0.037500
5 0.723437 0.172656 0.096875 0.082812
5 0.706250 0.265625 0.059375 0.068750
4 0.469531 0.541406 0.048438 0.048438
5 0.475781 0.446875 0.070312 0.068750
5 0.528906 0.492969 0.035937 0.051562
5 0.434375 0.300781 0.037500 0.060937
4 0.563281 0.488281 0.054688 0.064062
2 0.573438 0.523438 0.056250 0.059375
2 0.602344 0.594531 0.070312 0.079687
2 0.235937 0.476562 0.087500 0.068750
1 0.571875 0.264844 0.056250 0.073438
1 0.732812 0.573438 0.025000 0.043750
1 0.930469 0.414844 0.064062 0.057813
1 0.988281 0.488281 0.023438 0.048438
1 0.755469 0.390625 0.039062 0.062500
1 0.614062 0.463281 0.046875 0.042188
1 0.673438 0.228125 0.046875 0.065625
