5 0.607031 0.729688 0.042188 0.043750
5 0.485938 0.497656 0.037500 0.039062
5 0.498437 0.515625 0.053125 0.043750
1 0.513281 0.527344 0.045312 0.035937
1 0.522656 0.816406 0.032813 0.032813
1 0.293750 0.738281 0.043750 0.039062
4 0.532031 0.856250 0.057813 0.053125
5 0.400781 0.525781 0.039062 0.048438
4 0.321875 0.396094 0.081250 0.070312
1 0.423438 0.470313 0.037500 0.031250
1 0.532031 0.426563 0.045312 0.034375
5 0.502344 0.407813 0.032813 0.028125
2 0.504687 0.187500 0.043750 0.053125
5 0.403906 0.049219 0.032813 0.032813
1 0.585938 0.007031 0.031250 0.014063
2 0.710156 0.167187 0.042188 0.071875
