5 0.605469 0.482031 0.020313 0.026562
5 0.503125 0.485938 0.028125 0.031250
5 0.422656 0.434375 0.029687 0.034375
5 0.326562 0.521875 0.025000 0.037500
5 0.248438 0.471875 0.037500 0.050000
5 0.203906 0.488281 0.045312 0.079687
5 0.267969 0.421094 0.045312 0.073438
5 0.285156 0.448437 0.051562 0.040625
5 0.307031 0.556250 0.029687 0.028125
5 0.632812 0.016406 0.021875 0.007812
1 0.612500 0.048438 0.021875 0.028125
1 0.642969 0.045312 0.026562 0.018750
2 0.644531 0.121094 0.023438 0.039062
5 0.535156 0.143750 0.026562 0.018750
1 0.528125 0.187500 0.028125 0.028125
1 0.537500 0.220312 0.025000 0.031250
5 0.539844 0.253125 0.035937 0.043750
1 0.518750 0.278906 0.037500 0.023438
1 0.425000 0.286719 0.037500 0.026562
4 0.551562 0.212500 0.034375 0.031250
1 0.527344 0.396875 0.026562 0.034375
1 0.545312 0.395313 0.025000 0.031250
1 0.677344 0.472656 0.017188 0.017188
4 0.353125 0.603906 0.034375 0.048438
2 0.461719 0.611719 0.045312 0.048438
2 0.434375 0.731250 0.046875 0.065625
5 0.445312 0.651563 0.021875 0.025000
1 0.576562 0.637500 0.021875 0.021875
