4 0.782813 0.376563 0.215625 0.071875
4 0.675781 0.590625 0.073438 0.071875
5 0.617188 0.635938 0.018750 0.012500
5 0.642188 0.857031 0.037500 0.092188
5 0.929688 0.903906 0.050000 0.114062
5 0.610938 0.775781 0.034375 0.032813
4 0.645312 0.425781 0.037500 0.020313
4 0.535156 0.394531 0.035937 0.017188
5 0.514062 0.410156 0.025000 0.023438
4 0.429688 0.443750 0.100000 0.043750
4 0.420312 0.566406 0.137500 0.092188
4 0.333594 0.600000 0.035937 0.043750
5 0.296094 0.578906 0.064062 0.045312
5 0.317969 0.452344 0.032813 0.020313
4 0.334375 0.785937 0.071875 0.056250
4 0.254688 0.798438 0.075000 0.053125
5 0.374219 0.939844 0.060937 0.051562
4 0.117188 0.921875 0.106250 0.059375
4 0.055469 0.997656 0.076563 0.004687
2 0.025000 0.964063 0.018750 0.071875
4 0.481250 0.815625 0.084375 0.071875
4 0.527344 0.979688 0.048438 0.040625
