5 0.486719 0.346094 0.089063 0.076563
4 0.359375 0.301563 0.100000 0.112500
2 0.389844 0.853125 0.064062 0.068750
5 0.209375 0.962500 0.050000 0.034375
4 0.714844 0.227344 0.110937 0.110937
4 0.760938 0.157812 0.100000 0.118750
4 0.850000 0.422656 0.043750 0.064062
4 0.945312 0.409375 0.031250 0.040625
4 0.500781 0.237500 0.070312 0.075000
4 0.390625 0.180469 0.071875 0.060937
4 0.335938 0.192188 0.062500 0.046875
5 0.415625 0.135937 0.087500 0.081250
4 0.803906 0.498437 0.079687 0.075000
4 0.974219 0.489844 0.048438 0.051562
5 0.961719 0.764062 0.060937 0.062500
5 0.735156 0.943750 0.104688 0.031250
4 0.542188 0.396094 0.109375 0.095312
4 0.499219 0.160156 0.064062 0.054688
