4 0.734375 0.508594 0.234375 0.210938
4 0.931250 0.669531 0.093750 0.076563
4 0.971094 0.569531 0.057813 0.142187
4 0.646875 0.732812 0.312500 0.362500
4 0.722656 0.913281 0.170313 0.129688
4 0.475000 0.557031 0.137500 0.129688
4 0.569531 0.559375 0.117188 0.134375
4 0.575000 0.478125 0.081250 0.100000
4 0.279687 0.553906 0.087500 0.070312
4 0.385937 0.600000 0.087500 0.081250
4 0.246094 0.673438 0.129688 0.134375
4 0.237500 0.823438 0.206250 0.200000
2 0.216406 0.810156 0.129688 0.157812
4 0.094531 0.538281 0.064062 0.039062
4 0.024219 0.600000 0.045312 0.096875
5 0.135156 0.780469 0.164062 0.148438
4 0.138281 0.613281 0.029687 0.032813
4 0.848437 0.306250 0.034375 0.028125
4 0.376563 0.095312 0.056250 0.050000
4 0.526563 0.107813 0.025000 0.021875
4 0.152344 0.202344 0.032813 0.026562
5 0.092969 0.574219 0.079687 0.064062
