1 0.740625 0.394531 0.053125 0.032813
1 0.532813 0.380469 0.037500 0.029687
1 0.043750 0.532031 0.012500 0.017188
1 0.767969 0.590625 0.054688 0.037500
5 0.686719 0.107813 0.054688 0.037500
5 0.560156 0.191406 0.039062 0.039062
5 0.594531 0.095312 0.032813 0.018750
1 0.702344 0.736719 0.048438 0.048438
5 0.700000 0.764062 0.031250 0.053125
4 0.756250 0.678125 0.056250 0.059375
2 0.674219 0.548438 0.057813 0.068750
2 0.367969 0.609375 0.054688 0.050000
2 0.028906 0.555469 0.017188 0.039062
5 0.141406 0.593750 0.014063 0.012500
4 0.741406 0.360938 0.039062 0.040625
