4 0.067187 0.614062 0.134375 0.146875
4 0.320312 0.637500 0.112500 0.118750
4 0.153906 0.759375 0.082812 0.031250
4 0.232031 0.736719 0.079687 0.104688
4 0.441406 0.966406 0.076563 0.067187
4 0.010156 0.924219 0.020313 0.070312
4 0.312500 0.382812 0.046875 0.037500
4 0.234375 0.476562 0.068750 0.046875
4 0.335938 0.554688 0.112500 0.081250
4 0.176563 0.384375 0.084375 0.065625
4 0.199219 0.642188 0.139063 0.137500
4 0.060937 0.751563 0.121875 0.071875
5 0.082031 0.714063 0.035937 0.028125
5 0.013281 0.825781 0.026562 0.079687
5 0.414062 0.507031 0.059375 0.039062
5 0.388281 0.459375 0.026562 0.031250
5 0.527344 0.987500 0.076563 0.025000
4 0.625781 0.653906 0.064062 0.054688
4 0.112500 0.539062 0.037500 0.025000
4 0.453125 0.373437 0.046875 0.021875
4 0.671094 0.442969 0.095312 0.054688
4 0.339062 0.488281 0.084375 0.042188
4 0.478125 0.556250 0.028125 0.018750
4 0.360156 0.393750 0.026562 0.015625
4 0.595313 0.515625 0.146875 0.090625
4 0.474219 0.535937 0.107813 0.075000
4 0.439844 0.464844 0.092188 0.073438
4 0.300000 0.444531 0.062500 0.054688
4 0.362500 0.453906 0.040625 0.026562
4 0.062500 0.494531 0.125000 0.107813
