2 0.235156 0.401562 0.079687 0.053125
2 0.555469 0.379688 0.048438 0.053125
2 0.636719 0.432031 0.035937 0.035937
2 0.893750 0.239063 0.025000 0.018750
2 0.727344 0.332813 0.017188 0.025000
1 0.359375 0.478125 0.025000 0.037500
1 0.562500 0.528906 0.034375 0.039062
1 0.589063 0.521875 0.021875 0.037500
1 0.587500 0.504687 0.034375 0.025000
1 0.623437 0.539062 0.037500 0.037500
1 0.778906 0.477344 0.026562 0.023438
1 0.817187 0.416406 0.021875 0.026562
1 0.682031 0.359375 0.020313 0.031250
1 0.509375 0.558594 0.028125 0.023438
1 0.523438 0.586719 0.034375 0.035937
1 0.472656 0.353906 0.020313 0.026562
5 0.367188 0.410156 0.031250 0.035937
5 0.345313 0.546875 0.025000 0.034375
5 0.518750 0.381250 0.031250 0.037500
5 0.785937 0.350781 0.015625 0.020313
4 0.360156 0.450000 0.042188 0.031250
5 0.431250 0.635938 0.034375 0.059375
5 0.430469 0.735938 0.045312 0.046875
5 0.534375 0.682813 0.050000 0.056250
5 0.523438 0.517188 0.034375 0.040625
5 0.533594 0.485938 0.045312 0.034375
5 0.500000 0.539062 0.018750 0.021875
1 0.928906 0.446875 0.023438 0.028125
4 0.560156 0.464062 0.045312 0.040625
