5 0.024219 0.444531 0.029687 0.054688
5 0.107031 0.551562 0.029687 0.037500
5 0.271875 0.381250 0.056250 0.040625
5 0.422656 0.886719 0.023438 0.017188
2 0.345313 0.962500 0.040625 0.015625
2 0.475781 0.678125 0.051562 0.043750
1 0.332813 0.942187 0.018750 0.009375
1 0.260156 0.540625 0.029687 0.037500
1 0.367188 0.315625 0.031250 0.053125
1 0.538281 0.245312 0.039062 0.056250
1 0.688281 0.314844 0.045312 0.045312
5 0.100000 0.503125 0.018750 0.028125
2 0.480469 0.357812 0.057813 0.056250
4 0.659375 0.260156 0.065625 0.042188
4 0.342187 0.240625 0.053125 0.081250
