4 0.791406 0.210938 0.164062 0.181250
4 0.903906 0.303125 0.192188 0.240625
4 0.721094 0.346094 0.076563 0.051562
4 0.785156 0.355469 0.107813 0.073438
4 0.767969 0.433594 0.104688 0.120313
4 0.779687 0.527344 0.068750 0.070312
2 0.927344 0.693750 0.126562 0.093750
4 0.930469 0.674219 0.139063 0.151562
4 0.834375 0.642969 0.065625 0.060937
4 0.719531 0.603906 0.057813 0.064062
4 0.661719 0.751563 0.032813 0.050000
4 0.739062 0.735156 0.028125 0.020313
5 0.688281 0.765625 0.042188 0.053125
5 0.875781 0.751563 0.120313 0.128125
4 0.689844 0.840625 0.076563 0.065625
4 0.659375 0.922656 0.071875 0.151562
4 0.875000 0.014063 0.068750 0.028125
4 0.967969 0.053906 0.051562 0.076563
4 0.649219 0.100000 0.020313 0.028125
4 0.363281 0.467969 0.035937 0.042188
4 0.404687 0.345313 0.015625 0.015625
4 0.393750 0.662500 0.018750 0.025000
