4 0.610156 0.572656 0.120313 0.148438
4 0.710938 0.460938 0.181250 0.184375
4 0.837500 0.371875 0.128125 0.190625
4 0.615625 0.698438 0.075000 0.075000
4 0.581250 0.857812 0.078125 0.100000
4 0.335938 0.429688 0.065625 0.103125
4 0.917188 0.741406 0.165625 0.210938
4 0.975000 0.862500 0.050000 0.075000
5 0.882031 0.896875 0.067187 0.137500
5 0.752344 0.794531 0.079687 0.092188
4 0.850781 0.879687 0.242188 0.193750
4 0.715625 0.812500 0.103125 0.112500
5 0.710156 0.939844 0.039062 0.085938
2 0.771094 0.642188 0.098437 0.096875
5 0.799219 0.557031 0.079687 0.060937
2 0.673438 0.686719 0.028125 0.029687
5 0.878906 0.582812 0.129688 0.125000
4 0.985938 0.631250 0.028125 0.031250
4 0.889844 0.482031 0.020313 0.023438
4 0.987500 0.483594 0.025000 0.120313
4 0.895312 0.325000 0.196875 0.212500
4 0.354687 0.253125 0.068750 0.100000
4 0.732812 0.750781 0.081250 0.076563
