5 0.453125 0.520312 0.081250 0.134375
4 0.389062 0.763281 0.071875 0.079687
4 0.111719 0.410156 0.223438 0.242188
4 0.132812 0.250781 0.190625 0.198437
4 0.107813 0.593750 0.087500 0.106250
5 0.444531 0.599219 0.051562 0.064062
5 0.667188 0.130469 0.046875 0.079687
5 0.250000 0.516406 0.034375 0.045312
5 0.350781 0.872656 0.064062 0.082812
1 0.691406 0.643750 0.020313 0.025000
3 0.663281 0.524219 0.045312 0.073438
3 0.578906 0.027344 0.060937 0.051562
2 0.721875 0.105469 0.053125 0.070312
4 0.717187 0.539844 0.037500 0.051562
4 0.765625 0.561719 0.025000 0.032813
4 0.689063 0.764844 0.021875 0.051562
4 0.646094 0.803125 0.042188 0.062500
4 0.348438 0.655469 0.065625 0.064062
4 0.477344 0.667969 0.048438 0.060937
4 0.375000 0.593750 0.084375 0.071875
4 0.397656 0.570312 0.048438 0.059375
4 0.379688 0.644531 0.065625 0.070312
4 0.203125 0.642969 0.046875 0.057813
4 0.292187 0.416406 0.075000 0.076563
4 0.191406 0.465625 0.042188 0.100000
4 0.328906 0.451562 0.064062 0.065625
4 0.324219 0.935937 0.048438 0.025000
4 0.346094 0.410156 0.032813 0.045312
4 0.322656 0.771875 0.054688 0.050000
4 0.039062 0.764844 0.078125 0.198437
4 0.714063 0.785156 0.012500 0.017188
5 0.730469 0.752344 0.014063 0.014063
4 0.226562 0.745313 0.075000 0.075000
5 0.316406 0.257812 0.123438 0.100000
4 0.153125 0.539844 0.046875 0.042188
