5 0.185156 0.575781 0.095312 0.092188
5 0.272656 0.526563 0.098437 0.053125
5 0.443750 0.300000 0.056250 0.046875
5 0.633594 0.310937 0.035937 0.031250
5 0.417969 0.739844 0.057813 0.048438
1 0.414062 0.564063 0.062500 0.037500
1 0.317188 0.702344 0.050000 0.057813
1 0.266406 0.604688 0.054688 0.046875
1 0.271094 0.568750 0.079687 0.053125
1 0.371875 0.364844 0.046875 0.054688
1 0.365625 0.267969 0.053125 0.039062
1 0.310937 0.200000 0.065625 0.050000
1 0.589844 0.414062 0.048438 0.037500
1 0.526563 0.539844 0.043750 0.042188
2 0.663281 0.810937 0.073438 0.096875
2 0.632031 0.446875 0.076563 0.071875
2 0.572656 0.589063 0.048438 0.050000
2 0.568750 0.106250 0.053125 0.056250
4 0.638281 0.544531 0.057813 0.060937
