4 0.531250 0.095312 0.175000 0.190625
4 0.692969 0.175781 0.057813 0.092188
4 0.632812 0.242188 0.062500 0.046875
4 0.487500 0.358594 0.050000 0.057813
4 0.568750 0.660937 0.093750 0.175000
4 0.505469 0.478125 0.039062 0.050000
4 0.511719 0.542969 0.070312 0.098437
4 0.420312 0.584375 0.050000 0.065625
4 0.206250 0.465625 0.068750 0.068750
4 0.489063 0.834375 0.050000 0.062500
4 0.507812 0.976562 0.050000 0.034375
5 0.373437 0.971875 0.025000 0.018750
4 0.682813 0.806250 0.043750 0.031250
4 0.771875 0.838281 0.050000 0.064062
5 0.587500 0.885156 0.040625 0.054688
4 0.268750 0.937500 0.028125 0.034375
4 0.615625 0.759375 0.034375 0.062500
