4 0.290625 0.091406 0.050000 0.042188
1 0.283594 0.122656 0.045312 0.035937
1 0.159375 0.303906 0.053125 0.035937
1 0.391406 0.446094 0.042188 0.035937
5 0.407031 0.225000 0.070312 0.053125
1 0.485156 0.444531 0.048438 0.035937
5 0.393750 0.501563 0.050000 0.062500
5 0.425000 0.494531 0.050000 0.039062
5 0.295312 0.542188 0.053125 0.043750
1 0.328906 0.537500 0.042188 0.046875
4 0.301563 0.641406 0.090625 0.079687
5 0.475781 0.600000 0.039062 0.031250
2 0.748437 0.691406 0.043750 0.067187
5 0.185938 0.854688 0.056250 0.034375
2 0.561719 0.775781 0.045312 0.051562
2 0.681250 0.842187 0.037500 0.021875
5 0.946094 0.690625 0.017188 0.015625
