5 0.422656 0.789844 0.020313 0.029687
5 0.414062 0.850000 0.031250 0.025000
5 0.369531 0.836719 0.057813 0.026562
1 0.432031 0.628125 0.032813 0.031250
1 0.107813 0.470313 0.059375 0.034375
1 0.191406 0.625781 0.051562 0.029687
4 0.157031 0.653906 0.076563 0.054688
4 0.122656 0.381250 0.064062 0.056250
2 0.271094 0.497656 0.064062 0.057813
1 0.185156 0.332031 0.051562 0.039062
1 0.802344 0.491406 0.010937 0.017188
2 0.817969 0.469531 0.017188 0.035937
5 0.729688 0.427344 0.018750 0.010937
2 0.533594 0.416406 0.045312 0.045312
5 0.207031 0.314063 0.035937 0.053125
