1 0.700781 0.326562 0.057813 0.031250
1 0.686719 0.463281 0.035937 0.045312
1 0.675781 0.495312 0.048438 0.056250
1 0.544531 0.539844 0.026562 0.039062
1 0.488281 0.480469 0.026562 0.032813
1 0.747656 0.785937 0.070312 0.040625
2 0.490625 0.658594 0.040625 0.054688
2 0.428906 0.825000 0.048438 0.068750
2 0.460938 0.448437 0.062500 0.084375
2 0.481250 0.165625 0.043750 0.053125
5 0.437500 0.350781 0.034375 0.026562
5 0.588281 0.410938 0.039062 0.034375
5 0.736719 0.517969 0.079687 0.064062
4 0.454688 0.509375 0.053125 0.040625
