2 0.775781 0.390625 0.064062 0.037500
3 0.026562 0.767188 0.037500 0.078125
3 0.081250 0.918750 0.034375 0.028125
4 0.146094 0.825000 0.042188 0.059375
4 0.935937 0.812500 0.128125 0.118750
4 0.812500 0.717187 0.156250 0.109375
4 0.612500 0.507812 0.040625 0.065625
4 0.678125 0.292187 0.071875 0.100000
4 0.815625 0.496875 0.062500 0.059375
4 0.750000 0.410156 0.034375 0.039062
2 0.850000 0.167187 0.056250 0.071875
2 0.618750 0.328125 0.028125 0.053125
4 0.947656 0.494531 0.104688 0.101562
5 0.381250 0.253125 0.043750 0.034375
4 0.290625 0.356250 0.028125 0.034375
5 0.490625 0.025781 0.028125 0.051562
4 0.751563 0.500000 0.021875 0.025000
4 0.942187 0.028125 0.028125 0.031250
4 0.739062 0.210156 0.034375 0.023438
4 0.629687 0.231250 0.031250 0.028125
4 0.750000 0.353906 0.050000 0.051562
