4 0.489063 0.961719 0.146875 0.076563
4 0.308594 0.978125 0.164062 0.043750
4 0.207031 0.859375 0.079687 0.137500
4 0.126562 0.845313 0.093750 0.078125
4 0.298438 0.933594 0.093750 0.076563
4 0.267969 0.839063 0.045312 0.090625
4 0.313281 0.767969 0.110937 0.139063
4 0.392969 0.740625 0.079687 0.100000
4 0.328125 0.646875 0.031250 0.028125
5 0.353906 0.627344 0.095312 0.098437
4 0.437500 0.653906 0.065625 0.048438
4 0.358594 0.552344 0.104688 0.107813
4 0.298438 0.560937 0.106250 0.112500
5 0.255469 0.489063 0.054688 0.068750
4 0.304688 0.479687 0.056250 0.056250
4 0.361719 0.432031 0.079687 0.142187
5 0.345313 0.239063 0.109375 0.084375
4 0.561719 0.119531 0.098437 0.101562
4 0.483594 0.146094 0.032813 0.089063
4 0.560156 0.053125 0.104688 0.106250
5 0.615625 0.042188 0.037500 0.084375
4 0.451562 0.017969 0.043750 0.032813
4 0.560156 0.004687 0.060937 0.009375
2 0.500781 0.624219 0.032813 0.029687
4 0.264062 0.341406 0.109375 0.176563
5 0.365625 0.027344 0.037500 0.035937
5 0.545312 0.415625 0.037500 0.037500
