4 0.290625 0.571094 0.171875 0.085938
4 0.330469 0.440625 0.142187 0.093750
4 0.273438 0.495312 0.103125 0.062500
4 0.233594 0.512500 0.104688 0.062500
4 0.503125 0.324219 0.087500 0.092188
4 0.415625 0.109375 0.096875 0.109375
4 0.671094 0.053906 0.076563 0.082812
4 0.553906 0.557813 0.029687 0.025000
2 0.579688 0.537500 0.025000 0.015625
4 0.491406 0.507812 0.039062 0.031250
4 0.529687 0.467187 0.059375 0.062500
4 0.471875 0.691406 0.100000 0.045312
4 0.394531 0.674219 0.026562 0.026562
5 0.425781 0.660937 0.017188 0.015625
4 0.837500 0.472656 0.078125 0.051562
4 0.783594 0.521875 0.039062 0.059375
4 0.822656 0.274219 0.045312 0.060937
5 0.950000 0.825781 0.021875 0.020313
4 0.542188 0.948438 0.012500 0.012500
5 0.491406 0.748437 0.020313 0.018750
