4 0.274219 0.428125 0.151562 0.168750
4 0.164844 0.496094 0.060937 0.064062
4 0.173437 0.435937 0.031250 0.059375
4 0.229687 0.284375 0.059375 0.071875
4 0.297656 0.264844 0.176563 0.282813
5 0.224219 0.067969 0.301563 0.135937
4 0.056250 0.572656 0.100000 0.160938
4 0.396875 0.581250 0.031250 0.028125
4 0.104688 0.167187 0.046875 0.050000
4 0.130469 0.193750 0.029687 0.031250
5 0.966406 0.605469 0.032813 0.051562
2 0.953125 0.675000 0.046875 0.028125
2 0.884375 0.627344 0.031250 0.020313
2 0.825000 0.662500 0.025000 0.018750
4 0.864062 0.460938 0.065625 0.084375
