3 0.730469 0.214062 0.067187 0.034375
4 0.634375 0.346875 0.090625 0.084375
4 0.557031 0.370312 0.076563 0.068750
5 0.642969 0.550000 0.110937 0.075000
4 0.516406 0.850000 0.110937 0.118750
4 0.430469 0.750000 0.160938 0.146875
4 0.528906 0.967969 0.207813 0.064062
4 0.080469 0.823438 0.123438 0.187500
4 0.250781 0.786719 0.207813 0.154688
5 0.255469 0.920312 0.079687 0.068750
5 0.153906 0.974219 0.092188 0.051562
5 0.451562 0.915625 0.050000 0.046875
2 0.381250 0.942187 0.115625 0.115625
2 0.466406 0.883594 0.048438 0.029687
2 0.153906 0.847656 0.045312 0.035937
