5 0.103906 0.602344 0.045312 0.048438
5 0.318750 0.538281 0.053125 0.057813
5 0.414062 0.550000 0.056250 0.034375
5 0.448437 0.569531 0.043750 0.032813
4 0.491406 0.614844 0.042188 0.048438
2 0.631250 0.566406 0.053125 0.045312
5 0.626563 0.596875 0.028125 0.025000
2 0.603906 0.685937 0.054688 0.068750
1 0.686719 0.554688 0.017188 0.025000
1 0.537500 0.425000 0.031250 0.031250
1 0.543750 0.323437 0.031250 0.028125
1 0.643750 0.305469 0.025000 0.026562
1 0.553125 0.246094 0.025000 0.032813
1 0.561719 0.229687 0.029687 0.021875
1 0.601562 0.067187 0.028125 0.028125
1 0.560937 0.076563 0.025000 0.031250
1 0.652344 0.271094 0.017188 0.026562
5 0.591406 0.075781 0.014063 0.020313
2 0.625781 0.140625 0.029687 0.034375
5 0.486719 0.136719 0.029687 0.017188
5 0.603125 0.236719 0.053125 0.032813
4 0.592969 0.210156 0.048438 0.045312
1 0.575781 0.240625 0.017188 0.018750
1 0.748437 0.439844 0.015625 0.014063
5 0.685937 0.447656 0.021875 0.020313
5 0.636719 0.444531 0.023438 0.023438
5 0.610938 0.392969 0.021875 0.023438
5 0.604688 0.386719 0.025000 0.026562
5 0.550000 0.411719 0.018750 0.039062
5 0.564844 0.464062 0.026562 0.037500
5 0.519531 0.527344 0.020313 0.017188
