1 0.535156 0.667969 0.032813 0.070312
1 0.646875 0.710156 0.046875 0.054688
1 0.605469 0.699219 0.042188 0.039062
1 0.757031 0.617969 0.032813 0.054688
1 0.890625 0.637500 0.053125 0.053125
1 0.965625 0.598437 0.043750 0.037500
1 0.763281 0.463281 0.023438 0.039062
1 0.624219 0.510938 0.029687 0.037500
1 0.564063 0.621875 0.040625 0.062500
5 0.834375 0.408594 0.021875 0.032813
5 0.921875 0.531250 0.034375 0.037500
5 0.626563 0.762500 0.078125 0.065625
5 0.624219 0.596875 0.032813 0.068750
5 0.632812 0.550000 0.050000 0.037500
5 0.496094 0.690625 0.064062 0.075000
5 0.475781 0.788281 0.048438 0.048438
5 0.417187 0.560937 0.037500 0.037500
5 0.530469 0.467969 0.048438 0.051562
5 0.551562 0.460156 0.028125 0.035937
2 0.641406 0.391406 0.045312 0.051562
2 0.623437 0.453906 0.040625 0.051562
2 0.283594 0.369531 0.073438 0.054688
4 0.500000 0.407031 0.043750 0.054688
4 0.585938 0.457031 0.053125 0.064062
