1 0.480469 0.657813 0.032813 0.018750
1 0.582812 0.481250 0.034375 0.031250
1 0.567187 0.459375 0.031250 0.021875
1 0.517969 0.440625 0.032813 0.031250
1 0.494531 0.425781 0.029687 0.020313
1 0.511719 0.412500 0.035937 0.018750
1 0.353125 0.569531 0.012500 0.020313
5 0.382031 0.536719 0.020313 0.017188
5 0.374219 0.515625 0.039062 0.028125
5 0.478125 0.514844 0.028125 0.032813
5 0.479687 0.478125 0.028125 0.043750
5 0.506250 0.464844 0.034375 0.020313
5 0.553906 0.450000 0.026562 0.015625
5 0.679688 0.467969 0.053125 0.039062
5 0.714844 0.452344 0.067187 0.045312
5 0.673438 0.557031 0.059375 0.029687
5 0.411719 0.649219 0.023438 0.023438
5 0.514844 0.628125 0.035937 0.028125
5 0.567969 0.657813 0.042188 0.021875
5 0.829688 0.532031 0.037500 0.042188
2 0.429688 0.790625 0.034375 0.075000
2 0.203906 0.153906 0.017188 0.023438
2 0.403125 0.403906 0.040625 0.035937
2 0.376563 0.487500 0.034375 0.037500
4 0.461719 0.465625 0.045312 0.031250
1 0.360156 0.366406 0.023438 0.017188
1 0.397656 0.222656 0.026562 0.017188
1 0.450781 0.252344 0.020313 0.023438
1 0.396094 0.111719 0.026562 0.017188
1 0.376563 0.097656 0.025000 0.020313
5 0.324219 0.319531 0.023438 0.020313
5 0.332031 0.268750 0.023438 0.015625
1 0.517969 0.387500 0.029687 0.018750
