4 0.399219 0.642969 0.082812 0.060937
5 0.660937 0.410156 0.068750 0.085938
5 0.743750 0.356250 0.103125 0.112500
4 0.514062 0.336719 0.100000 0.095312
4 0.529687 0.281250 0.103125 0.112500
4 0.585938 0.380469 0.078125 0.098437
4 0.592187 0.203125 0.090625 0.115625
2 0.728125 0.838281 0.065625 0.067187
5 0.835938 0.814844 0.046875 0.051562
5 0.153125 0.664844 0.246875 0.232813
5 0.603125 0.032031 0.103125 0.060937
4 0.413281 0.369531 0.048438 0.057813
4 0.163281 0.271875 0.054688 0.071875
4 0.834375 0.465625 0.050000 0.053125
5 0.681250 0.116406 0.087500 0.139063
5 0.347656 0.539844 0.054688 0.060937
