5 0.792188 0.261719 0.087500 0.098437
5 0.717969 0.335156 0.064062 0.076563
4 0.457813 0.622656 0.078125 0.051562
4 0.512500 0.301563 0.062500 0.087500
4 0.609375 0.329688 0.081250 0.090625
4 0.585938 0.142187 0.071875 0.096875
4 0.525000 0.235156 0.078125 0.089063
4 0.710156 0.022656 0.064062 0.023438
4 0.710156 0.062500 0.042188 0.065625
2 0.813281 0.756250 0.054688 0.065625
5 0.918750 0.707812 0.040625 0.065625
4 0.169531 0.311719 0.045312 0.064062
4 0.432812 0.351562 0.046875 0.053125
5 0.226562 0.677344 0.171875 0.232813
5 0.385937 0.519531 0.056250 0.051562
