2 0.864844 0.194531 0.042188 0.079687
5 0.925000 0.159375 0.031250 0.025000
4 0.543750 0.248438 0.040625 0.062500
1 0.681250 0.412500 0.050000 0.034375
1 0.678125 0.470313 0.040625 0.031250
4 0.547656 0.519531 0.085938 0.051562
1 0.493750 0.551562 0.034375 0.018750
5 0.460938 0.584375 0.050000 0.037500
1 0.654687 0.677344 0.040625 0.032813
5 0.097656 0.409375 0.117188 0.087500
5 0.101562 0.494531 0.075000 0.048438
5 0.106250 0.650000 0.065625 0.050000
5 0.416406 0.836719 0.042188 0.042188
5 0.361719 0.753906 0.057813 0.045312
5 0.332813 0.788281 0.040625 0.032813
5 0.378125 0.890625 0.065625 0.040625
1 0.639062 0.887500 0.050000 0.040625
1 0.898438 0.825781 0.034375 0.042188
5 0.816406 0.767969 0.023438 0.017188
1 0.911719 0.767188 0.035937 0.025000
1 0.892969 0.782813 0.029687 0.021875
5 0.886719 0.719531 0.023438 0.023438
2 0.907813 0.724219 0.015625 0.032813
