5 0.792969 0.059375 0.026562 0.031250
2 0.767188 0.121094 0.084375 0.042188
4 0.702344 0.489844 0.076563 0.067187
5 0.727344 0.518750 0.057813 0.025000
1 0.524219 0.310156 0.035937 0.051562
1 0.463281 0.316406 0.039062 0.039062
4 0.400000 0.452344 0.056250 0.073438
5 0.228906 0.100000 0.023438 0.018750
2 0.203906 0.107031 0.032813 0.020313
1 0.168750 0.104688 0.028125 0.021875
1 0.150000 0.110156 0.021875 0.023438
1 0.131250 0.128125 0.021875 0.025000
5 0.100781 0.126562 0.042188 0.037500
5 0.147656 0.221094 0.017188 0.026562
1 0.250000 0.350000 0.028125 0.037500
1 0.024219 0.390625 0.026562 0.046875
5 0.068750 0.578125 0.046875 0.053125
5 0.026562 0.615625 0.037500 0.078125
5 0.157031 0.739062 0.045312 0.093750
5 0.205469 0.882812 0.064062 0.090625
5 0.347656 0.542969 0.045312 0.076563
1 0.367969 0.504687 0.026562 0.037500
