4 0.140625 0.610938 0.046875 0.034375
1 0.228125 0.221094 0.015625 0.032813
2 0.384375 0.189062 0.065625 0.034375
2 0.334375 0.510938 0.053125 0.043750
5 0.235937 0.528906 0.046875 0.035937
5 0.137500 0.873437 0.065625 0.131250
1 0.299219 0.707812 0.039062 0.078125
1 0.569531 0.482812 0.026562 0.050000
5 0.606250 0.488281 0.046875 0.042188
4 0.519531 0.595313 0.073438 0.065625
5 0.681250 0.892969 0.037500 0.051562
5 0.376563 0.535937 0.031250 0.034375
5 0.417187 0.506250 0.034375 0.031250
1 0.282031 0.440625 0.023438 0.046875
5 0.476562 0.337500 0.031250 0.028125
