1 0.757812 0.838281 0.015625 0.017188
5 0.619531 0.892188 0.020313 0.018750
5 0.660937 0.517969 0.040625 0.035937
5 0.591406 0.419531 0.039062 0.057813
5 0.575000 0.426563 0.040625 0.050000
5 0.631250 0.341406 0.046875 0.089063
5 0.540625 0.305469 0.043750 0.079687
5 0.342969 0.375000 0.070312 0.078125
5 0.382031 0.480469 0.060937 0.054688
1 0.636719 0.670312 0.032813 0.037500
1 0.604688 0.700781 0.037500 0.029687
1 0.217969 0.832812 0.026562 0.018750
1 0.245312 0.828125 0.031250 0.031250
1 0.260937 0.746875 0.028125 0.031250
1 0.317969 0.685156 0.020313 0.032813
1 0.311719 0.795312 0.029687 0.031250
1 0.364844 0.634375 0.029687 0.046875
1 0.342969 0.602344 0.039062 0.039062
5 0.244531 0.920312 0.023438 0.021875
2 0.271875 0.825781 0.040625 0.032813
5 0.317188 0.756250 0.025000 0.025000
4 0.406250 0.694531 0.040625 0.054688
1 0.428906 0.672656 0.014063 0.026562
1 0.314063 0.599219 0.018750 0.029687
5 0.400000 0.523438 0.040625 0.043750
5 0.238281 0.671875 0.057813 0.046875
5 0.460938 0.181250 0.046875 0.062500
2 0.745313 0.676562 0.050000 0.050000
2 0.826562 0.741406 0.053125 0.048438
5 0.783594 0.646094 0.042188 0.032813
5 0.748437 0.454688 0.034375 0.046875
