4 0.885938 0.517188 0.228125 0.187500
4 0.805469 0.353906 0.092188 0.064062
4 0.737500 0.406250 0.050000 0.062500
4 0.614062 0.536719 0.059375 0.051562
4 0.330469 0.435156 0.176563 0.104688
4 0.500781 0.510156 0.051562 0.042188
4 0.439063 0.499219 0.100000 0.076563
4 0.392188 0.582031 0.065625 0.051562
4 0.487500 0.796875 0.071875 0.071875
4 0.157031 0.496094 0.064062 0.054688
4 0.021875 0.467187 0.037500 0.050000
5 0.016406 0.594531 0.020313 0.026562
4 0.200000 0.313281 0.034375 0.045312
4 0.177344 0.225000 0.067187 0.053125
5 0.117188 0.397656 0.056250 0.045312
4 0.041406 0.697656 0.032813 0.029687
4 0.239844 0.379688 0.064062 0.037500
