5 0.652344 0.760938 0.026562 0.031250
5 0.774219 0.794531 0.051562 0.035937
5 0.702344 0.826562 0.032813 0.021875
5 0.684375 0.217969 0.034375 0.051562
5 0.214062 0.491406 0.012500 0.010937
2 0.129688 0.546875 0.015625 0.034375
1 0.157031 0.563281 0.010937 0.017188
1 0.600000 0.598437 0.031250 0.025000
1 0.799219 0.529687 0.054688 0.031250
4 0.800781 0.559375 0.035937 0.037500
2 0.692187 0.418750 0.050000 0.059375
1 0.787500 0.351562 0.056250 0.034375
4 0.760938 0.278906 0.043750 0.057813
1 0.702344 0.236719 0.048438 0.045312
2 0.413281 0.430469 0.051562 0.042188
