3 0.827344 0.932031 0.054688 0.032813
5 0.739844 0.665625 0.070312 0.059375
4 0.679688 0.635156 0.112500 0.098437
4 0.884375 0.055469 0.115625 0.110937
3 0.311719 0.302344 0.189062 0.126562
4 0.239063 0.522656 0.137500 0.104688
4 0.353906 0.671875 0.060937 0.078125
4 0.520312 0.364063 0.090625 0.078125
4 0.355469 0.368750 0.045312 0.043750
4 0.312500 0.387500 0.050000 0.043750
4 0.081250 0.370312 0.078125 0.093750
4 0.098437 0.280469 0.068750 0.045312
4 0.116406 0.180469 0.039062 0.032813
4 0.298438 0.153125 0.059375 0.062500
5 0.223438 0.221094 0.056250 0.045312
5 0.421875 0.417969 0.175000 0.101562
5 0.456250 0.501563 0.050000 0.037500
4 0.054688 0.302344 0.109375 0.264062
4 0.078125 0.123438 0.081250 0.084375
5 0.050781 0.453906 0.101562 0.079687
4 0.140625 0.256250 0.031250 0.046875
4 0.382812 0.185938 0.018750 0.046875
4 0.226562 0.839844 0.028125 0.029687
