2 0.428125 0.020313 0.053125 0.040625
2 0.609375 0.332813 0.040625 0.031250
2 0.607031 0.460938 0.029687 0.028125
2 0.227344 0.368750 0.045312 0.050000
5 0.491406 0.384375 0.023438 0.037500
5 0.506250 0.363281 0.009375 0.039062
5 0.264062 0.371875 0.059375 0.040625
5 0.197656 0.385937 0.060937 0.031250
5 0.235156 0.289062 0.060937 0.031250
5 0.504687 0.306250 0.034375 0.012500
5 0.513281 0.207813 0.023438 0.025000
5 0.313281 0.170313 0.029687 0.025000
5 0.456250 0.276562 0.031250 0.025000
5 0.571875 0.286719 0.018750 0.014063
5 0.588281 0.314063 0.032813 0.025000
5 0.710938 0.517188 0.015625 0.015625
5 0.696875 0.487500 0.015625 0.015625
2 0.845313 0.598437 0.009375 0.015625
1 0.719531 0.659375 0.020313 0.012500
1 0.694531 0.660937 0.017188 0.009375
1 0.681250 0.587500 0.021875 0.012500
1 0.612500 0.573438 0.021875 0.018750
1 0.675781 0.457813 0.017188 0.012500
1 0.524219 0.470313 0.026562 0.012500
1 0.514062 0.485938 0.028125 0.015625
1 0.516406 0.421094 0.026562 0.017188
1 0.479687 0.416406 0.037500 0.017188
1 0.385937 0.377344 0.040625 0.023438
1 0.414844 0.423438 0.026562 0.018750
1 0.630469 0.236719 0.020313 0.010937
1 0.428125 0.190625 0.037500 0.028125
5 0.453906 0.435937 0.026562 0.015625
4 0.542188 0.410156 0.043750 0.029687
4 0.420312 0.162500 0.046875 0.046875
5 0.053125 0.365625 0.043750 0.040625
