4 0.630469 0.295312 0.073438 0.109375
4 0.545312 0.476562 0.065625 0.078125
4 0.491406 0.332813 0.120313 0.143750
4 0.513281 0.371094 0.120313 0.123438
4 0.507812 0.448437 0.053125 0.046875
4 0.342969 0.585938 0.067187 0.084375
4 0.321094 0.503125 0.073438 0.075000
4 0.028906 0.390625 0.057813 0.062500
2 0.301563 0.892969 0.100000 0.095312
4 0.377344 0.959375 0.076563 0.081250
4 0.235937 0.900000 0.137500 0.200000
4 0.088281 0.835938 0.067187 0.125000
4 0.110156 0.876563 0.045312 0.046875
4 0.179688 0.888281 0.087500 0.114062
4 0.289844 0.760938 0.070312 0.106250
4 0.346875 0.055469 0.075000 0.070312
5 0.093750 0.209375 0.103125 0.075000
4 0.069531 0.105469 0.054688 0.035937
4 0.215625 0.371875 0.103125 0.106250
4 0.367188 0.091406 0.084375 0.054688
5 0.339062 0.154688 0.021875 0.025000
