1 0.013281 0.290625 0.026562 0.028125
1 0.178906 0.310937 0.048438 0.037500
1 0.090625 0.199219 0.046875 0.039062
1 0.619531 0.713281 0.017188 0.014063
1 0.650781 0.699219 0.014063 0.010937
1 0.715625 0.561719 0.012500 0.010937
1 0.439063 0.610938 0.021875 0.018750
5 0.279687 0.679688 0.028125 0.025000
4 0.019531 0.382812 0.039062 0.059375
5 0.059375 0.228125 0.046875 0.046875
5 0.069531 0.209375 0.054688 0.053125
2 0.463281 0.438281 0.035937 0.057813
2 0.264062 0.498437 0.043750 0.043750
5 0.513281 0.989844 0.026562 0.020313
5 0.553906 0.992969 0.023438 0.014063
5 0.638281 0.818750 0.020313 0.015625
5 0.722656 0.889844 0.010937 0.014063
5 0.755469 0.834375 0.007812 0.009375
2 0.767969 0.657031 0.007812 0.023438
5 0.614844 0.747656 0.007812 0.014063
