4 0.837500 0.675000 0.231250 0.231250
4 0.885156 0.528125 0.167187 0.159375
4 0.959375 0.397656 0.081250 0.198437
4 0.524219 0.771094 0.064062 0.057813
4 0.457031 0.816406 0.070312 0.085938
1 0.247656 0.604688 0.017188 0.018750
3 0.295312 0.514062 0.034375 0.068750
4 0.762500 0.840625 0.090625 0.103125
5 0.669531 0.712500 0.029687 0.043750
5 0.510938 0.608594 0.059375 0.110937
5 0.471094 0.687500 0.048438 0.065625
5 0.521094 0.342969 0.039062 0.067187
5 0.486719 0.160938 0.042188 0.081250
2 0.449219 0.116406 0.051562 0.064062
2 0.591406 0.109375 0.076563 0.115625
4 0.606250 0.915625 0.071875 0.093750
4 0.624219 0.620313 0.079687 0.062500
4 0.733594 0.701562 0.048438 0.103125
4 0.750000 0.769531 0.034375 0.042188
4 0.536719 0.431250 0.064062 0.112500
4 0.655469 0.567187 0.045312 0.078125
4 0.222656 0.500000 0.020313 0.028125
4 0.194531 0.703125 0.023438 0.056250
4 0.198437 0.617969 0.018750 0.035937
4 0.227344 0.587500 0.023438 0.043750
4 0.657813 0.838281 0.059375 0.070312
4 0.453125 0.989062 0.037500 0.021875
4 0.469531 0.992969 0.029687 0.014063
4 0.525000 0.704688 0.081250 0.071875
4 0.680469 0.603125 0.048438 0.068750
