4 0.679688 0.193750 0.109375 0.121875
4 0.560937 0.118750 0.100000 0.090625
4 0.507812 0.037500 0.043750 0.075000
4 0.419531 0.335156 0.089063 0.123438
4 0.685156 0.467969 0.057813 0.067187
4 0.897656 0.522656 0.048438 0.101562
4 0.756250 0.175781 0.075000 0.079687
5 0.803125 0.246094 0.050000 0.070312
4 0.806250 0.070312 0.053125 0.081250
4 0.905469 0.129688 0.029687 0.046875
4 0.899219 0.180469 0.023438 0.026562
5 0.847656 0.228906 0.029687 0.026562
4 0.936719 0.305469 0.032813 0.039062
4 0.617188 0.045312 0.025000 0.059375
5 0.546875 0.011719 0.028125 0.020313
5 0.300000 0.317188 0.078125 0.096875
4 0.895312 0.048438 0.075000 0.071875
4 0.846875 0.116406 0.046875 0.104688
4 0.807031 0.200781 0.042188 0.051562
4 0.789062 0.305469 0.071875 0.107813
4 0.771094 0.307031 0.026562 0.032813
5 0.980469 0.175000 0.017188 0.031250
4 0.803906 0.428906 0.073438 0.145313
4 0.683594 0.085156 0.082812 0.095312
