4 0.149219 0.755469 0.245312 0.135937
4 0.282031 0.673438 0.110937 0.071875
4 0.223438 0.619531 0.165625 0.117188
4 0.075000 0.564063 0.150000 0.225000
4 0.251563 0.540625 0.165625 0.100000
4 0.289844 0.449219 0.126562 0.079687
4 0.171875 0.161719 0.203125 0.223438
2 0.153125 0.188281 0.134375 0.170313
4 0.276562 0.264062 0.084375 0.081250
4 0.370312 0.246875 0.071875 0.112500
5 0.378906 0.101562 0.210938 0.200000
4 0.474219 0.257031 0.045312 0.045312
4 0.416406 0.464062 0.076563 0.100000
4 0.639062 0.368750 0.078125 0.078125
4 0.679688 0.212500 0.109375 0.109375
4 0.825000 0.157812 0.184375 0.240625
5 0.579688 0.282813 0.090625 0.078125
4 0.600781 0.436719 0.026562 0.020313
5 0.417969 0.200000 0.017188 0.018750
4 0.946094 0.950000 0.092188 0.053125
4 0.232813 0.901563 0.028125 0.018750
4 0.173437 0.942969 0.043750 0.032813
