1 0.532813 0.323437 0.031250 0.025000
3 0.376563 0.133594 0.053125 0.076563
2 0.444531 0.389062 0.045312 0.046875
2 0.398438 0.344531 0.037500 0.048438
2 0.291406 0.395313 0.070312 0.053125
3 0.451562 0.505469 0.050000 0.029687
3 0.514062 0.404687 0.018750 0.021875
3 0.264062 0.529687 0.034375 0.034375
3 0.405469 0.637500 0.026562 0.034375
3 0.496875 0.530469 0.031250 0.045312
4 0.355469 0.521875 0.064062 0.056250
5 0.487500 0.446094 0.028125 0.032813
5 0.562500 0.313281 0.018750 0.042188
4 0.614844 0.567969 0.023438 0.032813
5 0.597656 0.399219 0.023438 0.020313
5 0.615625 0.390625 0.015625 0.021875
5 0.624219 0.411719 0.014063 0.014063
1 0.471094 0.867188 0.020313 0.018750
