2 0.206250 0.055469 0.118750 0.070312
4 0.875781 0.791406 0.054688 0.057813
4 0.812500 0.732031 0.034375 0.042188
4 0.771875 0.884375 0.056250 0.084375
4 0.639844 0.708594 0.054688 0.057813
4 0.807813 0.557031 0.021875 0.042188
4 0.809375 0.514844 0.021875 0.035937
4 0.777344 0.496094 0.017188 0.035937
4 0.841406 0.685156 0.017188 0.017188
5 0.262500 0.895312 0.109375 0.187500
4 0.270313 0.987500 0.087500 0.025000
5 0.332031 0.934375 0.067187 0.081250
5 0.733594 0.746875 0.029687 0.028125
3 0.237500 0.366406 0.078125 0.160938
