2 0.404687 0.926562 0.087500 0.137500
3 0.801562 0.978125 0.075000 0.043750
4 0.777344 0.838281 0.048438 0.054688
4 0.902344 0.521094 0.145313 0.170313
4 0.955469 0.225000 0.067187 0.100000
4 0.909375 0.743750 0.084375 0.103125
4 0.955469 0.661719 0.048438 0.045312
4 0.957031 0.735156 0.057813 0.095312
4 0.789062 0.771094 0.021875 0.039062
4 0.854688 0.685937 0.018750 0.021875
4 0.533594 0.689844 0.014063 0.048438
4 0.849219 0.976562 0.039062 0.046875
4 0.813281 0.917969 0.023438 0.020313
4 0.707031 0.860156 0.020313 0.023438
