4 0.810156 0.227344 0.198437 0.182812
4 0.729688 0.112500 0.259375 0.200000
4 0.665625 0.284375 0.059375 0.081250
4 0.664062 0.217969 0.084375 0.114062
4 0.582812 0.227344 0.131250 0.120313
4 0.489844 0.205469 0.076563 0.076563
2 0.338281 0.053125 0.107813 0.106250
4 0.355469 0.057031 0.164062 0.114062
4 0.380469 0.137500 0.067187 0.071875
4 0.406250 0.257031 0.068750 0.064062
4 0.251563 0.300000 0.053125 0.037500
4 0.277344 0.224219 0.023438 0.029687
5 0.241406 0.271875 0.057813 0.046875
5 0.275781 0.084375 0.142187 0.134375
4 0.166406 0.261719 0.073438 0.082812
4 0.089844 0.285938 0.139063 0.084375
4 0.971875 0.071875 0.056250 0.043750
4 0.906250 0.381250 0.031250 0.025000
4 0.506250 0.629687 0.046875 0.040625
4 0.632031 0.602344 0.017188 0.017188
4 0.313281 0.578125 0.026562 0.021875
