1 0.540625 0.428125 0.050000 0.034375
1 0.750000 0.526563 0.065625 0.037500
1 0.721094 0.684375 0.051562 0.053125
1 0.614844 0.768750 0.060937 0.043750
1 0.114844 0.451562 0.017188 0.015625
2 0.085938 0.474219 0.025000 0.039062
2 0.340625 0.592969 0.040625 0.057813
5 0.171094 0.538281 0.014063 0.010937
2 0.616406 0.594531 0.070312 0.057813
4 0.706250 0.742969 0.075000 0.070312
5 0.596094 0.796094 0.042188 0.054688
4 0.743750 0.486719 0.106250 0.057813
5 0.642969 0.307031 0.029687 0.032813
5 0.796094 0.274219 0.064062 0.039062
5 0.698438 0.248438 0.034375 0.021875
