5 0.041406 0.515625 0.017188 0.025000
5 0.263281 0.231250 0.035937 0.021875
5 0.467187 0.246094 0.043750 0.035937
5 0.682813 0.296094 0.081250 0.051562
5 0.789844 0.346875 0.107813 0.056250
5 0.903125 0.450781 0.059375 0.064062
5 0.752344 0.709375 0.054688 0.090625
5 0.607031 0.688281 0.067187 0.054688
5 0.308594 0.832812 0.023438 0.021875
1 0.339062 0.789844 0.028125 0.039062
1 0.402344 0.772656 0.045312 0.035937
1 0.440625 0.762500 0.043750 0.037500
1 0.357031 0.664844 0.023438 0.023438
1 0.296094 0.897656 0.026562 0.023438
1 0.278906 0.869531 0.020313 0.023438
1 0.242969 0.932813 0.032813 0.021875
1 0.250781 0.954688 0.032813 0.021875
5 0.140625 0.927344 0.018750 0.026562
2 0.224219 0.891406 0.032813 0.042188
5 0.359375 0.895312 0.056250 0.034375
1 0.072656 0.364063 0.020313 0.018750
5 0.117188 0.364844 0.018750 0.014063
2 0.142969 0.239844 0.057813 0.057813
2 0.271094 0.285156 0.060937 0.067187
1 0.289844 0.433594 0.029687 0.042188
1 0.332813 0.422656 0.025000 0.039062
5 0.470313 0.362500 0.046875 0.046875
5 0.625000 0.368750 0.053125 0.050000
5 0.648438 0.376563 0.050000 0.046875
4 0.473438 0.296094 0.059375 0.073438
5 0.535937 0.695312 0.056250 0.034375
4 0.333594 0.674219 0.045312 0.045312
