5 0.607031 0.270313 0.042188 0.043750
5 0.485938 0.502344 0.037500 0.039062
5 0.498437 0.484375 0.053125 0.043750
1 0.513281 0.474219 0.045312 0.035937
1 0.522656 0.183594 0.032813 0.032813
1 0.293750 0.261719 0.043750 0.039062
4 0.532031 0.143750 0.057813 0.053125
5 0.400781 0.474219 0.039062 0.048438
4 0.321875 0.603906 0.081250 0.070312
1 0.423438 0.531250 0.037500 0.031250
1 0.532031 0.575000 0.045312 0.034375
5 0.502344 0.593750 0.032813 0.028125
2 0.504687 0.812500 0.043750 0.053125
5 0.403906 0.950781 0.032813 0.032813
1 0.585938 0.992969 0.031250 0.014063
2 0.710156 0.832812 0.042188 0.071875
