3 0.250000 0.227344 0.031250 0.067187
4 0.367969 0.342969 0.082812 0.089063
4 0.381250 0.423438 0.065625 0.075000
5 0.571875 0.362500 0.071875 0.109375
4 0.852344 0.531250 0.117188 0.109375
4 0.742188 0.601562 0.143750 0.156250
4 0.971094 0.533594 0.057813 0.207813
4 0.765625 0.950000 0.184375 0.100000
4 0.752344 0.785156 0.148438 0.204687
5 0.886719 0.799219 0.067187 0.079687
5 0.941406 0.910937 0.079687 0.090625
5 0.908594 0.603906 0.045312 0.048438
2 0.932813 0.678125 0.121875 0.112500
2 0.878906 0.585156 0.029687 0.048438
2 0.799219 0.890625 0.035937 0.043750
