5 0.780469 0.376563 0.067187 0.062500
4 0.885156 0.565625 0.151562 0.162500
4 0.958594 0.295312 0.082812 0.128125
4 0.718750 0.797656 0.093750 0.107813
4 0.788281 0.836719 0.054688 0.082812
4 0.717969 0.728125 0.085938 0.115625
4 0.744531 0.600000 0.073438 0.090625
4 0.705469 0.657031 0.079687 0.079687
5 0.664844 0.723437 0.039062 0.075000
2 0.617188 0.357031 0.040625 0.048438
4 0.656250 0.399219 0.062500 0.057813
4 0.671094 0.346094 0.064062 0.060937
4 0.762500 0.434375 0.056250 0.093750
5 0.866406 0.175781 0.079687 0.076563
4 0.602344 0.092188 0.032813 0.037500
4 0.746094 0.195312 0.110937 0.171875
5 0.869531 0.696094 0.082812 0.110937
4 0.814063 0.700781 0.043750 0.054688
4 0.825000 0.441406 0.050000 0.039062
4 0.946094 0.501563 0.039062 0.043750
4 0.853906 0.278906 0.114062 0.132812
4 0.681250 0.083594 0.075000 0.101562
4 0.699219 0.278906 0.126562 0.132812
4 0.574219 0.667188 0.023438 0.037500
4 0.890625 0.463281 0.078125 0.067187
