5 0.285938 0.674219 0.084375 0.098437
5 0.350781 0.593750 0.060937 0.071875
4 0.569531 0.282031 0.076563 0.048438
4 0.555469 0.600000 0.060937 0.087500
4 0.457813 0.585938 0.078125 0.087500
4 0.502344 0.765625 0.070312 0.093750
4 0.550781 0.667188 0.073438 0.084375
4 0.396875 0.920312 0.065625 0.068750
4 0.391406 0.857031 0.039062 0.064062
2 0.207813 0.193750 0.053125 0.065625
5 0.110937 0.253906 0.037500 0.064062
4 0.887500 0.550781 0.043750 0.060937
4 0.625781 0.544531 0.045312 0.048438
5 0.787500 0.199219 0.165625 0.226562
5 0.543750 0.953906 0.125000 0.092188
5 0.652344 0.373437 0.054688 0.050000
