4 0.747656 0.758594 0.070312 0.151562
4 0.728906 0.629687 0.026562 0.050000
5 0.702344 0.889062 0.039062 0.046875
4 0.588281 0.875781 0.054688 0.114062
4 0.287500 0.911719 0.056250 0.073438
4 0.252344 0.981250 0.051562 0.037500
4 0.199219 0.958594 0.039062 0.060937
4 0.331250 0.820312 0.075000 0.118750
4 0.379688 0.739844 0.043750 0.082812
4 0.316406 0.746094 0.057813 0.070312
4 0.351562 0.650000 0.053125 0.075000
4 0.258594 0.564063 0.104688 0.093750
4 0.334375 0.582812 0.071875 0.081250
4 0.242188 0.462500 0.103125 0.112500
4 0.142969 0.528125 0.067187 0.062500
4 0.182812 0.584375 0.093750 0.109375
5 0.089063 0.561719 0.068750 0.076563
5 0.094531 0.347656 0.098437 0.132812
5 0.267188 0.640625 0.103125 0.084375
5 0.272656 0.792969 0.048438 0.039062
4 0.071875 0.951562 0.115625 0.096875
4 0.157031 0.167969 0.079687 0.039062
4 0.269531 0.072656 0.148438 0.132812
4 0.250781 0.028906 0.107813 0.042188
4 0.126562 0.030469 0.062500 0.035937
4 0.371875 0.947656 0.118750 0.104688
4 0.303906 0.695312 0.026562 0.028125
4 0.109375 0.452344 0.053125 0.070312
5 0.399219 0.439844 0.067187 0.082812
2 0.392969 0.583594 0.032813 0.029687
5 0.688281 0.361719 0.029687 0.032813
4 0.696094 0.467969 0.029687 0.039062
