1 0.567187 0.431250 0.034375 0.028125
1 0.674219 0.404687 0.045312 0.040625
1 0.719531 0.377344 0.057813 0.042188
1 0.696094 0.315625 0.045312 0.046875
1 0.768750 0.355469 0.062500 0.032813
1 0.523438 0.204687 0.037500 0.028125
1 0.455469 0.152344 0.042188 0.035937
1 0.419531 0.308594 0.039062 0.029687
1 0.590625 0.530469 0.040625 0.023438
4 0.579688 0.632031 0.068750 0.060937
5 0.817969 0.614062 0.057813 0.040625
5 0.910156 0.474219 0.089063 0.057813
5 0.840625 0.321875 0.084375 0.065625
5 0.775000 0.386719 0.040625 0.051562
5 0.611719 0.440625 0.042188 0.056250
5 0.643750 0.427344 0.046875 0.039062
5 0.396875 0.142187 0.040625 0.037500
5 0.363281 0.274219 0.029687 0.032813
2 0.527344 0.414062 0.039062 0.046875
2 0.459375 0.489063 0.068750 0.071875
2 0.270313 0.092969 0.043750 0.045312
1 0.421094 0.049219 0.029687 0.039062
1 0.408594 0.016406 0.039062 0.023438
2 0.657031 0.822656 0.076563 0.079687
5 0.569531 0.507812 0.057813 0.050000
4 0.557813 0.469531 0.046875 0.045312
