1 0.471094 0.671094 0.026562 0.029687
5 0.409375 0.747656 0.025000 0.042188
5 0.378906 0.736719 0.020313 0.026562
5 0.357812 0.639062 0.034375 0.031250
4 0.374219 0.460156 0.020313 0.026562
3 0.485156 0.464062 0.045312 0.034375
5 0.510938 0.592969 0.037500 0.039062
3 0.453906 0.582031 0.020313 0.026562
3 0.498437 0.664844 0.059375 0.060937
3 0.728906 0.473438 0.026562 0.034375
3 0.560937 0.374219 0.028125 0.035937
2 0.626563 0.561719 0.068750 0.045312
2 0.537500 0.661719 0.046875 0.048438
2 0.592187 0.684375 0.040625 0.046875
2 0.530469 0.858594 0.029687 0.035937
3 0.529687 0.535156 0.034375 0.035937
4 0.567187 0.420312 0.059375 0.046875
1 0.542188 0.222656 0.021875 0.017188
