1 0.485938 0.364063 0.028125 0.015625
1 0.564063 0.535937 0.031250 0.028125
1 0.546875 0.554688 0.028125 0.015625
1 0.499219 0.568750 0.029687 0.025000
1 0.476562 0.578125 0.025000 0.015625
1 0.490625 0.593750 0.031250 0.015625
1 0.359375 0.432812 0.009375 0.015625
5 0.383594 0.465625 0.017188 0.015625
5 0.373437 0.485156 0.034375 0.023438
5 0.470313 0.495312 0.025000 0.028125
5 0.467187 0.530469 0.021875 0.039062
5 0.490625 0.545312 0.031250 0.015625
5 0.532813 0.562500 0.021875 0.012500
5 0.651563 0.559375 0.046875 0.034375
5 0.682813 0.576562 0.059375 0.040625
5 0.654687 0.475781 0.053125 0.026562
5 0.421094 0.364063 0.020313 0.021875
5 0.514062 0.394531 0.031250 0.023438
5 0.567187 0.371875 0.037500 0.018750
5 0.796875 0.513281 0.031250 0.035937
2 0.452344 0.235937 0.026562 0.068750
2 0.181250 0.801562 0.015625 0.021875
2 0.389062 0.590625 0.034375 0.031250
2 0.373437 0.510938 0.028125 0.031250
4 0.450000 0.540625 0.040625 0.025000
1 0.346094 0.621875 0.020313 0.015625
1 0.367969 0.757031 0.023438 0.014063
1 0.419531 0.735156 0.017188 0.020313
1 0.355469 0.860156 0.023438 0.014063
1 0.335938 0.871094 0.021875 0.017188
5 0.308594 0.662500 0.020313 0.015625
5 0.310156 0.707812 0.020313 0.012500
1 0.493750 0.617188 0.025000 0.015625
