3 0.803125 0.124219 0.050000 0.029687
5 0.732812 0.369531 0.062500 0.051562
4 0.678125 0.398438 0.100000 0.087500
4 0.894531 0.935156 0.126562 0.129688
3 0.353125 0.712500 0.168750 0.109375
4 0.281250 0.515625 0.121875 0.090625
4 0.380469 0.375781 0.054688 0.070312
4 0.540625 0.651563 0.081250 0.068750
4 0.391406 0.650781 0.042188 0.039062
4 0.353125 0.635156 0.043750 0.039062
4 0.142187 0.660156 0.068750 0.082812
4 0.160156 0.739844 0.060937 0.039062
4 0.179688 0.831250 0.034375 0.028125
4 0.346875 0.849219 0.053125 0.054688
5 0.276562 0.791406 0.050000 0.039062
5 0.450781 0.603906 0.157812 0.085938
5 0.479687 0.527344 0.043750 0.032813
4 0.083594 0.719531 0.167187 0.245312
5 0.008594 0.894531 0.017188 0.098437
4 0.146875 0.883594 0.071875 0.076563
5 0.094531 0.582812 0.123438 0.071875
4 0.200000 0.760938 0.028125 0.043750
4 0.422656 0.817969 0.017188 0.042188
4 0.258594 0.226562 0.026562 0.028125
