5 0.611719 0.167969 0.042188 0.039062
5 0.564844 0.362500 0.051562 0.043750
5 0.579688 0.446875 0.028125 0.050000
5 0.598437 0.476562 0.028125 0.037500
4 0.641406 0.513281 0.042188 0.035937
2 0.604688 0.641406 0.037500 0.045312
5 0.630469 0.633594 0.020313 0.023438
2 0.709375 0.610938 0.059375 0.043750
1 0.597656 0.691406 0.023438 0.014063
1 0.474219 0.563281 0.026562 0.026562
1 0.383594 0.574219 0.023438 0.026562
1 0.372656 0.663281 0.023438 0.020313
1 0.315625 0.585938 0.028125 0.021875
1 0.300000 0.594531 0.018750 0.026562
1 0.158594 0.638281 0.023438 0.023438
1 0.164844 0.600781 0.026562 0.020313
1 0.342969 0.672656 0.023438 0.014063
5 0.165625 0.628125 0.015625 0.012500
2 0.224219 0.655469 0.029687 0.026562
5 0.213281 0.532031 0.014063 0.026562
5 0.309375 0.630469 0.028125 0.045312
2 0.034375 0.892969 0.015625 0.010937
4 0.284375 0.622656 0.040625 0.042188
1 0.310156 0.606250 0.017188 0.015625
1 0.496875 0.750000 0.012500 0.012500
5 0.501563 0.696094 0.018750 0.020313
5 0.497656 0.650781 0.020313 0.020313
5 0.449219 0.630469 0.020313 0.020313
5 0.442969 0.624219 0.023438 0.020313
5 0.461719 0.575000 0.035937 0.015625
5 0.510938 0.585938 0.031250 0.021875
5 0.564844 0.542969 0.017188 0.017188
