5 0.313281 0.259375 0.029687 0.034375
5 0.178906 0.231250 0.057813 0.040625
5 0.254688 0.190625 0.037500 0.025000
5 0.321875 0.853906 0.040625 0.057813
5 0.811719 0.521094 0.014063 0.014063
2 0.900000 0.453125 0.018750 0.037500
1 0.868750 0.438281 0.012500 0.017188
1 0.384375 0.432031 0.034375 0.029687
1 0.172656 0.523438 0.060937 0.037500
4 0.168750 0.489844 0.040625 0.045312
2 0.296094 0.633594 0.060937 0.067187
1 0.197656 0.716406 0.064062 0.042188
4 0.232813 0.792188 0.053125 0.065625
1 0.300000 0.833594 0.056250 0.051562
2 0.600000 0.601562 0.056250 0.050000
