2 0.007812 0.601562 0.015625 0.053125
2 0.306250 0.421875 0.031250 0.040625
2 0.432812 0.424219 0.028125 0.029687
2 0.342187 0.803125 0.050000 0.043750
5 0.356250 0.538281 0.037500 0.023438
5 0.336719 0.523438 0.039062 0.009375
5 0.345313 0.765625 0.040625 0.059375
5 0.357812 0.830469 0.031250 0.060937
5 0.262500 0.792969 0.031250 0.060937
5 0.279687 0.526563 0.012500 0.034375
5 0.182812 0.517969 0.025000 0.023438
5 0.143750 0.716406 0.025000 0.029687
5 0.250000 0.575000 0.025000 0.031250
5 0.260156 0.459375 0.014063 0.018750
5 0.286719 0.442969 0.023438 0.032813
5 0.489063 0.321875 0.015625 0.015625
5 0.460156 0.334375 0.014063 0.015625
2 0.570312 0.187500 0.015625 0.009375
1 0.629687 0.311719 0.012500 0.020313
1 0.632812 0.336719 0.009375 0.017188
1 0.559375 0.350000 0.012500 0.021875
1 0.545312 0.418750 0.018750 0.021875
1 0.429688 0.355469 0.012500 0.017188
1 0.442188 0.507031 0.012500 0.026562
1 0.457813 0.517188 0.015625 0.028125
1 0.394531 0.514844 0.017188 0.026562
1 0.389844 0.551562 0.017188 0.037500
1 0.350781 0.645312 0.023438 0.040625
1 0.396875 0.614844 0.018750 0.026562
1 0.210156 0.400781 0.010937 0.020313
1 0.164062 0.603125 0.028125 0.037500
5 0.409375 0.577344 0.015625 0.026562
4 0.382031 0.487500 0.029687 0.043750
4 0.135937 0.610938 0.046875 0.046875
5 0.339062 0.975000 0.040625 0.043750
