4 0.722656 0.102344 0.160938 0.157812
4 0.673438 0.362500 0.131250 0.125000
4 0.839844 0.232031 0.042188 0.085938
4 0.796094 0.303125 0.114062 0.093750
4 0.962500 0.575000 0.075000 0.084375
4 0.424219 0.282813 0.042188 0.050000
4 0.538281 0.232813 0.054688 0.075000
4 0.587500 0.356250 0.093750 0.121875
4 0.465625 0.150000 0.075000 0.090625
4 0.712500 0.245312 0.153125 0.153125
4 0.862500 0.131250 0.084375 0.146875
5 0.817187 0.149219 0.031250 0.039062
5 0.949219 0.102344 0.085938 0.060937
5 0.518750 0.418750 0.043750 0.062500
5 0.478906 0.379688 0.035937 0.031250
5 0.963281 0.667969 0.039062 0.079687
4 0.603125 0.668750 0.062500 0.068750
4 0.634375 0.128125 0.028125 0.040625
4 0.375000 0.418750 0.028125 0.050000
4 0.382812 0.653906 0.065625 0.101562
4 0.521875 0.338281 0.053125 0.089063
4 0.549219 0.495312 0.023438 0.031250
4 0.422656 0.333594 0.020313 0.029687
4 0.475000 0.598437 0.106250 0.156250
4 0.529687 0.485156 0.087500 0.117188
4 0.468750 0.431250 0.084375 0.100000
4 0.489844 0.288281 0.060937 0.067187
4 0.480469 0.352344 0.032813 0.045312
4 0.603906 0.068750 0.120313 0.131250
5 0.993750 0.105469 0.012500 0.035937
