4 0.801562 0.901563 0.159375 0.146875
4 0.701562 0.596875 0.028125 0.068750
4 0.613281 0.282813 0.039062 0.059375
4 0.760938 0.031250 0.168750 0.056250
4 0.607031 0.029687 0.060937 0.053125
4 0.474219 0.388281 0.073438 0.129688
4 0.541406 0.367188 0.064062 0.100000
4 0.558594 0.485938 0.026562 0.050000
4 0.416406 0.439063 0.023438 0.031250
4 0.389844 0.775781 0.032813 0.067187
4 0.428125 0.864844 0.021875 0.029687
4 0.553125 0.967187 0.043750 0.040625
4 0.900000 0.085938 0.021875 0.043750
4 0.921094 0.908594 0.064062 0.114062
