5 0.169531 0.711719 0.020313 0.039062
5 0.236719 0.261719 0.026562 0.048438
5 0.546875 0.301563 0.009375 0.012500
5 0.725000 0.795312 0.046875 0.031250
2 0.570312 0.474219 0.040625 0.054688
2 0.539844 0.753906 0.054688 0.057813
2 0.500000 0.220312 0.034375 0.015625
1 0.481250 0.245312 0.015625 0.009375
1 0.379688 0.645312 0.025000 0.031250
1 0.432031 0.823438 0.026562 0.053125
1 0.582031 0.898438 0.029687 0.056250
4 0.668750 0.882031 0.053125 0.060937
5 0.017969 0.975781 0.020313 0.048438
5 0.184375 0.650000 0.021875 0.021875
5 0.216406 0.625000 0.014063 0.028125
1 0.707031 0.812500 0.035937 0.046875
4 0.405469 0.875781 0.045312 0.067187
