3 0.877344 0.198437 0.029687 0.050000
5 0.630469 0.268750 0.051562 0.062500
4 0.601562 0.323437 0.087500 0.100000
4 0.064844 0.105469 0.129688 0.126562
3 0.287500 0.646875 0.109375 0.168750
4 0.485938 0.720313 0.090625 0.121875
4 0.625781 0.621094 0.070312 0.054688
4 0.350000 0.459375 0.068750 0.081250
4 0.349219 0.610156 0.039062 0.042188
4 0.364844 0.648438 0.039062 0.043750
4 0.341406 0.859375 0.082812 0.068750
4 0.260156 0.839844 0.039062 0.060937
4 0.170313 0.820312 0.028125 0.034375
4 0.150781 0.654687 0.054688 0.053125
5 0.210156 0.725000 0.039062 0.050000
5 0.396094 0.549219 0.085938 0.157812
5 0.472656 0.521875 0.032813 0.043750
4 0.280469 0.916406 0.245312 0.167187
5 0.105469 0.991406 0.098437 0.017188
4 0.117969 0.854688 0.076563 0.071875
5 0.418750 0.905469 0.071875 0.123438
4 0.240625 0.800000 0.043750 0.028125
4 0.183594 0.578906 0.042188 0.017188
4 0.773438 0.742969 0.028125 0.026562
