4 0.487500 0.546875 0.037500 0.037500
4 0.610938 0.497656 0.056250 0.060937
2 0.267969 0.541406 0.060937 0.064062
2 0.646875 0.590625 0.043750 0.065625
2 0.664062 0.507031 0.040625 0.039062
5 0.667188 0.413281 0.050000 0.042188
5 0.672656 0.362500 0.026562 0.078125
5 0.708594 0.133594 0.082812 0.048438
5 0.683594 0.232031 0.051562 0.048438
5 0.503906 0.056250 0.051562 0.050000
5 0.542969 0.160156 0.051562 0.079687
5 0.434375 0.318750 0.031250 0.043750
5 0.571094 0.481250 0.048438 0.056250
1 0.816406 0.536719 0.020313 0.035937
1 0.871094 0.378125 0.026562 0.046875
1 0.995313 0.366406 0.009375 0.051562
5 0.870313 0.607812 0.028125 0.034375
1 0.740625 0.208594 0.046875 0.039062
1 0.678906 0.209375 0.035937 0.059375
1 0.638281 0.259375 0.042188 0.056250
1 0.631250 0.309375 0.031250 0.062500
1 0.670312 0.462500 0.028125 0.040625
