1 0.912500 0.223438 0.040625 0.025000
1 0.750000 0.285938 0.046875 0.034375
1 0.808594 0.154688 0.045312 0.037500
1 0.414844 0.789844 0.017188 0.014063
1 0.381250 0.783594 0.012500 0.010937
1 0.283594 0.663281 0.010937 0.010937
1 0.565625 0.642969 0.021875 0.017188
5 0.739844 0.672656 0.026562 0.023438
4 0.937500 0.314844 0.068750 0.054688
5 0.846875 0.175781 0.043750 0.045312
5 0.957812 0.127344 0.028125 0.054688
5 0.832031 0.160156 0.051562 0.051562
2 0.501563 0.479687 0.034375 0.059375
2 0.710938 0.491406 0.040625 0.042188
5 0.422656 0.897656 0.020313 0.014063
5 0.357031 0.985938 0.010937 0.012500
5 0.310937 0.940625 0.009375 0.009375
2 0.254688 0.769531 0.006250 0.023438
5 0.427344 0.821875 0.007812 0.012500
