4 0.825781 0.065625 0.176563 0.131250
4 0.729688 0.382031 0.031250 0.076563
4 0.643750 0.726562 0.043750 0.065625
4 0.815625 0.975000 0.181250 0.028125
4 0.646875 0.984375 0.065625 0.021875
4 0.491406 0.617188 0.085938 0.143750
4 0.564844 0.639062 0.073438 0.109375
4 0.578125 0.508594 0.031250 0.054688
4 0.425781 0.564063 0.026562 0.034375
4 0.384375 0.200781 0.037500 0.073438
4 0.421094 0.102344 0.026562 0.032813
4 0.553906 0.005469 0.048438 0.010937
4 0.964063 0.932031 0.025000 0.048438
4 0.948438 0.050781 0.062500 0.101562
