4 0.242188 0.052344 0.075000 0.060937
4 0.092969 0.311719 0.139063 0.123438
4 0.346875 0.491406 0.096875 0.089063
4 0.029687 0.809375 0.059375 0.043750
4 0.395313 0.787500 0.081250 0.053125
4 0.477344 0.657813 0.070312 0.075000
4 0.529687 0.700781 0.087500 0.110937
4 0.474219 0.398438 0.107813 0.100000
4 0.574219 0.371094 0.182812 0.139063
4 0.803906 0.376563 0.098437 0.106250
4 0.671094 0.507812 0.276562 0.153125
4 0.706250 0.665625 0.212500 0.218750
5 0.868750 0.625000 0.215625 0.234375
4 0.029687 0.864062 0.053125 0.056250
