1 0.725781 0.493750 0.035937 0.034375
5 0.643750 0.532813 0.040625 0.050000
2 0.710156 0.542188 0.054688 0.059375
2 0.743750 0.625000 0.046875 0.046875
2 0.883594 0.564063 0.035937 0.028125
3 0.559375 0.628125 0.050000 0.068750
3 0.678125 0.507031 0.028125 0.070312
3 0.495312 0.489844 0.053125 0.029687
3 0.560156 0.524219 0.054688 0.032813
5 0.636719 0.469531 0.026562 0.017188
5 0.813281 0.400000 0.026562 0.021875
5 0.719531 0.364063 0.035937 0.028125
4 0.517969 0.360156 0.026562 0.020313
3 0.421875 0.693750 0.034375 0.031250
3 0.411719 0.507812 0.048438 0.056250
3 0.370312 0.523438 0.034375 0.025000
1 0.224219 0.467969 0.014063 0.020313
