4 0.256250 0.787500 0.162500 0.087500
4 0.385937 0.755469 0.053125 0.032813
5 0.117969 0.755469 0.051562 0.045312
4 0.120313 0.639062 0.121875 0.068750
4 0.050781 0.335938 0.079687 0.062500
4 0.014063 0.251563 0.028125 0.046875
4 0.150000 0.371875 0.128125 0.087500
4 0.236719 0.411719 0.085938 0.051562
4 0.221875 0.348438 0.078125 0.065625
4 0.323437 0.373437 0.081250 0.059375
4 0.402344 0.270313 0.107813 0.115625
4 0.392188 0.348438 0.090625 0.081250
4 0.504687 0.242969 0.125000 0.117188
4 0.425781 0.149219 0.070312 0.073438
4 0.373437 0.195312 0.121875 0.106250
5 0.386719 0.098437 0.082812 0.075000
5 0.603125 0.079687 0.143750 0.112500
5 0.325000 0.287500 0.096875 0.112500
5 0.170313 0.310156 0.043750 0.051562
4 0.021875 0.122656 0.043750 0.123438
4 0.792969 0.123438 0.048438 0.084375
4 0.903125 0.229687 0.146875 0.162500
4 0.943750 0.203906 0.053125 0.114062
4 0.929688 0.078906 0.040625 0.067187
4 0.042188 0.425781 0.084375 0.129688
4 0.275000 0.329688 0.031250 0.028125
4 0.499219 0.107031 0.076563 0.060937
5 0.543750 0.399219 0.090625 0.076563
2 0.397656 0.407813 0.032813 0.034375
5 0.653125 0.685156 0.034375 0.032813
4 0.546094 0.703906 0.042188 0.032813
