4 0.557813 0.078906 0.081250 0.051562
4 0.806250 0.067187 0.109375 0.106250
4 0.336719 0.115625 0.067187 0.084375
4 0.425781 0.352344 0.104688 0.082812
4 0.492969 0.346875 0.060937 0.053125
4 0.652344 0.616406 0.035937 0.026562
4 0.794531 0.741406 0.073438 0.039062
4 0.286719 0.568750 0.048438 0.043750
4 0.269531 0.600781 0.092188 0.042188
4 0.232031 0.267969 0.151562 0.098437
4 0.103125 0.239844 0.040625 0.051562
5 0.775000 0.361719 0.078125 0.023438
4 0.416406 0.611719 0.067187 0.039062
4 0.302344 0.977344 0.085938 0.026562
5 0.007031 0.569531 0.014063 0.045312
