1 0.811719 0.337500 0.020313 0.043750
3 0.470313 0.293750 0.062500 0.053125
3 0.369531 0.335156 0.057813 0.035937
3 0.553906 0.566406 0.067187 0.060937
3 0.623437 0.275000 0.025000 0.021875
3 0.751563 0.474219 0.028125 0.076563
3 0.796094 0.576562 0.076563 0.037500
2 0.503125 0.500000 0.040625 0.053125
2 0.871094 0.521875 0.064062 0.053125
2 0.923438 0.890625 0.059375 0.087500
5 0.625000 0.428125 0.031250 0.043750
4 0.657813 0.252344 0.043750 0.045312
4 0.811719 0.140625 0.023438 0.015625
4 0.614844 0.073438 0.020313 0.018750
4 0.785937 0.029687 0.025000 0.025000
