5 0.318750 0.658594 0.028125 0.067187
5 0.319531 0.575781 0.032813 0.026562
5 0.425781 0.642969 0.017188 0.023438
5 0.444531 0.647656 0.029687 0.042188
5 0.490625 0.531250 0.037500 0.034375
5 0.553125 0.326562 0.046875 0.040625
5 0.569531 0.296875 0.048438 0.056250
5 0.453906 0.302344 0.029687 0.060937
5 0.482812 0.164062 0.040625 0.037500
5 0.516406 0.455469 0.020313 0.023438
5 0.516406 0.514844 0.020313 0.048438
5 0.507031 0.547656 0.048438 0.023438
2 0.192969 0.518750 0.076563 0.059375
4 0.328125 0.496875 0.040625 0.040625
1 0.337500 0.463281 0.021875 0.039062
5 0.346875 0.375781 0.021875 0.035937
2 0.476562 0.654687 0.043750 0.043750
2 0.567969 0.632812 0.032813 0.028125
4 0.518750 0.576562 0.040625 0.034375
1 0.547656 0.508594 0.032813 0.032813
1 0.562500 0.552344 0.031250 0.032813
1 0.571094 0.529687 0.020313 0.040625
1 0.604688 0.529687 0.034375 0.034375
1 0.527344 0.436719 0.023438 0.026562
1 0.587500 0.689844 0.015625 0.020313
1 0.528906 0.413281 0.032813 0.029687
1 0.732031 0.678906 0.017188 0.026562
1 0.716406 0.631250 0.023438 0.018750
1 0.845313 0.676562 0.021875 0.025000
1 0.858594 0.697656 0.017188 0.023438
2 0.771875 0.853906 0.025000 0.014063
5 0.683594 0.719531 0.014063 0.017188
5 0.627344 0.724219 0.017188 0.023438
1 0.389062 0.662500 0.018750 0.018750
