4 0.235156 0.945312 0.073438 0.059375
4 0.092188 0.679688 0.143750 0.121875
4 0.357812 0.504687 0.096875 0.087500
4 0.039062 0.172656 0.078125 0.039062
4 0.417187 0.209375 0.081250 0.050000
4 0.494531 0.342969 0.070312 0.073438
4 0.550781 0.301563 0.085938 0.112500
4 0.482812 0.603125 0.109375 0.100000
4 0.583594 0.635938 0.179688 0.134375
4 0.813281 0.636719 0.095312 0.104688
4 0.685156 0.500000 0.279687 0.146875
4 0.725000 0.342969 0.209375 0.217188
5 0.889062 0.389062 0.212500 0.231250
5 0.789844 0.008594 0.126562 0.017188
4 0.051562 0.117188 0.053125 0.056250
