5 0.212500 0.639844 0.062500 0.048438
5 0.165625 0.042969 0.046875 0.023438
5 0.888281 0.017188 0.057813 0.034375
5 0.758594 0.642188 0.029687 0.028125
4 0.540625 0.574219 0.037500 0.098437
1 0.594531 0.746094 0.026562 0.048438
1 0.458594 0.489844 0.039062 0.073438
1 0.315625 0.487500 0.037500 0.075000
1 0.264844 0.629687 0.029687 0.050000
4 0.260937 0.557813 0.075000 0.068750
2 0.346875 0.985156 0.050000 0.029687
2 0.463281 0.628125 0.051562 0.053125
5 0.707031 0.467969 0.029687 0.060937
5 0.718750 0.681250 0.034375 0.028125
1 0.455469 0.253125 0.035937 0.050000
