5 0.635156 0.260937 0.032813 0.031250
5 0.442188 0.232031 0.050000 0.042188
5 0.253125 0.450000 0.087500 0.050000
5 0.278125 0.543750 0.143750 0.087500
2 0.588281 0.821094 0.067187 0.089063
2 0.593750 0.413281 0.081250 0.076563
2 0.519531 0.571094 0.057813 0.051562
2 0.607031 0.033594 0.051562 0.054688
1 0.556250 0.371875 0.040625 0.040625
1 0.474219 0.502344 0.035937 0.042188
1 0.363281 0.306250 0.045312 0.053125
1 0.364063 0.196875 0.056250 0.031250
1 0.314844 0.114844 0.073438 0.045312
1 0.246094 0.501563 0.073438 0.050000
1 0.241406 0.536719 0.057813 0.045312
1 0.261719 0.649219 0.057813 0.057813
5 0.375781 0.713281 0.042188 0.026562
4 0.594531 0.517969 0.057813 0.054688
