2 0.451562 0.415625 0.087500 0.059375
2 0.282031 0.566406 0.035937 0.020313
4 0.270313 0.107031 0.106250 0.117188
5 0.463281 0.278125 0.064062 0.059375
4 0.524219 0.417969 0.110937 0.104688
4 0.500781 0.487500 0.076563 0.046875
4 0.366406 0.385937 0.107813 0.071875
4 0.684375 0.396875 0.040625 0.034375
4 0.744531 0.253906 0.054688 0.032813
4 0.738281 0.169531 0.054688 0.060937
5 0.684375 0.141406 0.115625 0.076563
4 0.360938 0.221875 0.156250 0.225000
4 0.493750 0.078906 0.293750 0.157812
5 0.699219 0.614062 0.092188 0.090625
4 0.800781 0.202344 0.129688 0.126562
4 0.868750 0.146875 0.084375 0.059375
4 0.804688 0.089063 0.175000 0.109375
4 0.951562 0.103125 0.084375 0.075000
4 0.933594 0.342969 0.095312 0.070312
4 0.958594 0.361719 0.082812 0.076563
4 0.950000 0.272656 0.100000 0.139063
4 0.750781 0.428125 0.173437 0.096875
4 0.009375 0.518750 0.018750 0.062500
3 0.887500 0.764062 0.081250 0.056250
