5 0.714063 0.327344 0.084375 0.098437
5 0.650781 0.407813 0.060937 0.071875
4 0.432031 0.719531 0.076563 0.048438
4 0.446094 0.400000 0.060937 0.087500
4 0.543750 0.415625 0.078125 0.087500
4 0.497656 0.235937 0.070312 0.093750
4 0.450781 0.334375 0.073438 0.084375
4 0.604688 0.079687 0.065625 0.068750
4 0.608594 0.142969 0.039062 0.064062
2 0.793750 0.807813 0.053125 0.065625
5 0.890625 0.746094 0.037500 0.064062
4 0.112500 0.450781 0.043750 0.060937
4 0.374219 0.457031 0.045312 0.048438
5 0.212500 0.800781 0.165625 0.226562
5 0.456250 0.046094 0.125000 0.092188
5 0.349219 0.626563 0.054688 0.050000
