4 0.540625 0.942187 0.150000 0.115625
4 0.375000 0.967187 0.165625 0.065625
4 0.262500 0.865625 0.090625 0.134375
4 0.185156 0.862500 0.095312 0.081250
4 0.356250 0.923438 0.096875 0.081250
4 0.315625 0.838281 0.050000 0.085938
4 0.350781 0.767969 0.117188 0.139063
4 0.421094 0.734375 0.085938 0.100000
4 0.350781 0.653125 0.032813 0.028125
5 0.371875 0.632031 0.100000 0.101562
4 0.452344 0.647656 0.067187 0.051562
4 0.369531 0.561719 0.107813 0.110937
4 0.312500 0.575000 0.109375 0.115625
5 0.263281 0.514844 0.057813 0.067187
4 0.308594 0.499219 0.057813 0.057813
4 0.356250 0.449219 0.090625 0.139063
5 0.318750 0.271875 0.109375 0.087500
4 0.507812 0.134375 0.100000 0.103125
4 0.438281 0.168750 0.039062 0.084375
4 0.496875 0.063281 0.112500 0.126562
5 0.550000 0.056250 0.043750 0.081250
4 0.390625 0.039062 0.050000 0.059375
4 0.489063 0.017188 0.062500 0.034375
2 0.508594 0.611719 0.032813 0.029687
4 0.787500 0.927344 0.050000 0.051562
4 0.256250 0.374219 0.121875 0.173437
5 0.311719 0.058594 0.042188 0.060937
5 0.526563 0.412500 0.037500 0.037500
