2 0.967969 0.445312 0.064062 0.134375
2 0.906250 0.904687 0.140625 0.131250
3 0.547656 0.416406 0.076563 0.042188
5 0.321875 0.563281 0.065625 0.082812
2 0.018750 0.715625 0.037500 0.059375
4 0.257031 0.947656 0.114062 0.082812
4 0.207031 0.767188 0.042188 0.028125
4 0.481250 0.839063 0.090625 0.046875
4 0.446094 0.921094 0.120313 0.098437
4 0.290625 0.735156 0.156250 0.089063
5 0.075000 0.644531 0.087500 0.054688
4 0.714063 0.930469 0.418750 0.139063
4 0.953906 0.838281 0.051562 0.064062
4 0.604688 0.856250 0.137500 0.150000
4 0.221094 0.915625 0.051562 0.028125
