2 0.339844 0.470313 0.064062 0.059375
2 0.587500 0.464844 0.059375 0.051562
1 0.760156 0.408594 0.067187 0.042188
1 0.640625 0.575781 0.062500 0.032813
1 0.490625 0.654687 0.034375 0.028125
5 0.613281 0.882812 0.042188 0.028125
5 0.506250 0.810156 0.031250 0.029687
5 0.546094 0.821094 0.029687 0.017188
5 0.598437 0.665625 0.028125 0.043750
4 0.736719 0.592969 0.092188 0.048438
2 0.079687 0.607031 0.021875 0.039062
1 0.100781 0.619531 0.010937 0.017188
5 0.154688 0.535156 0.015625 0.020313
5 0.557813 0.289844 0.040625 0.064062
5 0.617188 0.260937 0.053125 0.068750
1 0.638281 0.278906 0.054688 0.045312
4 0.727344 0.300000 0.064062 0.065625
