2 0.508594 0.254688 0.051562 0.078125
2 0.637500 0.534375 0.053125 0.046875
2 0.619531 0.626563 0.035937 0.034375
2 0.881250 0.791406 0.018750 0.023438
2 0.739844 0.673438 0.023438 0.015625
1 0.482812 0.393750 0.037500 0.025000
1 0.506250 0.591406 0.037500 0.032813
1 0.522656 0.614062 0.035937 0.021875
1 0.536719 0.607812 0.023438 0.031250
1 0.518750 0.650781 0.034375 0.035937
1 0.628125 0.768750 0.021875 0.025000
1 0.695312 0.782813 0.025000 0.018750
1 0.700000 0.641406 0.028125 0.020313
1 0.462500 0.554688 0.021875 0.028125
1 0.442188 0.577344 0.034375 0.032813
1 0.632812 0.453125 0.025000 0.018750
5 0.547656 0.376563 0.032813 0.028125
5 0.416406 0.403125 0.032813 0.021875
5 0.625000 0.502344 0.034375 0.029687
5 0.744531 0.732812 0.020313 0.015625
4 0.508594 0.383594 0.029687 0.039062
5 0.365625 0.510938 0.056250 0.031250
5 0.275000 0.544531 0.043750 0.042188
5 0.360156 0.621094 0.054688 0.048438
5 0.503906 0.553906 0.039062 0.032813
5 0.534375 0.551562 0.031250 0.043750
5 0.475000 0.540625 0.021875 0.018750
1 0.707031 0.893750 0.026562 0.021875
4 0.563281 0.567969 0.039062 0.042188
