2 0.061719 0.578125 0.120313 0.084375
3 0.021094 0.162500 0.042188 0.075000
4 0.164844 0.197656 0.054688 0.045312
4 0.499219 0.086719 0.170313 0.142187
4 0.810156 0.046094 0.101562 0.064062
4 0.270313 0.066406 0.103125 0.082812
4 0.357812 0.026562 0.046875 0.043750
4 0.282031 0.025000 0.095312 0.037500
4 0.234375 0.189062 0.037500 0.021875
4 0.327344 0.126562 0.020313 0.018750
4 0.306250 0.458594 0.050000 0.010937
4 0.022656 0.114844 0.045312 0.039062
4 0.082812 0.156250 0.018750 0.021875
4 0.137500 0.270313 0.021875 0.018750
