4 0.293750 0.833594 0.300000 0.314063
4 0.236719 0.621875 0.229687 0.200000
4 0.012500 0.651563 0.025000 0.106250
4 0.035156 0.746875 0.070312 0.078125
4 0.470313 0.683594 0.137500 0.135937
4 0.377344 0.614062 0.076563 0.090625
4 0.207031 0.901563 0.032813 0.056250
4 0.538281 0.731250 0.076563 0.062500
4 0.685156 0.707031 0.076563 0.060937
2 0.697656 0.945312 0.120313 0.109375
4 0.667188 0.942187 0.187500 0.115625
4 0.646094 0.834375 0.070312 0.087500
4 0.688281 0.812500 0.060937 0.100000
4 0.789062 0.778125 0.028125 0.034375
5 0.769531 0.928125 0.164062 0.143750
4 0.626563 0.250781 0.056250 0.048438
4 0.475000 0.260156 0.025000 0.017188
4 0.843750 0.383594 0.031250 0.026562
4 0.139063 0.422656 0.031250 0.026562
5 0.021875 0.434375 0.040625 0.046875
4 0.868750 0.725000 0.065625 0.037500
5 0.853125 0.764844 0.081250 0.064062
4 0.942969 0.807031 0.032813 0.039062
4 0.943750 0.767188 0.028125 0.028125
