1 0.833594 0.048438 0.026562 0.034375
1 0.767188 0.211719 0.037500 0.048438
1 0.902344 0.153125 0.039062 0.046875
1 0.246094 0.544531 0.014063 0.017188
1 0.253906 0.579688 0.010937 0.015625
1 0.372656 0.681250 0.010937 0.012500
1 0.399219 0.392969 0.017188 0.023438
5 0.371875 0.214844 0.025000 0.026562
4 0.739844 0.036719 0.054688 0.032813
5 0.882031 0.114062 0.048438 0.046875
5 0.897656 0.130469 0.051562 0.054688
2 0.565625 0.461719 0.059375 0.035937
2 0.556250 0.246875 0.043750 0.043750
5 0.136719 0.535156 0.014063 0.020313
5 0.042969 0.600781 0.014063 0.010937
5 0.090625 0.648438 0.009375 0.009375
2 0.264062 0.708594 0.025000 0.007812
5 0.214062 0.532031 0.012500 0.007812
