5 0.703906 0.263281 0.032813 0.029687
5 0.517188 0.201563 0.050000 0.040625
5 0.292969 0.384375 0.089063 0.046875
5 0.301563 0.481250 0.143750 0.084375
2 0.559375 0.810156 0.065625 0.089063
2 0.636719 0.407031 0.079687 0.073438
2 0.535156 0.550000 0.057813 0.050000
2 0.714844 0.037500 0.048438 0.050000
1 0.606250 0.359375 0.040625 0.040625
1 0.500781 0.473438 0.035937 0.040625
1 0.426563 0.261719 0.043750 0.051562
1 0.445312 0.152344 0.056250 0.029687
1 0.411719 0.064062 0.073438 0.043750
1 0.276562 0.433594 0.071875 0.048438
1 0.265625 0.468750 0.056250 0.043750
1 0.267188 0.582812 0.056250 0.056250
5 0.366406 0.665625 0.042188 0.025000
4 0.617969 0.510938 0.057813 0.053125
