4 0.396094 0.372656 0.135937 0.160938
4 0.262500 0.444531 0.200000 0.204687
4 0.111719 0.490625 0.148438 0.203125
4 0.432031 0.249219 0.085938 0.085938
4 0.519531 0.107031 0.089063 0.107813
4 0.611719 0.600000 0.076563 0.109375
4 0.154688 0.108594 0.190625 0.217188
5 0.238281 0.021094 0.076563 0.042188
5 0.332813 0.112500 0.090625 0.100000
4 0.262500 0.053125 0.256250 0.106250
4 0.375000 0.105469 0.115625 0.123438
5 0.416406 0.015625 0.045312 0.031250
2 0.265625 0.253125 0.109375 0.109375
5 0.209375 0.325000 0.084375 0.068750
2 0.374219 0.240625 0.029687 0.031250
5 0.140625 0.273438 0.143750 0.137500
4 0.097656 0.367188 0.023438 0.025000
4 0.074219 0.518750 0.148438 0.225000
4 0.535937 0.763281 0.081250 0.107813
4 0.337500 0.160938 0.090625 0.084375
