1 0.183594 0.966406 0.020313 0.017188
1 0.367969 0.807031 0.035937 0.020313
2 0.458594 0.735156 0.035937 0.045312
2 0.282031 0.675000 0.026562 0.062500
5 0.532813 0.555469 0.031250 0.029687
4 0.676562 0.562500 0.068750 0.065625
5 0.584375 0.445312 0.034375 0.050000
5 0.557031 0.446094 0.042188 0.032813
1 0.501563 0.413281 0.034375 0.029687
1 0.636719 0.467187 0.032813 0.037500
1 0.574219 0.394531 0.042188 0.029687
5 0.664844 0.463281 0.039062 0.032813
1 0.747656 0.236719 0.048438 0.026562
1 0.585156 0.077344 0.039062 0.026562
4 0.577344 0.050000 0.048438 0.037500
5 0.090625 0.703125 0.009375 0.009375
5 0.804688 0.744531 0.046875 0.023438
