4 0.125000 0.595313 0.206250 0.206250
4 0.113281 0.438281 0.151562 0.142187
4 0.053906 0.291406 0.095312 0.189062
4 0.405469 0.764844 0.060937 0.051562
4 0.461719 0.825781 0.060937 0.079687
1 0.717187 0.670312 0.015625 0.015625
3 0.693750 0.570312 0.025000 0.068750
4 0.156250 0.772656 0.081250 0.095312
5 0.278906 0.672656 0.023438 0.042188
5 0.460156 0.609375 0.045312 0.106250
5 0.479687 0.696094 0.040625 0.060937
5 0.514062 0.348438 0.031250 0.065625
5 0.592969 0.178125 0.032813 0.078125
2 0.639062 0.143750 0.043750 0.059375
2 0.503125 0.102344 0.065625 0.110937
4 0.291406 0.885156 0.060937 0.089063
4 0.346875 0.592187 0.075000 0.053125
4 0.219531 0.645312 0.035937 0.103125
4 0.186719 0.708594 0.029687 0.039062
4 0.478906 0.429688 0.051562 0.109375
4 0.328125 0.535156 0.034375 0.076563
4 0.767969 0.572656 0.017188 0.026562
4 0.745313 0.778906 0.015625 0.054688
4 0.760156 0.695312 0.014063 0.034375
4 0.741406 0.658594 0.017188 0.042188
4 0.260937 0.796875 0.053125 0.065625
4 0.424219 0.992188 0.035937 0.012500
4 0.423438 0.698438 0.075000 0.062500
4 0.295312 0.563281 0.040625 0.064062
