5 0.688281 0.674219 0.029687 0.029687
5 0.520312 0.734375 0.046875 0.037500
5 0.315625 0.572656 0.081250 0.042188
5 0.322656 0.485156 0.129688 0.076563
2 0.550000 0.185156 0.059375 0.079687
2 0.625781 0.545312 0.073438 0.068750
2 0.531250 0.419531 0.053125 0.045312
2 0.701562 0.880469 0.043750 0.048438
1 0.598437 0.589844 0.037500 0.035937
1 0.503125 0.488281 0.031250 0.035937
1 0.439063 0.681250 0.040625 0.046875
1 0.458594 0.777344 0.051562 0.029687
1 0.428125 0.858594 0.065625 0.039062
1 0.301563 0.527344 0.065625 0.045312
1 0.290625 0.497656 0.050000 0.042188
1 0.289844 0.392969 0.051562 0.051562
5 0.378906 0.318750 0.039062 0.021875
4 0.607812 0.453125 0.053125 0.050000
