5 0.513281 0.821094 0.039062 0.035937
5 0.592187 0.539844 0.028125 0.026562
5 0.621094 0.598437 0.017188 0.037500
5 0.621094 0.410938 0.023438 0.021875
5 0.521094 0.376563 0.014063 0.018750
5 0.503125 0.366406 0.028125 0.032813
5 0.531250 0.679688 0.028125 0.050000
5 0.446094 0.666406 0.039062 0.042188
5 0.434375 0.695312 0.040625 0.059375
5 0.450781 0.514062 0.020313 0.021875
5 0.450781 0.459375 0.017188 0.040625
5 0.460156 0.432812 0.042188 0.015625
5 0.490625 0.445312 0.015625 0.040625
2 0.477344 0.364844 0.032813 0.035937
2 0.402344 0.389062 0.029687 0.028125
4 0.453125 0.417187 0.034375 0.031250
1 0.428906 0.464062 0.026562 0.031250
1 0.405469 0.446875 0.017188 0.037500
1 0.384375 0.447656 0.025000 0.035937
1 0.414844 0.436719 0.020313 0.026562
1 0.372656 0.317969 0.017188 0.023438
1 0.553125 0.357031 0.018750 0.017188
1 0.458594 0.567969 0.029687 0.029687
1 0.447656 0.539062 0.017188 0.031250
1 0.264844 0.399219 0.020313 0.020313
1 0.245312 0.332813 0.015625 0.031250
1 0.146094 0.333594 0.017188 0.026562
1 0.132812 0.314844 0.018750 0.020313
5 0.286719 0.288281 0.014063 0.017188
5 0.333594 0.286719 0.017188 0.020313
2 0.203906 0.183594 0.020313 0.014063
2 0.746094 0.457813 0.070312 0.046875
4 0.624219 0.476562 0.032813 0.034375
1 0.621094 0.499219 0.020313 0.035937
