4 0.475781 0.454688 0.045312 0.043750
4 0.600781 0.474219 0.064062 0.067187
2 0.267969 0.503906 0.070312 0.070312
2 0.616406 0.381250 0.054688 0.071875
2 0.650000 0.457031 0.046875 0.045312
5 0.671094 0.543750 0.057813 0.050000
5 0.685937 0.590625 0.037500 0.078125
5 0.766406 0.798438 0.085938 0.062500
5 0.722656 0.711719 0.057813 0.054688
5 0.588281 0.912500 0.057813 0.056250
5 0.604688 0.807813 0.062500 0.084375
5 0.471094 0.680469 0.039062 0.048438
5 0.567187 0.500000 0.056250 0.062500
1 0.785937 0.398438 0.028125 0.037500
1 0.870313 0.535937 0.034375 0.050000
1 0.989062 0.518750 0.021875 0.056250
5 0.982812 0.406250 0.028125 0.046875
5 0.823438 0.320312 0.031250 0.037500
1 0.781250 0.722656 0.050000 0.045312
1 0.722656 0.734375 0.045312 0.062500
1 0.675000 0.695312 0.050000 0.062500
1 0.657813 0.647656 0.040625 0.064062
1 0.664844 0.498437 0.032813 0.043750
