4 0.421094 0.874219 0.226562 0.251563
4 0.603125 0.826562 0.081250 0.103125
4 0.562500 0.747656 0.071875 0.060937
4 0.452344 0.597656 0.064062 0.070312
4 0.608594 0.322656 0.135937 0.195312
4 0.500000 0.485156 0.050000 0.057813
4 0.522656 0.422656 0.095312 0.114062
4 0.445312 0.361719 0.065625 0.076563
4 0.206250 0.420312 0.084375 0.084375
4 0.576562 0.133594 0.065625 0.073438
4 0.757812 0.211719 0.050000 0.042188
4 0.851562 0.205469 0.065625 0.076563
5 0.684375 0.110937 0.053125 0.065625
4 0.679688 0.239844 0.050000 0.070312
