4 0.207813 0.569531 0.234375 0.095312
4 0.355469 0.364063 0.082812 0.081250
5 0.423438 0.326562 0.021875 0.015625
5 0.435156 0.090625 0.048438 0.100000
5 0.140625 0.028125 0.062500 0.056250
5 0.453906 0.180469 0.039062 0.039062
4 0.360938 0.542188 0.040625 0.025000
4 0.469531 0.592969 0.039062 0.020313
5 0.496094 0.579688 0.029687 0.025000
4 0.589063 0.557813 0.109375 0.056250
4 0.619531 0.432031 0.154688 0.110937
4 0.717187 0.411719 0.040625 0.048438
5 0.752344 0.439844 0.070312 0.054688
5 0.707812 0.569531 0.037500 0.026562
4 0.746875 0.217188 0.081250 0.065625
4 0.832812 0.215625 0.084375 0.062500
5 0.729688 0.049219 0.068750 0.057813
4 0.968750 0.110937 0.062500 0.071875
4 0.597656 0.160156 0.095312 0.082812
