5 0.347656 0.760938 0.026562 0.031250
5 0.225781 0.794531 0.051562 0.035937
5 0.297656 0.826562 0.032813 0.021875
5 0.317188 0.217969 0.034375 0.051562
5 0.785937 0.491406 0.012500 0.010937
2 0.870313 0.546875 0.015625 0.034375
1 0.844531 0.563281 0.010937 0.017188
1 0.401562 0.598437 0.031250 0.025000
1 0.202344 0.529687 0.054688 0.031250
4 0.200781 0.559375 0.035937 0.037500
2 0.307812 0.418750 0.050000 0.059375
1 0.212500 0.351562 0.056250 0.034375
4 0.240625 0.278906 0.043750 0.057813
1 0.297656 0.236719 0.048438 0.045312
2 0.586719 0.430469 0.051562 0.042188
