4 0.182031 0.554688 0.092188 0.046875
4 0.413281 0.340625 0.101562 0.065625
4 0.251563 0.301563 0.062500 0.084375
4 0.263281 0.411719 0.110937 0.120313
4 0.197656 0.367188 0.076563 0.050000
4 0.128906 0.388281 0.057813 0.060937
4 0.403906 0.537500 0.079687 0.075000
4 0.468750 0.633594 0.043750 0.067187
4 0.564844 0.619531 0.064062 0.135937
4 0.389062 0.122656 0.056250 0.045312
2 0.486719 0.112500 0.014063 0.031250
5 0.408594 0.082031 0.051562 0.057813
4 0.237500 0.085938 0.100000 0.112500
4 0.313281 0.175781 0.057813 0.057813
4 0.328125 0.090625 0.059375 0.084375
4 0.336719 0.028125 0.057813 0.056250
4 0.382812 0.035937 0.031250 0.021875
4 0.414062 0.038281 0.040625 0.054688
4 0.350781 0.264062 0.085938 0.093750
4 0.307812 0.351562 0.037500 0.056250
4 0.297656 0.493750 0.051562 0.043750
4 0.553906 0.735156 0.054688 0.082812
4 0.589844 0.498437 0.032813 0.031250
4 0.194531 0.914062 0.082812 0.156250
4 0.048438 0.064062 0.071875 0.128125
4 0.075000 0.258594 0.131250 0.126562
4 0.449219 0.105469 0.067187 0.092188
5 0.303125 0.023438 0.028125 0.028125
