5 0.066406 0.553125 0.032813 0.053125
5 0.133594 0.440625 0.032813 0.037500
5 0.310937 0.584375 0.056250 0.043750
5 0.394531 0.086719 0.023438 0.017188
2 0.470313 0.278125 0.053125 0.046875
1 0.302344 0.042969 0.017188 0.010937
1 0.281250 0.433594 0.031250 0.039062
1 0.408594 0.635938 0.035937 0.053125
1 0.578906 0.682031 0.042188 0.057813
1 0.714063 0.600000 0.050000 0.050000
5 0.131250 0.487500 0.021875 0.028125
2 0.511719 0.582812 0.060937 0.059375
4 0.693750 0.655469 0.065625 0.048438
4 0.393750 0.709375 0.059375 0.081250
