3 0.860938 0.048438 0.053125 0.096875
4 0.779687 0.206250 0.056250 0.043750
4 0.692187 0.174219 0.031250 0.035937
4 0.452344 0.114844 0.082812 0.142187
4 0.414062 0.185938 0.043750 0.040625
4 0.496875 0.200000 0.100000 0.062500
4 0.713281 0.085156 0.035937 0.026562
4 0.425781 0.026562 0.076563 0.050000
4 0.823438 0.014844 0.050000 0.029687
4 0.153906 0.330469 0.073438 0.064062
4 0.281250 0.232031 0.175000 0.126562
4 0.157031 0.039062 0.082812 0.037500
4 0.296094 0.069531 0.057813 0.032813
4 0.212500 0.051562 0.050000 0.050000
4 0.243750 0.051562 0.031250 0.025000
4 0.347656 0.046094 0.029687 0.029687
4 0.317188 0.044531 0.018750 0.014063
4 0.205469 0.060937 0.020313 0.018750
4 0.274219 0.128125 0.039062 0.021875
4 0.785937 0.056250 0.018750 0.021875
4 0.796094 0.033594 0.026562 0.017188
