4 0.275000 0.356250 0.071875 0.106250
4 0.429688 0.472656 0.062500 0.076563
4 0.411719 0.326562 0.117188 0.140625
4 0.410156 0.369531 0.117188 0.120313
4 0.449219 0.431250 0.051562 0.046875
4 0.653906 0.475000 0.064062 0.081250
4 0.634375 0.394531 0.071875 0.073438
4 0.842187 0.160156 0.075000 0.060937
2 0.828906 0.719531 0.098437 0.092188
4 0.800000 0.822656 0.075000 0.101562
4 0.896094 0.711719 0.132812 0.226562
4 0.951562 0.822656 0.050000 0.060937
4 0.979688 0.796094 0.040625 0.070312
4 0.975781 0.570312 0.048438 0.128125
4 0.982031 0.617969 0.035937 0.045312
4 0.932031 0.660156 0.085938 0.110937
4 0.778125 0.600781 0.068750 0.101562
4 0.410156 0.028125 0.067187 0.053125
4 0.147656 0.082812 0.032813 0.025000
5 0.694531 0.038281 0.101562 0.073438
4 0.664844 0.233594 0.101562 0.104688
4 0.407031 0.062500 0.082812 0.053125
5 0.461719 0.104688 0.020313 0.025000
