2 0.036719 0.742188 0.054688 0.087500
4 0.381250 0.734375 0.050000 0.068750
1 0.262500 0.541406 0.056250 0.042188
1 0.273438 0.481250 0.046875 0.040625
4 0.417969 0.448437 0.095312 0.065625
1 0.479687 0.422656 0.037500 0.026562
5 0.517969 0.392969 0.054688 0.045312
1 0.328125 0.269531 0.043750 0.039062
5 0.871875 0.631250 0.131250 0.106250
5 0.882031 0.542188 0.082812 0.059375
5 0.899219 0.378906 0.073438 0.060937
5 0.601562 0.135937 0.050000 0.050000
5 0.646875 0.231250 0.065625 0.056250
5 0.681250 0.200781 0.043750 0.039062
5 0.648438 0.084375 0.071875 0.050000
1 0.377344 0.050781 0.057813 0.048438
1 0.100781 0.079687 0.029687 0.043750
5 0.171875 0.150000 0.025000 0.021875
1 0.081250 0.141406 0.018750 0.026562
1 0.094531 0.122656 0.032813 0.026562
5 0.091406 0.189844 0.026562 0.029687
2 0.071094 0.182031 0.020313 0.032813
