4 0.315625 0.865625 0.134375 0.234375
4 0.382031 0.734375 0.070312 0.106250
4 0.438281 0.785156 0.114062 0.157812
4 0.503906 0.923438 0.217188 0.153125
4 0.511719 0.753125 0.095312 0.159375
4 0.593750 0.707812 0.078125 0.121875
4 0.876563 0.796094 0.215625 0.198437
2 0.853125 0.817187 0.162500 0.131250
4 0.771875 0.704688 0.078125 0.081250
4 0.779687 0.615625 0.109375 0.071875
5 0.909375 0.592969 0.181250 0.204687
4 0.763281 0.516406 0.042188 0.042188
4 0.569531 0.589844 0.095312 0.073438
4 0.642969 0.369531 0.073438 0.073438
4 0.786719 0.318750 0.104688 0.106250
4 0.826562 0.176563 0.231250 0.178125
5 0.728125 0.419531 0.075000 0.085938
4 0.581250 0.411719 0.018750 0.026562
5 0.820312 0.566406 0.018750 0.017188
4 0.064844 0.126562 0.051562 0.087500
4 0.026562 0.325781 0.018750 0.032813
4 0.169531 0.800781 0.017188 0.026562
4 0.135937 0.858594 0.031250 0.042188
4 0.276562 0.998437 0.034375 0.003125
