5 0.964844 0.566406 0.017188 0.023438
5 0.709375 0.814063 0.034375 0.021875
5 0.511719 0.770312 0.042188 0.034375
5 0.308594 0.693750 0.079687 0.050000
5 0.210156 0.628125 0.104688 0.050000
5 0.112500 0.511719 0.056250 0.060937
5 0.297656 0.278906 0.051562 0.085938
5 0.436719 0.318750 0.064062 0.053125
5 0.746875 0.218750 0.021875 0.021875
1 0.710938 0.257031 0.025000 0.039062
1 0.648438 0.264844 0.043750 0.032813
1 0.610156 0.269531 0.042188 0.035937
1 0.677344 0.377344 0.023438 0.023438
1 0.767969 0.157031 0.026562 0.023438
1 0.782031 0.187500 0.020313 0.021875
1 0.825781 0.130469 0.032813 0.020313
1 0.821094 0.107031 0.032813 0.020313
5 0.924219 0.149219 0.017188 0.026562
2 0.838281 0.173437 0.029687 0.040625
5 0.707031 0.150781 0.054688 0.032813
1 0.915625 0.710156 0.018750 0.017188
5 0.870313 0.703906 0.015625 0.014063
2 0.828125 0.822656 0.056250 0.054688
2 0.708594 0.759375 0.057813 0.065625
1 0.712500 0.611719 0.028125 0.042188
1 0.667969 0.616406 0.023438 0.039062
5 0.523438 0.657031 0.043750 0.045312
5 0.374219 0.629687 0.051562 0.046875
5 0.352344 0.618750 0.048438 0.043750
4 0.512500 0.721875 0.056250 0.071875
5 0.507031 0.322656 0.054688 0.032813
4 0.700781 0.370312 0.042188 0.043750
