3 0.078906 0.932031 0.054688 0.098437
4 0.189062 0.777344 0.059375 0.048438
4 0.278906 0.822656 0.032813 0.039062
4 0.528125 0.918750 0.087500 0.153125
4 0.580469 0.846094 0.045312 0.042188
4 0.491406 0.819531 0.107813 0.064062
4 0.244531 0.914844 0.039062 0.029687
4 0.546094 0.994531 0.079687 0.010937
4 0.115625 0.971875 0.053125 0.021875
4 0.880469 0.725781 0.076563 0.067187
4 0.728125 0.813281 0.187500 0.135937
4 0.692187 0.985156 0.062500 0.029687
4 0.779687 0.994531 0.053125 0.010937
4 0.632812 0.994531 0.031250 0.010937
4 0.722656 0.927344 0.042188 0.020313
4 0.161719 0.936719 0.020313 0.023438
4 0.148438 0.960156 0.028125 0.017188
