5 0.707812 0.471875 0.084375 0.050000
4 0.375000 0.511719 0.053125 0.054688
2 0.392188 0.418750 0.071875 0.065625
2 0.426563 0.071094 0.053125 0.057813
2 0.430469 0.568750 0.054688 0.050000
2 0.368750 0.782813 0.062500 0.087500
1 0.694531 0.661719 0.048438 0.051562
1 0.591406 0.522656 0.048438 0.039062
1 0.714844 0.553906 0.054688 0.045312
1 0.715625 0.516406 0.071875 0.051562
1 0.428125 0.385937 0.040625 0.040625
1 0.481250 0.502344 0.040625 0.042188
1 0.607031 0.335156 0.048438 0.054688
1 0.660156 0.160938 0.070312 0.043750
1 0.616406 0.236719 0.054688 0.032813
5 0.539062 0.259375 0.050000 0.043750
5 0.380469 0.283594 0.035937 0.032813
