4 0.253906 0.702344 0.198437 0.101562
4 0.198437 0.884375 0.068750 0.062500
4 0.140625 0.796094 0.112500 0.095312
4 0.065625 0.834375 0.059375 0.050000
4 0.442188 0.725000 0.059375 0.050000
4 0.640625 0.583594 0.071875 0.098437
4 0.801562 0.442188 0.100000 0.065625
4 0.607812 0.671875 0.040625 0.028125
5 0.599219 0.788281 0.020313 0.029687
4 0.373437 0.537500 0.037500 0.040625
4 0.342969 0.617969 0.064062 0.039062
4 0.653125 0.373437 0.090625 0.046875
4 0.985938 0.419531 0.021875 0.045312
4 0.713281 0.852344 0.060937 0.064062
4 0.578125 0.904687 0.037500 0.028125
4 0.725000 0.764062 0.050000 0.015625
4 0.568750 0.660156 0.034375 0.035937
5 0.468750 0.614062 0.059375 0.053125
4 0.703125 0.708594 0.078125 0.048438
4 0.382812 0.444531 0.062500 0.064062
