3 0.810937 0.753906 0.021875 0.048438
5 0.548438 0.733594 0.050000 0.054688
4 0.507812 0.712500 0.084375 0.087500
4 0.228906 0.604688 0.067187 0.081250
4 0.223438 0.546094 0.037500 0.054688
4 0.203906 0.410156 0.039062 0.045312
4 0.200000 0.457031 0.034375 0.045312
3 0.136719 0.424219 0.101562 0.167187
4 0.046875 0.510156 0.037500 0.017188
5 0.044531 0.363281 0.042188 0.054688
4 0.057813 0.239844 0.037500 0.057813
4 0.046094 0.282031 0.045312 0.020313
4 0.093750 0.103906 0.187500 0.176563
4 0.139844 0.207031 0.082812 0.048438
5 0.193750 0.144531 0.062500 0.107813
4 0.111719 0.243750 0.023438 0.031250
4 0.107031 0.042188 0.017188 0.028125
4 0.307031 0.317188 0.079687 0.118750
4 0.463281 0.390625 0.054688 0.040625
4 0.582031 0.243750 0.026562 0.025000
4 0.250000 0.501563 0.075000 0.146875
5 0.337500 0.521875 0.031250 0.053125
