4 0.728125 0.355469 0.062500 0.098437
4 0.589063 0.475000 0.056250 0.068750
4 0.598437 0.334375 0.103125 0.128125
4 0.601562 0.375781 0.106250 0.107813
4 0.567969 0.437500 0.045312 0.040625
4 0.378125 0.492188 0.056250 0.075000
4 0.390625 0.414844 0.065625 0.067187
4 0.180469 0.207031 0.067187 0.054688
4 0.023438 0.412500 0.046875 0.140625
2 0.228906 0.733594 0.089063 0.082812
4 0.262500 0.829688 0.065625 0.093750
4 0.164062 0.731250 0.115625 0.212500
4 0.119531 0.841406 0.042188 0.054688
4 0.089063 0.817187 0.037500 0.065625
4 0.037500 0.798438 0.075000 0.125000
4 0.018750 0.649219 0.037500 0.076563
4 0.057813 0.606250 0.084375 0.118750
4 0.073438 0.648438 0.040625 0.040625
4 0.127344 0.684375 0.076563 0.103125
4 0.267969 0.618750 0.057813 0.093750
4 0.580469 0.047656 0.064062 0.060937
4 0.831250 0.078906 0.034375 0.042188
4 0.110937 0.021875 0.075000 0.043750
5 0.310156 0.083594 0.092188 0.064062
4 0.351562 0.264062 0.090625 0.093750
4 0.583594 0.085938 0.076563 0.046875
5 0.535937 0.128906 0.018750 0.023438
