4 0.357031 0.490625 0.089063 0.159375
5 0.416406 0.606250 0.045312 0.050000
4 0.526563 0.567187 0.068750 0.115625
4 0.358594 0.361719 0.029687 0.054688
4 0.960938 0.539062 0.078125 0.190625
5 0.826562 0.280469 0.121875 0.104688
4 0.737500 0.317188 0.059375 0.090625
4 0.715625 0.407813 0.059375 0.090625
4 0.761719 0.476562 0.089063 0.131250
4 0.769531 0.416406 0.064062 0.064062
4 0.903125 0.192969 0.103125 0.126562
4 0.843750 0.210938 0.065625 0.071875
4 0.822656 0.092188 0.120313 0.131250
4 0.917969 0.135156 0.042188 0.070312
5 0.670312 0.103906 0.075000 0.095312
2 0.692969 0.255469 0.032813 0.029687
4 0.897656 0.057813 0.042188 0.025000
4 0.746094 0.257812 0.060937 0.056250
5 0.821875 0.421875 0.062500 0.075000
4 0.821875 0.553125 0.065625 0.078125
4 0.887500 0.775000 0.090625 0.112500
4 0.884375 0.671875 0.100000 0.134375
4 0.764062 0.885938 0.040625 0.037500
4 0.486719 0.996875 0.057813 0.006250
4 0.673438 0.885938 0.065625 0.131250
4 0.709375 0.821875 0.028125 0.050000
4 0.711719 0.689063 0.060937 0.078125
5 0.747656 0.848437 0.042188 0.046875
5 0.650000 0.811719 0.037500 0.042188
5 0.756250 0.300000 0.043750 0.043750
5 0.682031 0.628125 0.023438 0.025000
4 0.747656 0.604688 0.126562 0.134375
5 0.711719 0.904687 0.026562 0.043750
4 0.578125 0.476562 0.096875 0.134375
