4 0.747656 0.299219 0.198437 0.101562
4 0.803125 0.117188 0.068750 0.062500
4 0.860938 0.203906 0.112500 0.095312
4 0.934375 0.167187 0.059375 0.050000
4 0.557813 0.276562 0.059375 0.050000
4 0.360938 0.416406 0.071875 0.098437
4 0.198437 0.559375 0.100000 0.065625
4 0.392188 0.329688 0.040625 0.028125
5 0.402344 0.211719 0.020313 0.029687
4 0.626563 0.462500 0.037500 0.040625
4 0.657031 0.382031 0.064062 0.039062
4 0.346875 0.626563 0.090625 0.046875
4 0.014063 0.582031 0.021875 0.045312
4 0.286719 0.149219 0.060937 0.064062
4 0.421875 0.095312 0.037500 0.028125
4 0.276562 0.235937 0.050000 0.015625
4 0.432812 0.339844 0.034375 0.035937
5 0.531250 0.387500 0.059375 0.053125
4 0.296875 0.292969 0.078125 0.048438
4 0.617188 0.555469 0.062500 0.064062
