4 0.498437 0.867188 0.071875 0.087500
4 0.226562 0.849219 0.075000 0.089063
4 0.482812 0.603906 0.100000 0.085938
4 0.404687 0.609375 0.056250 0.062500
4 0.615625 0.715625 0.156250 0.115625
4 0.728125 0.797656 0.056250 0.079687
4 0.833594 0.880469 0.067187 0.082812
4 0.718750 0.421094 0.059375 0.054688
4 0.760938 0.396875 0.071875 0.046875
4 0.957812 0.371094 0.043750 0.048438
4 0.624219 0.344531 0.064062 0.039062
5 0.518750 0.282031 0.043750 0.039062
4 0.389844 0.327344 0.023438 0.029687
4 0.343750 0.182812 0.078125 0.046875
5 0.185156 0.553906 0.042188 0.045312
4 0.089063 0.906250 0.081250 0.143750
