4 0.707812 0.518750 0.137500 0.125000
4 0.921875 0.464062 0.156250 0.181250
4 0.871875 0.712500 0.256250 0.340625
4 0.940625 0.907031 0.118750 0.157812
5 0.975781 0.763281 0.026562 0.045312
4 0.492969 0.528125 0.073438 0.059375
4 0.318750 0.530469 0.059375 0.039062
5 0.330469 0.572656 0.064062 0.048438
4 0.237500 0.612500 0.071875 0.087500
4 0.141406 0.607031 0.148438 0.132812
5 0.386719 0.753906 0.135937 0.154688
2 0.467969 0.790625 0.095312 0.140625
4 0.488281 0.800781 0.164062 0.173437
4 0.493750 0.641406 0.096875 0.110937
4 0.624219 0.563281 0.079687 0.070312
