5 0.332813 0.595313 0.062500 0.028125
5 0.405469 0.612500 0.026562 0.031250
5 0.371875 0.504687 0.021875 0.015625
5 0.372656 0.485938 0.039062 0.031250
5 0.485156 0.472656 0.032813 0.035937
5 0.679688 0.465625 0.040625 0.043750
5 0.709375 0.459375 0.056250 0.046875
5 0.676562 0.559375 0.056250 0.031250
5 0.804688 0.566406 0.037500 0.039062
5 0.557031 0.468750 0.023438 0.021875
5 0.504687 0.453906 0.043750 0.023438
5 0.474219 0.454688 0.023438 0.043750
2 0.426563 0.738281 0.059375 0.073438
4 0.477344 0.624219 0.039062 0.039062
1 0.509375 0.622656 0.037500 0.023438
5 0.588281 0.635156 0.032813 0.020313
2 0.373437 0.457813 0.043750 0.043750
2 0.414062 0.382031 0.028125 0.032813
4 0.450000 0.438281 0.034375 0.039062
1 0.517969 0.428125 0.032813 0.031250
1 0.483594 0.403906 0.032813 0.029687
1 0.504687 0.403125 0.037500 0.021875
1 0.513281 0.374219 0.032813 0.032813
1 0.577344 0.462500 0.026562 0.021875
1 0.369531 0.350000 0.020313 0.015625
1 0.597656 0.467969 0.029687 0.032813
1 0.410938 0.225781 0.025000 0.017188
1 0.450000 0.250781 0.018750 0.023438
1 0.440625 0.126562 0.025000 0.021875
1 0.425000 0.109375 0.025000 0.018750
2 0.267188 0.149219 0.015625 0.023438
5 0.364844 0.258594 0.017188 0.014063
5 0.347656 0.307031 0.020313 0.017188
1 0.345313 0.531250 0.018750 0.018750
