1 0.634375 0.398438 0.028125 0.028125
1 0.936719 0.610156 0.057813 0.032813
1 0.855469 0.452344 0.057813 0.029687
1 0.846094 0.744531 0.051562 0.035937
5 0.817969 0.760156 0.039062 0.054688
5 0.733594 0.177344 0.045312 0.026562
5 0.639844 0.227344 0.026562 0.017188
5 0.661719 0.198437 0.026562 0.018750
5 0.261719 0.406250 0.054688 0.037500
5 0.294531 0.562500 0.014063 0.012500
2 0.210156 0.512500 0.014063 0.034375
1 0.234375 0.495312 0.009375 0.015625
2 0.488281 0.594531 0.051562 0.045312
2 0.781250 0.566406 0.056250 0.051562
4 0.903906 0.426563 0.076563 0.046875
4 0.921875 0.707031 0.062500 0.054688
