5 0.738281 0.703906 0.029687 0.032813
5 0.800000 0.517188 0.040625 0.050000
5 0.617188 0.292969 0.046875 0.089063
5 0.518750 0.301563 0.084375 0.143750
2 0.191406 0.559375 0.089063 0.065625
2 0.592969 0.636719 0.073438 0.079687
2 0.451562 0.535156 0.050000 0.057813
2 0.962500 0.714844 0.050000 0.048438
1 0.640625 0.606250 0.040625 0.040625
1 0.528125 0.500781 0.040625 0.035937
1 0.739844 0.426563 0.051562 0.043750
1 0.847656 0.445312 0.029687 0.056250
1 0.937500 0.411719 0.043750 0.073438
1 0.566406 0.276562 0.048438 0.071875
1 0.532813 0.265625 0.043750 0.056250
1 0.417187 0.267188 0.056250 0.056250
5 0.334375 0.366406 0.025000 0.042188
4 0.489063 0.617969 0.053125 0.057813
