4 0.117188 0.359375 0.234375 0.159375
4 0.251563 0.410156 0.112500 0.082812
4 0.209375 0.473438 0.168750 0.131250
4 0.084375 0.553125 0.168750 0.231250
4 0.249219 0.540625 0.167187 0.112500
4 0.303906 0.618750 0.129688 0.090625
4 0.250781 0.895312 0.220312 0.209375
2 0.228125 0.887500 0.146875 0.175000
4 0.330469 0.794531 0.089063 0.085938
4 0.419531 0.790625 0.082812 0.115625
5 0.456250 0.907813 0.221875 0.184375
4 0.514062 0.760938 0.046875 0.046875
4 0.418750 0.579688 0.084375 0.103125
4 0.645312 0.623437 0.081250 0.081250
4 0.714844 0.760938 0.117188 0.115625
4 0.860938 0.783594 0.203125 0.248438
5 0.607812 0.715625 0.093750 0.084375
4 0.596875 0.568750 0.028125 0.021875
5 0.473438 0.824219 0.018750 0.020313
4 0.816406 0.025000 0.092188 0.050000
4 0.612500 0.009375 0.034375 0.018750
4 0.161719 0.207031 0.026562 0.020313
4 0.099219 0.182031 0.045312 0.035937
