4 0.515625 0.882031 0.200000 0.235937
4 0.689063 0.803906 0.068750 0.098437
4 0.636719 0.731250 0.067187 0.053125
4 0.503125 0.599219 0.056250 0.064062
4 0.614062 0.301563 0.112500 0.187500
4 0.532813 0.479687 0.043750 0.053125
4 0.545312 0.415625 0.081250 0.106250
4 0.459375 0.364844 0.056250 0.070312
4 0.229687 0.462500 0.075000 0.075000
4 0.553906 0.119531 0.057813 0.067187
4 0.745313 0.167969 0.046875 0.035937
4 0.838281 0.146094 0.057813 0.070312
5 0.657813 0.078906 0.046875 0.060937
4 0.343750 0.005469 0.031250 0.010937
4 0.673438 0.208594 0.040625 0.067187
