5 0.297656 0.721875 0.039062 0.025000
4 0.284375 0.778125 0.025000 0.031250
4 0.232031 0.782031 0.017188 0.023438
2 0.341406 0.694531 0.026562 0.026562
5 0.310937 0.680469 0.012500 0.017188
5 0.450781 0.898438 0.079687 0.046875
2 0.391406 0.902344 0.026562 0.026562
2 0.646875 0.826562 0.006250 0.003125
2 0.632812 0.809375 0.046875 0.040625
3 0.694531 0.775781 0.101562 0.051562
5 0.240625 0.734375 0.021875 0.028125
3 0.414062 0.473438 0.031250 0.031250
1 0.379688 0.617188 0.015625 0.015625
3 0.457813 0.630469 0.021875 0.042188
3 0.516406 0.599219 0.023438 0.023438
2 0.507812 0.569531 0.034375 0.042188
