1 0.047656 0.435156 0.032813 0.035937
1 0.193750 0.294531 0.037500 0.048438
1 0.354687 0.460156 0.025000 0.035937
1 0.424219 0.510938 0.023438 0.040625
1 0.419531 0.410938 0.023438 0.034375
1 0.817969 0.628125 0.017188 0.031250
1 0.998437 0.828125 0.003125 0.021875
5 0.698438 0.910937 0.012500 0.012500
5 0.779687 0.441406 0.015625 0.029687
2 0.660937 0.735156 0.059375 0.032813
2 0.664844 0.510938 0.045312 0.037500
4 0.514062 0.324219 0.050000 0.051562
5 0.471094 0.473438 0.020313 0.021875
5 0.383594 0.378906 0.039062 0.026562
5 0.388281 0.442969 0.035937 0.029687
4 0.014844 0.433594 0.029687 0.060937
