4 0.071875 0.768750 0.143750 0.171875
4 0.381250 0.689063 0.071875 0.034375
4 0.707812 0.620313 0.062500 0.043750
4 0.951562 0.790625 0.065625 0.175000
4 0.966406 0.631250 0.054688 0.065625
4 0.610938 0.472656 0.137500 0.082812
4 0.627344 0.542188 0.104688 0.071875
4 0.503906 0.551562 0.051562 0.031250
4 0.561719 0.409375 0.032813 0.028125
4 0.221875 0.358594 0.071875 0.039062
4 0.126562 0.390625 0.031250 0.025000
4 0.018750 0.510156 0.037500 0.048438
4 0.888281 0.926562 0.045312 0.025000
4 0.053906 0.888281 0.107813 0.073438
