2 0.603906 0.100000 0.070312 0.103125
4 0.155469 0.234375 0.029687 0.040625
3 0.104688 0.220312 0.081250 0.143750
5 0.311719 0.014844 0.039062 0.029687
4 0.230469 0.113281 0.026562 0.032813
4 0.257812 0.167969 0.031250 0.070312
4 0.189844 0.178125 0.023438 0.043750
4 0.195312 0.078906 0.015625 0.026562
4 0.126562 0.386719 0.056250 0.076563
4 0.176563 0.352344 0.046875 0.057813
4 0.153906 0.287500 0.051562 0.065625
4 0.187500 0.302344 0.028125 0.048438
4 0.282813 0.373437 0.059375 0.075000
4 0.453125 0.582812 0.009375 0.034375
4 0.292187 0.803906 0.059375 0.076563
5 0.219531 0.425781 0.032813 0.032813
4 0.036719 0.186719 0.029687 0.029687
4 0.255469 0.082812 0.101562 0.100000
4 0.321094 0.132812 0.010937 0.021875
4 0.114062 0.144531 0.028125 0.039062
4 0.214844 0.135937 0.023438 0.028125
