4 0.934375 0.292187 0.090625 0.071875
4 0.844531 0.107031 0.082812 0.082812
4 0.846094 0.258594 0.076563 0.098437
4 0.382031 0.303125 0.104688 0.093750
4 0.171875 0.059375 0.090625 0.118750
4 0.232031 0.117188 0.079687 0.078125
4 0.511719 0.771094 0.073438 0.067187
4 0.714844 0.825000 0.117188 0.075000
4 0.700781 0.770312 0.045312 0.034375
4 0.953125 0.629687 0.075000 0.084375
4 0.664844 0.512500 0.170313 0.140625
4 0.250781 0.402344 0.120313 0.101562
4 0.137500 0.430469 0.200000 0.135937
4 0.100781 0.292969 0.157812 0.132812
4 0.327344 0.010937 0.129688 0.021875
