5 0.628906 0.721875 0.032813 0.031250
5 0.451562 0.728906 0.050000 0.042188
5 0.303125 0.514844 0.084375 0.051562
5 0.335156 0.432812 0.135937 0.090625
2 0.639844 0.212500 0.067187 0.084375
2 0.607031 0.579688 0.079687 0.075000
2 0.553906 0.431250 0.057813 0.050000
2 0.582031 0.921875 0.048438 0.053125
1 0.568750 0.613281 0.040625 0.039062
1 0.506250 0.489844 0.034375 0.039062
1 0.389844 0.654687 0.045312 0.050000
1 0.378906 0.753125 0.054688 0.034375
1 0.326562 0.821875 0.068750 0.046875
1 0.302344 0.468750 0.070312 0.053125
1 0.300000 0.435937 0.053125 0.046875
1 0.329688 0.335938 0.056250 0.056250
5 0.437500 0.289844 0.040625 0.026562
4 0.616406 0.486719 0.057813 0.054688
