4 0.114062 0.835156 0.131250 0.120313
2 0.028906 0.794531 0.026562 0.029687
4 0.007031 0.842187 0.014063 0.034375
4 0.736719 0.985156 0.092188 0.029687
4 0.328906 0.382812 0.082812 0.040625
4 0.805469 0.882812 0.023438 0.043750
2 0.850000 0.978125 0.012500 0.018750
2 0.782813 0.175781 0.018750 0.007812
2 0.278125 0.262500 0.015625 0.009375
2 0.110937 0.385937 0.018750 0.009375
2 0.155469 0.721094 0.048438 0.042188
5 0.430469 0.489063 0.026562 0.015625
3 0.040625 0.982812 0.043750 0.006250
5 0.313281 0.967969 0.151562 0.057813
4 0.071094 0.941406 0.045312 0.051562
