2 0.422656 0.272656 0.051562 0.076563
2 0.403906 0.690625 0.035937 0.034375
2 0.364844 0.586719 0.045312 0.054688
2 0.204687 0.900781 0.021875 0.026562
5 0.447656 0.571875 0.039062 0.043750
5 0.482031 0.571094 0.045312 0.039062
5 0.692969 0.608594 0.079687 0.042188
5 0.653906 0.586719 0.029687 0.051562
5 0.792969 0.472656 0.045312 0.039062
5 0.676562 0.482812 0.065625 0.034375
4 0.444531 0.409375 0.035937 0.043750
5 0.408594 0.400000 0.032813 0.015625
5 0.585938 0.406250 0.040625 0.021875
5 0.368750 0.525781 0.025000 0.020313
5 0.307031 0.757812 0.029687 0.012500
5 0.335156 0.812500 0.026562 0.015625
1 0.342969 0.715625 0.026562 0.012500
1 0.407813 0.958594 0.028125 0.017188
1 0.388281 0.979688 0.029687 0.018750
1 0.394531 0.848437 0.026562 0.018750
1 0.433594 0.816406 0.023438 0.023438
1 0.500000 0.684375 0.037500 0.034375
1 0.487500 0.646094 0.040625 0.023438
1 0.465625 0.630469 0.021875 0.029687
1 0.495312 0.623437 0.031250 0.034375
1 0.567969 0.595313 0.035937 0.034375
1 0.527344 0.565625 0.035937 0.018750
1 0.484375 0.405469 0.046875 0.020313
1 0.352344 0.505469 0.017188 0.020313
5 0.502344 0.540625 0.026562 0.025000
5 0.430469 0.603125 0.032813 0.043750
