1 0.550000 0.968750 0.006250 0.012500
1 0.696875 0.839844 0.012500 0.014063
5 0.557813 0.870313 0.018750 0.015625
5 0.653125 0.518750 0.034375 0.031250
5 0.601562 0.415625 0.031250 0.050000
5 0.585938 0.420312 0.034375 0.043750
5 0.651563 0.346875 0.031250 0.081250
5 0.570312 0.300000 0.031250 0.071875
5 0.371875 0.334375 0.056250 0.068750
5 0.392188 0.442188 0.053125 0.046875
1 0.607812 0.660937 0.028125 0.031250
1 0.571875 0.685937 0.031250 0.025000
1 0.184375 0.751563 0.025000 0.015625
1 0.209375 0.752344 0.025000 0.026562
1 0.237500 0.676562 0.021875 0.025000
1 0.302344 0.628125 0.014063 0.031250
1 0.278906 0.731250 0.023438 0.028125
1 0.353125 0.585938 0.021875 0.040625
1 0.337500 0.552344 0.031250 0.032813
5 0.196094 0.839844 0.020313 0.017188
2 0.237500 0.753125 0.034375 0.028125
5 0.289062 0.695312 0.021875 0.021875
4 0.384375 0.649219 0.031250 0.048438
1 0.409375 0.632031 0.009375 0.023438
1 0.311719 0.544531 0.014063 0.026562
5 0.404687 0.485938 0.034375 0.037500
5 0.228125 0.603125 0.050000 0.037500
5 0.514062 0.168750 0.037500 0.056250
2 0.710938 0.683594 0.043750 0.042188
2 0.777344 0.757812 0.045312 0.040625
5 0.750000 0.660937 0.037500 0.025000
5 0.746094 0.471875 0.026562 0.040625
