4 0.892188 0.178906 0.184375 0.201563
4 0.949219 0.282813 0.101562 0.262500
4 0.806250 0.319531 0.084375 0.057813
4 0.875781 0.332813 0.120313 0.084375
4 0.850000 0.415625 0.118750 0.134375
4 0.856250 0.518750 0.075000 0.078125
2 0.962500 0.706250 0.059375 0.103125
4 0.964063 0.686719 0.062500 0.164062
4 0.907813 0.646875 0.071875 0.065625
4 0.786719 0.596875 0.064062 0.068750
4 0.711719 0.752344 0.035937 0.054688
4 0.799219 0.738281 0.032813 0.023438
5 0.739062 0.768750 0.046875 0.059375
5 0.932031 0.767188 0.117188 0.143750
4 0.737500 0.849219 0.084375 0.073438
4 0.696094 0.926562 0.082812 0.146875
4 0.749219 0.046875 0.023438 0.031250
4 0.412500 0.423438 0.040625 0.046875
4 0.464844 0.294531 0.017188 0.020313
4 0.430469 0.636719 0.020313 0.026562
