5 0.632812 0.106250 0.025000 0.018750
5 0.814844 0.393750 0.026562 0.034375
5 0.734375 0.571094 0.040625 0.045312
5 0.621094 0.746875 0.060937 0.084375
5 0.540625 0.824219 0.068750 0.107813
5 0.411719 0.892969 0.067187 0.064062
5 0.230469 0.672656 0.089063 0.064062
5 0.296094 0.551562 0.060937 0.068750
5 0.264062 0.239844 0.025000 0.023438
1 0.292969 0.282031 0.039062 0.029687
1 0.287500 0.342187 0.040625 0.046875
1 0.285156 0.378906 0.042188 0.045312
1 0.399219 0.337500 0.026562 0.025000
1 0.210156 0.207031 0.026562 0.029687
1 0.242188 0.201563 0.021875 0.021875
1 0.197656 0.148438 0.026562 0.034375
1 0.174219 0.149219 0.026562 0.032813
5 0.233594 0.060937 0.026562 0.021875
2 0.239063 0.146875 0.043750 0.037500
5 0.193750 0.265625 0.040625 0.056250
1 0.757812 0.181250 0.018750 0.018750
5 0.743750 0.221875 0.015625 0.018750
2 0.846094 0.284375 0.060937 0.062500
2 0.762500 0.383594 0.071875 0.067187
1 0.625000 0.351562 0.043750 0.034375
1 0.620313 0.392969 0.040625 0.029687
5 0.630469 0.537500 0.051562 0.050000
5 0.574219 0.671875 0.054688 0.056250
5 0.560937 0.689063 0.050000 0.053125
4 0.688281 0.560937 0.076563 0.065625
5 0.312500 0.485938 0.040625 0.056250
4 0.396875 0.314063 0.050000 0.050000
