4 0.468750 0.642969 0.146875 0.067187
5 0.588281 0.600781 0.045312 0.039062
4 0.564063 0.491406 0.106250 0.051562
4 0.347656 0.625000 0.051562 0.021875
4 0.598437 0.050781 0.178125 0.101562
5 0.332813 0.167969 0.087500 0.107813
4 0.355469 0.257812 0.082812 0.046875
4 0.439844 0.290625 0.082812 0.046875
4 0.510156 0.255469 0.120313 0.070312
4 0.454688 0.239063 0.056250 0.053125
4 0.258594 0.082031 0.110937 0.085938
4 0.267188 0.142187 0.062500 0.056250
4 0.152344 0.146875 0.114062 0.103125
4 0.205469 0.046875 0.067187 0.059375
5 0.239063 0.022656 0.059375 0.014063
5 0.143750 0.291406 0.084375 0.064062
2 0.291406 0.291406 0.026562 0.029687
4 0.128125 0.066406 0.018750 0.045312
4 0.300000 0.240625 0.046875 0.053125
5 0.467187 0.189844 0.065625 0.051562
4 0.590625 0.208594 0.068750 0.054688
4 0.811719 0.175000 0.101562 0.075000
4 0.713281 0.163281 0.123438 0.082812
4 0.901563 0.309375 0.031250 0.034375
4 0.985938 0.586719 0.028125 0.054688
4 0.889844 0.395313 0.123438 0.046875
4 0.832812 0.350781 0.046875 0.020313
4 0.707031 0.332031 0.070312 0.051562
5 0.863281 0.318750 0.042188 0.037500
5 0.815625 0.407813 0.037500 0.031250
5 0.342969 0.237500 0.039062 0.037500
5 0.644531 0.351562 0.023438 0.018750
4 0.631250 0.286719 0.118750 0.107813
5 0.912500 0.360938 0.040625 0.021875
5 0.985156 0.364844 0.014063 0.020313
4 0.485938 0.431250 0.121875 0.078125
