1 0.194531 0.367188 0.048438 0.028125
1 0.394531 0.342969 0.035937 0.026562
1 0.871875 0.464062 0.012500 0.015625
1 0.178906 0.558594 0.051562 0.032813
5 0.232031 0.089063 0.051562 0.034375
5 0.357812 0.162500 0.034375 0.034375
5 0.321094 0.072656 0.032813 0.017188
1 0.248438 0.695312 0.046875 0.043750
5 0.250781 0.721094 0.026562 0.051562
4 0.192969 0.640625 0.051562 0.056250
2 0.265625 0.513281 0.053125 0.064062
2 0.564844 0.555469 0.051562 0.045312
2 0.887500 0.487500 0.015625 0.037500
5 0.781250 0.530469 0.012500 0.010937
4 0.192969 0.335156 0.035937 0.035937
