1 0.533594 0.553125 0.048438 0.031250
1 0.760156 0.475781 0.064062 0.032813
1 0.746094 0.309375 0.048438 0.053125
1 0.646875 0.211719 0.059375 0.039062
1 0.097656 0.484375 0.017188 0.015625
2 0.069531 0.457031 0.023438 0.039062
2 0.344531 0.360938 0.035937 0.056250
5 0.164062 0.399219 0.012500 0.010937
2 0.628906 0.391406 0.067187 0.054688
4 0.736719 0.248438 0.073438 0.065625
5 0.630469 0.181250 0.039062 0.056250
4 0.748437 0.516406 0.106250 0.051562
5 0.623437 0.689844 0.028125 0.032813
5 0.779687 0.739844 0.062500 0.035937
5 0.675781 0.754687 0.032813 0.018750
5 0.059375 0.956250 0.012500 0.012500
