1 0.303125 0.389844 0.015625 0.017188
1 0.302344 0.412500 0.014063 0.021875
1 0.380469 0.432031 0.017188 0.026562
1 0.399219 0.496094 0.020313 0.023438
1 0.519531 0.433594 0.014063 0.023438
1 0.485938 0.408594 0.018750 0.017188
2 0.519531 0.499219 0.032813 0.032813
5 0.452344 0.396094 0.020313 0.017188
4 0.570312 0.550781 0.028125 0.045312
1 0.553906 0.584375 0.023438 0.031250
1 0.508594 0.575000 0.017188 0.034375
1 0.489844 0.589844 0.020313 0.035937
1 0.557813 0.628906 0.021875 0.039062
1 0.555469 0.694531 0.020313 0.023438
1 0.599219 0.721094 0.026562 0.045312
5 0.539844 0.661719 0.017188 0.026562
5 0.589844 0.611719 0.042188 0.029687
5 0.608594 0.589844 0.045312 0.014063
5 0.667969 0.596875 0.017188 0.034375
5 0.669531 0.502344 0.026562 0.035937
5 0.696094 0.518750 0.017188 0.021875
2 0.645312 0.489063 0.037500 0.034375
1 0.747656 0.480469 0.014063 0.020313
5 0.783594 0.590625 0.029687 0.028125
5 0.710156 0.677344 0.026562 0.029687
1 0.800781 0.700000 0.026562 0.043750
4 0.829688 0.701562 0.056250 0.056250
2 0.981250 0.680469 0.037500 0.064062
5 0.609375 0.846875 0.043750 0.071875
5 0.697656 0.876563 0.039062 0.078125
5 0.596875 0.916406 0.046875 0.079687
5 0.822656 0.817969 0.026562 0.029687
2 0.632812 0.900000 0.053125 0.059375
