5 0.373437 0.917969 0.053125 0.032813
5 0.302344 0.805469 0.039062 0.032813
5 0.516406 0.709375 0.045312 0.059375
5 0.098437 0.400000 0.018750 0.025000
2 0.005469 0.442969 0.010937 0.039062
2 0.309375 0.419531 0.046875 0.054688
1 0.016406 0.464062 0.010937 0.018750
1 0.363281 0.665625 0.039062 0.031250
1 0.608594 0.642969 0.054688 0.035937
1 0.731250 0.508594 0.059375 0.042188
1 0.717969 0.346094 0.048438 0.048438
5 0.342969 0.828125 0.029687 0.021875
2 0.607812 0.523438 0.059375 0.059375
4 0.759375 0.390625 0.046875 0.068750
4 0.669531 0.692187 0.082812 0.059375
