5 0.498437 0.653125 0.081250 0.068750
4 0.619531 0.706250 0.089063 0.106250
2 0.638281 0.163281 0.057813 0.064062
5 0.823438 0.071094 0.046875 0.029687
4 0.265625 0.748437 0.100000 0.103125
4 0.213281 0.812500 0.089063 0.109375
4 0.149219 0.546094 0.039062 0.060937
4 0.054688 0.549219 0.028125 0.039062
4 0.475000 0.757031 0.062500 0.067187
4 0.578125 0.822656 0.065625 0.054688
4 0.633594 0.816406 0.057813 0.042188
5 0.550000 0.864062 0.081250 0.075000
4 0.200781 0.475000 0.070312 0.068750
4 0.032813 0.469531 0.043750 0.048438
5 0.069531 0.200781 0.054688 0.057813
5 0.305469 0.043750 0.101562 0.021875
4 0.448437 0.596875 0.100000 0.087500
4 0.471094 0.833594 0.057813 0.048438
