5 0.209375 0.411719 0.059375 0.045312
5 0.275000 0.984375 0.046875 0.031250
5 0.959375 0.895312 0.053125 0.078125
5 0.719531 0.310156 0.026562 0.026562
4 0.527344 0.413281 0.035937 0.092188
1 0.546875 0.243750 0.025000 0.046875
1 0.467969 0.507812 0.035937 0.068750
1 0.332813 0.536719 0.034375 0.070312
1 0.259375 0.410938 0.028125 0.046875
4 0.269531 0.478906 0.070312 0.067187
2 0.271094 0.050000 0.048438 0.053125
2 0.446094 0.378125 0.048438 0.050000
5 0.702344 0.482031 0.026562 0.057813
5 0.675000 0.280469 0.031250 0.026562
1 0.507812 0.728906 0.034375 0.048438
