4 0.307031 0.301563 0.220312 0.256250
4 0.242969 0.214062 0.029687 0.043750
4 0.307031 0.234375 0.089063 0.106250
4 0.317969 0.163281 0.035937 0.057813
4 0.301563 0.047656 0.043750 0.039062
4 0.031250 0.370312 0.062500 0.121875
4 0.248438 0.507031 0.128125 0.170313
4 0.090625 0.832031 0.078125 0.107813
4 0.373437 0.591406 0.131250 0.129688
4 0.361719 0.460156 0.101562 0.110937
4 0.425000 0.897656 0.065625 0.076563
4 0.651563 0.876563 0.059375 0.106250
5 0.563281 0.592187 0.035937 0.031250
5 0.525781 0.636719 0.057813 0.067187
4 0.076563 0.138281 0.059375 0.073438
4 0.032813 0.214844 0.065625 0.132812
4 0.189062 0.372656 0.081250 0.148438
4 0.174219 0.253906 0.082812 0.120313
4 0.327344 0.062500 0.054688 0.068750
4 0.589063 0.387500 0.090625 0.128125
4 0.419531 0.099219 0.104688 0.135937
4 0.247656 0.069531 0.042188 0.057813
4 0.515625 0.466406 0.059375 0.101562
4 0.107813 0.348438 0.087500 0.068750
4 0.466406 0.578906 0.114062 0.123438
4 0.624219 0.485156 0.051562 0.051562
4 0.663281 0.625781 0.029687 0.051562
4 0.564063 0.465625 0.043750 0.065625
4 0.438281 0.297656 0.098437 0.129688
4 0.546094 0.285156 0.082812 0.114062
4 0.493750 0.714063 0.028125 0.034375
4 0.619531 0.540625 0.023438 0.031250
4 0.492969 0.705469 0.123438 0.126562
4 0.558594 0.810156 0.126562 0.170313
4 0.573438 0.640625 0.081250 0.096875
