3 0.849219 0.281250 0.073438 0.040625
4 0.713281 0.389844 0.101562 0.095312
4 0.626563 0.392188 0.087500 0.078125
5 0.666406 0.601562 0.123438 0.087500
4 0.453906 0.872656 0.126562 0.135937
4 0.393750 0.748437 0.181250 0.168750
4 0.436719 0.976562 0.217188 0.046875
4 0.043750 0.725781 0.087500 0.204687
4 0.200000 0.735938 0.231250 0.178125
5 0.166406 0.874219 0.092188 0.079687
5 0.048438 0.901563 0.096875 0.065625
5 0.368750 0.922656 0.056250 0.051562
2 0.291406 0.923438 0.126562 0.112500
2 0.392969 0.892969 0.054688 0.035937
2 0.083594 0.771094 0.048438 0.042188
