4 0.378906 0.764844 0.117188 0.195312
4 0.225000 0.860938 0.065625 0.071875
4 0.320312 0.892969 0.100000 0.114062
4 0.303125 0.969531 0.053125 0.060937
4 0.310156 0.597656 0.054688 0.060937
4 0.391406 0.381250 0.098437 0.078125
4 0.483594 0.196875 0.073438 0.103125
4 0.318750 0.432031 0.031250 0.042188
5 0.212500 0.469531 0.028125 0.023438
4 0.500000 0.614844 0.043750 0.039062
4 0.433594 0.661719 0.045312 0.064062
4 0.581250 0.316406 0.053125 0.089063
4 0.455469 0.017188 0.045312 0.034375
4 0.127344 0.379688 0.067187 0.062500
4 0.110937 0.516406 0.031250 0.039062
4 0.205469 0.347656 0.020313 0.048438
4 0.338281 0.467187 0.039062 0.037500
5 0.406250 0.545312 0.056250 0.062500
4 0.261719 0.353906 0.054688 0.076563
4 0.582031 0.583594 0.067187 0.064062
