4 0.614844 0.079687 0.070312 0.084375
4 0.792188 0.157031 0.081250 0.079687
4 0.649219 0.160938 0.095312 0.075000
4 0.623437 0.596875 0.090625 0.100000
4 0.859375 0.785156 0.118750 0.089063
4 0.801562 0.730469 0.075000 0.076563
4 0.178906 0.490625 0.064062 0.068750
4 0.122656 0.301563 0.073438 0.112500
4 0.174219 0.313281 0.032813 0.042188
4 0.296094 0.066406 0.082812 0.079687
4 0.415625 0.338281 0.137500 0.164062
4 0.533594 0.725000 0.098437 0.115625
4 0.510156 0.831250 0.132812 0.190625
4 0.646875 0.886719 0.137500 0.201563
4 0.847656 0.046875 0.104688 0.093750
4 0.917969 0.161719 0.054688 0.064062
4 0.929688 0.635156 0.087500 0.126562
4 0.915625 0.258594 0.059375 0.114062
