2 0.961719 0.610156 0.067187 0.054688
2 0.670312 0.412500 0.034375 0.040625
2 0.548438 0.403125 0.031250 0.031250
2 0.603906 0.771094 0.051562 0.048438
5 0.610938 0.518750 0.037500 0.025000
5 0.632812 0.506250 0.037500 0.012500
5 0.603906 0.735938 0.042188 0.059375
5 0.586719 0.795312 0.032813 0.059375
5 0.680469 0.767188 0.032813 0.059375
5 0.685937 0.513281 0.015625 0.032813
5 0.779687 0.513281 0.025000 0.023438
5 0.799219 0.703906 0.026562 0.029687
5 0.710938 0.562500 0.028125 0.031250
5 0.710156 0.451562 0.014063 0.018750
5 0.685937 0.433594 0.025000 0.032813
5 0.503906 0.301563 0.017188 0.015625
5 0.531250 0.317188 0.015625 0.015625
2 0.439063 0.166406 0.015625 0.010937
1 0.371094 0.282031 0.014063 0.020313
1 0.366406 0.304688 0.010937 0.015625
1 0.435156 0.322656 0.014063 0.023438
1 0.443750 0.388281 0.018750 0.023438
1 0.558594 0.339844 0.014063 0.017188
1 0.533594 0.482031 0.014063 0.026562
1 0.517969 0.490625 0.017188 0.028125
1 0.578906 0.492969 0.017188 0.026562
1 0.579688 0.527344 0.018750 0.035937
1 0.609375 0.619531 0.025000 0.039062
1 0.567969 0.588281 0.020313 0.026562
1 0.763281 0.400000 0.010937 0.018750
1 0.789062 0.595313 0.028125 0.037500
5 0.560156 0.550781 0.017188 0.026562
4 0.592187 0.468750 0.031250 0.043750
4 0.815625 0.604688 0.046875 0.046875
5 0.593750 0.934375 0.040625 0.043750
