4 0.310156 0.248438 0.098437 0.196875
4 0.128906 0.190625 0.060937 0.068750
4 0.216406 0.135156 0.092188 0.110937
4 0.181250 0.059375 0.050000 0.059375
4 0.282813 0.437500 0.050000 0.059375
4 0.420312 0.638281 0.096875 0.070312
4 0.560156 0.803125 0.064062 0.100000
4 0.333594 0.604688 0.026562 0.040625
5 0.216406 0.592969 0.029687 0.020313
4 0.470313 0.372656 0.040625 0.035937
4 0.390625 0.339844 0.037500 0.064062
4 0.630469 0.655469 0.045312 0.089063
4 0.578906 0.988281 0.045312 0.020313
4 0.150781 0.706250 0.064062 0.059375
4 0.100781 0.570312 0.026562 0.037500
4 0.239063 0.720313 0.015625 0.050000
4 0.344531 0.564063 0.035937 0.034375
5 0.393750 0.465625 0.053125 0.059375
4 0.295312 0.699219 0.046875 0.076563
4 0.563281 0.383594 0.064062 0.060937
