4 0.264062 0.718750 0.081250 0.156250
4 0.291406 0.593750 0.029687 0.050000
5 0.299219 0.850781 0.042188 0.048438
4 0.411719 0.844531 0.060937 0.117188
4 0.707812 0.901563 0.059375 0.075000
4 0.737500 0.975781 0.056250 0.048438
4 0.790625 0.953125 0.043750 0.062500
4 0.669531 0.807813 0.079687 0.121875
4 0.627344 0.724219 0.048438 0.082812
4 0.690625 0.736719 0.059375 0.073438
4 0.663281 0.639844 0.057813 0.076563
4 0.759375 0.560937 0.109375 0.100000
4 0.683594 0.573438 0.076563 0.084375
4 0.782031 0.460156 0.110937 0.117188
4 0.875781 0.534375 0.070312 0.065625
4 0.832812 0.585156 0.100000 0.114062
5 0.925781 0.569531 0.073438 0.079687
5 0.936719 0.357812 0.104688 0.137500
5 0.746094 0.635938 0.104688 0.090625
5 0.729688 0.786719 0.050000 0.042188
4 0.905469 0.951562 0.107813 0.096875
4 0.886719 0.176563 0.079687 0.043750
4 0.782031 0.082031 0.151562 0.123438
4 0.803906 0.039844 0.107813 0.032813
4 0.925781 0.050781 0.060937 0.023438
4 0.619531 0.937500 0.129688 0.125000
4 0.706250 0.686719 0.028125 0.029687
4 0.914062 0.460156 0.056250 0.073438
5 0.628906 0.428125 0.070312 0.087500
2 0.625781 0.568750 0.032813 0.031250
5 0.348438 0.331250 0.031250 0.034375
4 0.334375 0.435937 0.031250 0.040625
