4 0.567187 0.672656 0.075000 0.167187
4 0.435937 0.641406 0.084375 0.135937
4 0.492969 0.695312 0.057813 0.100000
4 0.511719 0.732031 0.057813 0.101562
4 0.313281 0.477344 0.089063 0.082812
4 0.107031 0.574219 0.101562 0.092188
4 0.041406 0.326562 0.076563 0.071875
4 0.539844 0.414844 0.023438 0.026562
2 0.517969 0.391406 0.014063 0.023438
4 0.493750 0.479687 0.028125 0.037500
4 0.451562 0.442969 0.059375 0.054688
4 0.675781 0.489844 0.039062 0.095312
4 0.662500 0.567187 0.025000 0.025000
5 0.646094 0.534375 0.014063 0.015625
4 0.442969 0.141406 0.048438 0.073438
4 0.492969 0.191406 0.054688 0.035937
4 0.246875 0.165625 0.056250 0.040625
5 0.783594 0.013281 0.017188 0.017188
4 0.924219 0.406250 0.010937 0.012500
5 0.730469 0.466406 0.017188 0.017188
