5 0.574219 0.460938 0.060937 0.134375
4 0.582031 0.192969 0.064062 0.076563
4 0.925781 0.491406 0.148438 0.223438
4 0.941406 0.663281 0.117188 0.182812
4 0.915625 0.300781 0.075000 0.101562
5 0.564063 0.377344 0.043750 0.060937
5 0.444531 0.915625 0.035937 0.081250
5 0.785937 0.417187 0.028125 0.043750
5 0.594531 0.071094 0.054688 0.079687
1 0.296094 0.389062 0.017188 0.021875
3 0.353906 0.506250 0.035937 0.075000
3 0.560937 0.990625 0.056250 0.018750
2 0.393750 0.955469 0.043750 0.067187
4 0.293750 0.503125 0.031250 0.050000
4 0.238281 0.492188 0.020313 0.031250
4 0.270313 0.262500 0.015625 0.053125
4 0.306250 0.213281 0.034375 0.060937
4 0.649219 0.296094 0.060937 0.057813
4 0.513281 0.314063 0.042188 0.059375
4 0.638281 0.364844 0.079687 0.064062
4 0.619531 0.395313 0.042188 0.056250
4 0.620313 0.313281 0.059375 0.067187
4 0.804688 0.274219 0.040625 0.054688
4 0.766406 0.530469 0.067187 0.070312
4 0.859375 0.456250 0.025000 0.103125
4 0.718750 0.501563 0.059375 0.062500
4 0.607812 0.003125 0.050000 0.006250
4 0.710156 0.548438 0.026562 0.043750
4 0.650000 0.167187 0.050000 0.043750
4 0.956250 0.098437 0.075000 0.190625
4 0.239063 0.248438 0.009375 0.018750
5 0.229687 0.285938 0.015625 0.012500
4 0.756250 0.172656 0.068750 0.070312
5 0.778906 0.699219 0.117188 0.085938
4 0.881250 0.369531 0.043750 0.035937
