4 0.407813 0.132812 0.290625 0.265625
4 0.298438 0.310937 0.228125 0.193750
4 0.054688 0.216406 0.071875 0.107813
4 0.114062 0.129688 0.096875 0.075000
4 0.548438 0.307031 0.134375 0.132812
4 0.436719 0.352344 0.073438 0.089063
4 0.338281 0.025000 0.029687 0.050000
4 0.628906 0.275781 0.076563 0.060937
4 0.769531 0.337500 0.076563 0.056250
2 0.846094 0.089844 0.114062 0.129688
4 0.816406 0.085156 0.182812 0.132812
4 0.762500 0.199219 0.065625 0.085938
4 0.799219 0.232031 0.057813 0.101562
4 0.892188 0.291406 0.028125 0.032813
5 0.914844 0.118750 0.160938 0.175000
4 0.596094 0.778906 0.054688 0.045312
4 0.447656 0.732812 0.026562 0.015625
4 0.847656 0.702344 0.029687 0.026562
4 0.150000 0.484375 0.031250 0.025000
5 0.032813 0.443750 0.043750 0.046875
4 0.959375 0.364844 0.065625 0.035937
5 0.952344 0.321875 0.079687 0.059375
