1 0.557031 0.403906 0.026562 0.032813
1 0.539062 0.296094 0.037500 0.042188
1 0.547656 0.246094 0.039062 0.054688
1 0.610938 0.242188 0.046875 0.043750
1 0.548438 0.192969 0.031250 0.060937
1 0.776563 0.356250 0.028125 0.037500
1 0.850000 0.397656 0.034375 0.042188
1 0.723437 0.489063 0.028125 0.037500
1 0.457813 0.419531 0.021875 0.039062
4 0.370312 0.467969 0.059375 0.067187
5 0.296875 0.248438 0.037500 0.056250
5 0.386719 0.112500 0.054688 0.087500
5 0.550781 0.116406 0.064062 0.082812
5 0.517969 0.199219 0.048438 0.039062
5 0.530469 0.367188 0.054688 0.040625
5 0.531250 0.332813 0.037500 0.043750
5 0.882812 0.446875 0.037500 0.037500
5 0.776563 0.526563 0.031250 0.028125
2 0.585938 0.432812 0.043750 0.037500
2 0.546875 0.521094 0.068750 0.067187
2 0.975000 0.540625 0.043750 0.040625
1 0.956250 0.389062 0.037500 0.028125
1 0.985938 0.389062 0.009375 0.034375
2 0.169531 0.472656 0.076563 0.073438
5 0.486719 0.429688 0.048438 0.053125
4 0.525000 0.426563 0.043750 0.046875
