2 0.061719 0.421875 0.120313 0.084375
3 0.021094 0.837500 0.042188 0.075000
4 0.164844 0.803906 0.054688 0.045312
4 0.499219 0.914844 0.170313 0.142187
4 0.810156 0.953906 0.101562 0.064062
4 0.270313 0.935156 0.103125 0.082812
4 0.357812 0.975000 0.046875 0.043750
4 0.282031 0.975000 0.095312 0.037500
4 0.234375 0.810937 0.037500 0.021875
4 0.327344 0.875000 0.020313 0.018750
4 0.306250 0.542969 0.050000 0.010937
4 0.022656 0.885156 0.045312 0.039062
4 0.082812 0.843750 0.018750 0.021875
4 0.137500 0.731250 0.021875 0.018750
