3 0.772656 0.233594 0.067187 0.029687
4 0.658594 0.359375 0.089063 0.081250
4 0.575781 0.375781 0.076563 0.067187
5 0.644531 0.571094 0.110937 0.070312
4 0.482031 0.866406 0.107813 0.117188
4 0.404687 0.754687 0.159375 0.143750
4 0.482031 0.981250 0.210938 0.037500
4 0.046094 0.791406 0.092188 0.185938
4 0.214844 0.771875 0.207813 0.143750
5 0.205469 0.910156 0.079687 0.067187
5 0.093750 0.963281 0.090625 0.060937
5 0.407031 0.927344 0.048438 0.045312
2 0.333594 0.945312 0.110937 0.106250
2 0.425781 0.894531 0.048438 0.029687
2 0.107813 0.825000 0.043750 0.034375
