3 0.216406 0.840625 0.026562 0.053125
5 0.492969 0.767188 0.057813 0.062500
4 0.532813 0.735156 0.100000 0.101562
4 0.810156 0.561719 0.079687 0.095312
4 0.803906 0.496094 0.045312 0.064062
4 0.795312 0.347656 0.046875 0.051562
4 0.810156 0.396094 0.042188 0.051562
3 0.871094 0.348438 0.126562 0.190625
4 0.978906 0.423438 0.032813 0.021875
5 0.953906 0.264062 0.045312 0.062500
4 0.916406 0.134375 0.045312 0.065625
4 0.936719 0.177344 0.048438 0.026562
4 0.844531 0.048438 0.198437 0.096875
4 0.822656 0.117188 0.095312 0.059375
5 0.751563 0.060156 0.078125 0.120313
4 0.860156 0.149219 0.029687 0.035937
4 0.666406 0.268750 0.098437 0.134375
4 0.514062 0.380469 0.062500 0.048438
4 0.354687 0.248438 0.031250 0.028125
4 0.765625 0.454688 0.093750 0.165625
5 0.675781 0.495312 0.039062 0.059375
