5 0.498437 0.912500 0.040625 0.034375
5 0.632812 0.812500 0.031250 0.021875
5 0.197656 0.660156 0.064062 0.079687
5 0.284375 0.663281 0.056250 0.045312
4 0.581250 0.501563 0.037500 0.037500
5 0.494531 0.488281 0.054688 0.057813
5 0.525000 0.545312 0.043750 0.025000
5 0.370312 0.422656 0.053125 0.023438
4 0.514844 0.577344 0.051562 0.042188
2 0.544531 0.591406 0.045312 0.045312
2 0.603125 0.632031 0.065625 0.054688
2 0.566406 0.275781 0.051562 0.073438
1 0.310937 0.540625 0.062500 0.040625
1 0.559375 0.746875 0.037500 0.015625
1 0.377344 0.895312 0.045312 0.050000
1 0.431250 0.971875 0.037500 0.034375
1 0.389062 0.732031 0.053125 0.026562
1 0.482031 0.617188 0.032813 0.037500
1 0.257812 0.626563 0.056250 0.034375
