5 0.470313 0.315625 0.056250 0.087500
4 0.489844 0.658594 0.057813 0.057813
2 0.395313 0.634375 0.071875 0.075000
2 0.042969 0.574219 0.060937 0.057813
2 0.549219 0.604688 0.054688 0.059375
2 0.765625 0.682813 0.090625 0.068750
1 0.664844 0.342187 0.054688 0.050000
1 0.515625 0.437500 0.040625 0.050000
1 0.555469 0.314844 0.048438 0.057813
1 0.517969 0.310937 0.057813 0.075000
1 0.364063 0.594531 0.043750 0.045312
1 0.486719 0.548438 0.045312 0.043750
1 0.325781 0.408594 0.057813 0.051562
1 0.151562 0.342187 0.050000 0.075000
1 0.225000 0.392969 0.037500 0.057813
5 0.243750 0.471875 0.046875 0.053125
5 0.256250 0.637500 0.034375 0.037500
