5 0.718750 0.492188 0.059375 0.053125
3 0.985938 0.803906 0.028125 0.029687
4 0.240625 0.542188 0.118750 0.078125
4 0.313281 0.061719 0.048438 0.076563
4 0.413281 0.277344 0.135937 0.085938
4 0.516406 0.086719 0.029687 0.023438
4 0.217188 0.078125 0.137500 0.096875
4 0.239844 0.179688 0.114062 0.065625
3 0.200781 0.308594 0.107813 0.095312
3 0.250781 0.339844 0.042188 0.029687
4 0.138281 0.400781 0.039062 0.042188
4 0.166406 0.385937 0.048438 0.028125
4 0.232031 0.359375 0.032813 0.021875
4 0.108594 0.167187 0.060937 0.031250
4 0.107031 0.192969 0.042188 0.020313
4 0.175000 0.250781 0.025000 0.023438
4 0.106250 0.275781 0.059375 0.045312
2 0.050781 0.160156 0.023438 0.029687
5 0.361719 0.421094 0.042188 0.020313
5 0.405469 0.163281 0.139063 0.057813
4 0.269531 0.275000 0.023438 0.018750
4 0.864844 0.433594 0.051562 0.020313
