1 0.335156 0.339062 0.017188 0.015625
1 0.357812 0.335156 0.021875 0.014063
1 0.386719 0.411719 0.026562 0.017188
1 0.452344 0.422656 0.023438 0.020313
1 0.400781 0.549219 0.023438 0.014063
1 0.372656 0.518750 0.017188 0.018750
2 0.466406 0.542969 0.032813 0.032813
5 0.357031 0.486719 0.017188 0.020313
4 0.524219 0.587500 0.045312 0.028125
1 0.554688 0.566406 0.031250 0.023438
1 0.540625 0.522656 0.034375 0.017188
1 0.552344 0.503906 0.035937 0.020313
1 0.600781 0.565625 0.039062 0.021875
1 0.663281 0.557031 0.023438 0.020313
1 0.694531 0.597656 0.045312 0.026562
5 0.628906 0.546094 0.026562 0.017188
5 0.586719 0.600781 0.029687 0.042188
5 0.566406 0.621094 0.014063 0.045312
5 0.579688 0.678906 0.034375 0.017188
5 0.485156 0.691406 0.035937 0.026562
5 0.503125 0.716406 0.021875 0.017188
2 0.468750 0.668750 0.034375 0.037500
1 0.472656 0.771094 0.020313 0.014063
5 0.584375 0.794531 0.028125 0.029687
5 0.664844 0.713281 0.029687 0.026562
1 0.695312 0.800781 0.043750 0.026562
4 0.700000 0.829688 0.056250 0.056250
2 0.695312 0.978125 0.062500 0.028125
5 0.821875 0.596875 0.071875 0.043750
5 0.860938 0.678906 0.078125 0.039062
5 0.889844 0.576562 0.079687 0.046875
5 0.814844 0.810156 0.029687 0.026562
2 0.876563 0.614062 0.059375 0.053125
