4 0.946875 0.478125 0.106250 0.140625
4 0.963281 0.310937 0.073438 0.156250
4 0.839063 0.211719 0.128125 0.076563
4 0.827344 0.136719 0.073438 0.089063
4 0.907031 0.299219 0.073438 0.089063
4 0.818750 0.267969 0.084375 0.042188
4 0.751563 0.309375 0.131250 0.106250
4 0.725000 0.383594 0.093750 0.076563
4 0.638281 0.321094 0.026562 0.029687
5 0.620313 0.345313 0.093750 0.090625
4 0.643750 0.422656 0.046875 0.064062
4 0.550000 0.350000 0.103125 0.100000
4 0.558594 0.292187 0.107813 0.100000
5 0.491406 0.250000 0.064062 0.053125
4 0.482812 0.296875 0.053125 0.053125
4 0.437500 0.348438 0.134375 0.078125
5 0.257812 0.329688 0.078125 0.103125
4 0.141406 0.531250 0.095312 0.093750
4 0.167969 0.457813 0.082812 0.031250
4 0.067187 0.528125 0.125000 0.100000
5 0.068750 0.582031 0.078125 0.035937
4 0.035937 0.425781 0.056250 0.042188
4 0.018750 0.525781 0.037500 0.060937
2 0.614062 0.482812 0.028125 0.031250
4 0.957031 0.726562 0.048438 0.046875
4 0.353906 0.257031 0.164062 0.104688
4 0.012500 0.671094 0.025000 0.029687
5 0.043750 0.345313 0.062500 0.037500
5 0.418750 0.520312 0.034375 0.034375
