1 0.343750 0.539844 0.031250 0.032813
3 0.082812 0.210156 0.050000 0.092188
3 0.489063 0.478906 0.046875 0.032813
3 0.529687 0.502344 0.021875 0.051562
3 0.600781 0.390625 0.035937 0.043750
3 0.483594 0.265625 0.032813 0.034375
2 0.446094 0.441406 0.042188 0.045312
2 0.263281 0.403125 0.042188 0.040625
2 0.292187 0.279687 0.046875 0.075000
4 0.565625 0.609375 0.031250 0.025000
3 0.402344 0.532813 0.020313 0.025000
5 0.362500 0.582812 0.028125 0.021875
5 0.412500 0.571875 0.021875 0.015625
5 0.471875 0.610938 0.028125 0.021875
5 0.464062 0.582812 0.025000 0.021875
1 0.882812 0.427344 0.018750 0.026562
4 0.396875 0.256250 0.062500 0.078125
