5 0.297656 0.288281 0.104688 0.092188
5 0.382031 0.344531 0.076563 0.067187
4 0.710156 0.534375 0.054688 0.081250
4 0.392969 0.547656 0.089063 0.067187
4 0.398438 0.449219 0.093750 0.082812
4 0.224219 0.510156 0.098437 0.076563
4 0.326562 0.550781 0.090625 0.079687
4 0.061719 0.418750 0.073438 0.068750
4 0.125000 0.409375 0.065625 0.043750
2 0.764844 0.169531 0.067187 0.057813
5 0.697656 0.078906 0.067187 0.042188
4 0.471094 0.874219 0.064062 0.048438
4 0.455469 0.613281 0.051562 0.048438
5 0.810156 0.745313 0.235937 0.181250
5 0.045312 0.565625 0.090625 0.128125
5 0.626563 0.624219 0.053125 0.057813
