1 0.621094 0.185156 0.023438 0.042188
1 0.489844 0.465625 0.039062 0.062500
1 0.332813 0.470313 0.040625 0.081250
1 0.285938 0.332031 0.031250 0.054688
2 0.483594 0.339844 0.054688 0.060937
5 0.234375 0.321094 0.050000 0.039062
5 0.177344 0.906250 0.064062 0.140625
5 0.735156 0.261719 0.035937 0.048438
5 0.784375 0.314844 0.025000 0.029687
5 0.726562 0.478906 0.031250 0.073438
4 0.571875 0.369531 0.031250 0.060937
5 0.933594 0.932031 0.060937 0.089063
4 0.280469 0.398438 0.070312 0.059375
1 0.480469 0.700000 0.048438 0.065625
