4 0.310156 0.591406 0.264062 0.320312
4 0.076563 0.365625 0.087500 0.075000
4 0.040625 0.232031 0.081250 0.064062
4 0.293750 0.304688 0.206250 0.140625
4 0.510938 0.482812 0.121875 0.093750
4 0.425781 0.458594 0.079687 0.123438
4 0.427344 0.371094 0.073438 0.060937
4 0.152344 0.810156 0.251563 0.335938
4 0.229687 0.579688 0.031250 0.043750
4 0.580469 0.558594 0.098437 0.070312
4 0.710156 0.582031 0.064062 0.076563
4 0.697656 0.693750 0.032813 0.100000
4 0.652344 0.702344 0.048438 0.085938
4 0.647656 0.858594 0.129688 0.207813
4 0.881250 0.680469 0.059375 0.064062
4 0.800000 0.703125 0.025000 0.034375
4 0.961719 0.814844 0.054688 0.098437
4 0.953125 0.748437 0.031250 0.031250
4 0.997656 0.793750 0.004687 0.075000
5 0.775000 0.838281 0.118750 0.170313
2 0.675781 0.845313 0.076563 0.153125
4 0.722656 0.103125 0.054688 0.046875
5 0.576562 0.056250 0.018750 0.018750
4 0.231250 0.081250 0.025000 0.021875
