5 0.103906 0.399219 0.045312 0.048438
5 0.318750 0.461719 0.053125 0.057813
5 0.414062 0.451562 0.056250 0.034375
5 0.448437 0.432031 0.043750 0.032813
4 0.491406 0.386719 0.042188 0.048438
2 0.631250 0.435156 0.053125 0.045312
5 0.626563 0.404687 0.028125 0.025000
2 0.603906 0.315625 0.054688 0.068750
1 0.686719 0.445312 0.017188 0.025000
1 0.537500 0.575000 0.031250 0.031250
1 0.543750 0.676562 0.031250 0.028125
1 0.643750 0.694531 0.025000 0.026562
1 0.553125 0.753906 0.025000 0.032813
1 0.561719 0.771875 0.029687 0.021875
1 0.601562 0.932813 0.028125 0.028125
1 0.560937 0.923438 0.025000 0.031250
1 0.652344 0.728906 0.017188 0.026562
5 0.591406 0.925781 0.014063 0.020313
2 0.625781 0.860938 0.029687 0.034375
5 0.486719 0.864844 0.029687 0.017188
5 0.603125 0.764844 0.053125 0.032813
4 0.592969 0.789844 0.048438 0.045312
1 0.575781 0.760938 0.017188 0.018750
1 0.748437 0.561719 0.015625 0.014063
5 0.685937 0.553906 0.021875 0.020313
5 0.636719 0.555469 0.023438 0.023438
5 0.610938 0.607031 0.021875 0.023438
5 0.604688 0.614844 0.025000 0.026562
5 0.550000 0.588281 0.018750 0.039062
5 0.564844 0.535937 0.026562 0.037500
5 0.519531 0.472656 0.020313 0.017188
