1 0.528125 0.336719 0.034375 0.035937
5 0.554688 0.418750 0.053125 0.043750
2 0.572656 0.356250 0.060937 0.056250
2 0.657031 0.334375 0.048438 0.050000
2 0.614062 0.192188 0.031250 0.037500
3 0.639062 0.512500 0.071875 0.056250
3 0.535156 0.383594 0.070312 0.035937
3 0.496875 0.558594 0.034375 0.054688
3 0.538281 0.499219 0.039062 0.057813
5 0.492969 0.420312 0.020313 0.028125
5 0.448437 0.240625 0.025000 0.028125
5 0.403125 0.326562 0.031250 0.037500
4 0.375781 0.521094 0.023438 0.026562
3 0.685937 0.652344 0.034375 0.035937
3 0.505469 0.640625 0.057813 0.050000
3 0.514062 0.682813 0.028125 0.034375
1 0.442969 0.817187 0.020313 0.015625
