1 0.478125 0.186719 0.015625 0.007812
2 0.503906 0.172656 0.035937 0.014063
5 0.562500 0.262500 0.009375 0.009375
2 0.567187 0.485938 0.046875 0.043750
2 0.507812 0.782031 0.053125 0.045312
1 0.574219 0.892969 0.048438 0.054688
1 0.392969 0.871094 0.029687 0.054688
4 0.357812 0.869531 0.043750 0.082812
5 0.108594 0.746094 0.017188 0.039062
5 0.187500 0.695312 0.034375 0.021875
1 0.346094 0.645312 0.023438 0.040625
5 0.118750 0.846094 0.037500 0.035937
4 0.642188 0.878125 0.059375 0.050000
5 0.715625 0.813281 0.050000 0.045312
1 0.688281 0.821875 0.035937 0.046875
