1 0.931250 0.415625 0.031250 0.034375
1 0.775000 0.293750 0.037500 0.046875
1 0.635938 0.471094 0.025000 0.035937
1 0.575000 0.527344 0.025000 0.042188
1 0.567969 0.428906 0.023438 0.032813
1 0.205469 0.679688 0.017188 0.031250
1 0.044531 0.892969 0.014063 0.023438
5 0.347656 0.942969 0.014063 0.014063
5 0.222656 0.497656 0.014063 0.029687
2 0.366406 0.767969 0.057813 0.032813
2 0.342187 0.550000 0.043750 0.037500
4 0.468750 0.356250 0.050000 0.050000
5 0.525000 0.496875 0.021875 0.021875
5 0.599219 0.395313 0.039062 0.028125
5 0.602344 0.458594 0.032813 0.029687
4 0.971094 0.410156 0.051562 0.060937
