5 0.921094 0.645312 0.010937 0.012500
5 0.873437 0.681250 0.009375 0.006250
1 0.998437 0.642969 0.003125 0.010937
5 0.792969 0.550000 0.014063 0.012500
1 0.717187 0.537500 0.009375 0.015625
1 0.701562 0.584375 0.012500 0.012500
2 0.693750 0.714844 0.025000 0.007812
5 0.746875 0.529687 0.012500 0.009375
5 0.637500 0.176563 0.015625 0.021875
5 0.995313 0.375000 0.003125 0.015625
1 0.580469 0.361719 0.014063 0.020313
2 0.400781 0.435156 0.054688 0.039062
1 0.219531 0.161719 0.039062 0.035937
5 0.225781 0.146094 0.032813 0.017188
5 0.111719 0.085156 0.045312 0.060937
1 0.089844 0.123438 0.035937 0.050000
1 0.171094 0.035156 0.029687 0.048438
4 0.271094 0.027344 0.060937 0.039062
2 0.424219 0.191406 0.042188 0.032813
5 0.395313 0.629687 0.012500 0.015625
1 0.589063 0.700000 0.006250 0.012500
