4 0.679688 0.872656 0.137500 0.235937
4 0.615625 0.739844 0.071875 0.107813
4 0.558594 0.789844 0.117188 0.160938
4 0.490625 0.924219 0.218750 0.151562
4 0.486719 0.756250 0.098437 0.159375
4 0.405469 0.710938 0.079687 0.121875
4 0.123438 0.792188 0.218750 0.200000
2 0.146094 0.813281 0.164062 0.132812
4 0.228906 0.703906 0.076563 0.082812
4 0.222656 0.614844 0.110937 0.073438
5 0.092188 0.590625 0.184375 0.206250
4 0.242188 0.517188 0.043750 0.043750
4 0.432031 0.592187 0.095312 0.075000
4 0.364063 0.373437 0.075000 0.075000
4 0.220312 0.318750 0.106250 0.106250
4 0.183594 0.176563 0.232813 0.181250
5 0.277344 0.420312 0.076563 0.087500
4 0.423438 0.416406 0.018750 0.026562
5 0.182812 0.564844 0.018750 0.017188
4 0.943750 0.139844 0.053125 0.089063
4 0.976562 0.340625 0.018750 0.031250
4 0.825781 0.808594 0.017188 0.026562
4 0.858594 0.867969 0.032813 0.042188
