5 0.805469 0.170313 0.170313 0.212500
5 0.473438 0.459375 0.156250 0.090625
5 0.352344 0.275781 0.120313 0.073438
5 0.517188 0.533594 0.071875 0.060937
4 0.857031 0.592187 0.092188 0.075000
4 0.644531 0.507031 0.064062 0.076563
4 0.777344 0.392188 0.107813 0.115625
4 0.583594 0.554688 0.067187 0.062500
4 0.459375 0.847656 0.043750 0.035937
4 0.457813 0.896875 0.071875 0.043750
4 0.564844 0.302344 0.151562 0.114062
4 0.793750 0.107813 0.065625 0.103125
4 0.686719 0.222656 0.035937 0.117188
3 0.076563 0.370312 0.118750 0.068750
4 0.346875 0.695312 0.046875 0.037500
4 0.553125 0.834375 0.084375 0.053125
5 0.691406 0.671875 0.042188 0.046875
5 0.782813 0.615625 0.087500 0.062500
5 0.801562 0.470313 0.096875 0.078125
5 0.569531 0.334375 0.079687 0.068750
5 0.642969 0.250000 0.057813 0.046875
5 0.689844 0.304688 0.067187 0.062500
5 0.648438 0.376563 0.031250 0.031250
5 0.988281 0.345313 0.023438 0.159375
5 0.084375 0.136719 0.021875 0.029687
5 0.646094 0.576562 0.023438 0.025000
5 0.753906 0.443750 0.057813 0.040625
5 0.433594 0.768750 0.032813 0.031250
4 0.859375 0.408594 0.087500 0.098437
5 0.711719 0.555469 0.085938 0.070312
5 0.707812 0.909375 0.053125 0.025000
