2 0.650781 0.048438 0.139063 0.081250
2 0.179688 0.046094 0.140625 0.092188
3 0.590625 0.477344 0.046875 0.079687
5 0.396094 0.672656 0.089063 0.073438
2 0.178906 0.941406 0.060937 0.045312
4 0.022656 0.653906 0.045312 0.117188
4 0.169531 0.742969 0.029687 0.042188
4 0.156250 0.453906 0.053125 0.095312
4 0.067969 0.471094 0.107813 0.126562
4 0.218750 0.665625 0.100000 0.162500
5 0.263281 0.900000 0.060937 0.093750
4 0.103125 0.207813 0.187500 0.415625
4 0.257812 0.005469 0.068750 0.010937
4 0.164844 0.328125 0.160938 0.150000
4 0.025781 0.696875 0.032813 0.056250
