4 0.702344 0.253906 0.101562 0.198437
4 0.884375 0.198437 0.062500 0.068750
4 0.796094 0.140625 0.095312 0.112500
4 0.834375 0.065625 0.050000 0.059375
4 0.725000 0.442188 0.050000 0.059375
4 0.583594 0.640625 0.098437 0.071875
4 0.442188 0.801562 0.065625 0.100000
4 0.671875 0.607812 0.028125 0.040625
5 0.788281 0.599219 0.029687 0.020313
4 0.537500 0.373437 0.040625 0.037500
4 0.617969 0.342969 0.039062 0.064062
4 0.373437 0.653125 0.046875 0.090625
4 0.419531 0.985938 0.045312 0.021875
4 0.852344 0.713281 0.064062 0.060937
4 0.904687 0.578125 0.028125 0.037500
4 0.764062 0.725000 0.015625 0.050000
4 0.660156 0.568750 0.035937 0.034375
5 0.614062 0.468750 0.053125 0.059375
4 0.708594 0.703125 0.048438 0.078125
4 0.444531 0.382812 0.064062 0.062500
