5 0.751563 0.340625 0.031250 0.028125
5 0.787500 0.212500 0.037500 0.053125
5 0.821875 0.288281 0.021875 0.032813
5 0.179688 0.307031 0.053125 0.035937
5 0.465625 0.803125 0.012500 0.012500
2 0.525781 0.892188 0.035937 0.015625
1 0.542969 0.863281 0.017188 0.010937
1 0.580469 0.396875 0.026562 0.031250
1 0.506250 0.186719 0.031250 0.057813
4 0.539062 0.185156 0.040625 0.035937
2 0.392188 0.298438 0.062500 0.053125
1 0.320312 0.196875 0.037500 0.059375
4 0.242969 0.226562 0.060937 0.046875
1 0.199219 0.288281 0.045312 0.051562
2 0.403125 0.592969 0.043750 0.054688
