3 0.068750 0.052344 0.093750 0.054688
4 0.221094 0.161719 0.048438 0.060937
4 0.175781 0.252344 0.039062 0.032813
4 0.078906 0.503125 0.154688 0.087500
4 0.150781 0.555469 0.042188 0.045312
4 0.178125 0.466406 0.065625 0.107813
4 0.082031 0.217969 0.029687 0.039062
4 0.028906 0.087500 0.017188 0.053125
4 0.273438 0.856250 0.068750 0.078125
4 0.184375 0.704688 0.137500 0.187500
4 0.013281 0.666406 0.026562 0.064062
4 0.003906 0.756250 0.007812 0.053125
4 0.003906 0.607812 0.007812 0.031250
4 0.071094 0.699219 0.020313 0.042188
4 0.060156 0.133594 0.023438 0.020313
4 0.038281 0.121875 0.017188 0.028125
