3 0.281250 0.150781 0.040625 0.073438
4 0.389844 0.286719 0.095312 0.101562
4 0.392188 0.373437 0.078125 0.087500
5 0.601562 0.333594 0.087500 0.123438
4 0.872656 0.546094 0.135937 0.126562
4 0.748437 0.607812 0.168750 0.181250
4 0.976562 0.563281 0.046875 0.217188
4 0.725781 0.956250 0.204687 0.087500
4 0.735938 0.801562 0.178125 0.231250
5 0.874219 0.833594 0.079687 0.092188
5 0.901563 0.951562 0.065625 0.096875
5 0.922656 0.631250 0.051562 0.056250
2 0.923438 0.708594 0.112500 0.126562
2 0.892969 0.607031 0.035937 0.054688
2 0.771094 0.917969 0.042188 0.048438
