5 0.542188 0.481250 0.075000 0.140625
4 0.587500 0.214844 0.071875 0.082812
4 0.901563 0.562500 0.196875 0.240625
4 0.899219 0.736719 0.170313 0.198437
4 0.903906 0.369531 0.085938 0.107813
5 0.545312 0.395313 0.050000 0.065625
5 0.350000 0.915625 0.043750 0.084375
5 0.760156 0.465625 0.032813 0.046875
5 0.618750 0.095312 0.062500 0.084375
1 0.275781 0.371094 0.020313 0.023438
3 0.317188 0.496875 0.043750 0.078125
2 0.292969 0.946875 0.051562 0.068750
4 0.257031 0.484375 0.035937 0.053125
4 0.203906 0.464844 0.023438 0.032813
4 0.267969 0.241406 0.020313 0.054688
4 0.310937 0.198437 0.040625 0.065625
4 0.640625 0.326562 0.065625 0.062500
4 0.501563 0.325781 0.046875 0.064062
4 0.619531 0.395313 0.085938 0.071875
4 0.596875 0.422656 0.046875 0.060937
4 0.608594 0.340625 0.067187 0.071875
4 0.799219 0.327344 0.045312 0.060937
4 0.724219 0.578125 0.073438 0.078125
4 0.827344 0.516406 0.035937 0.104688
4 0.681250 0.542188 0.065625 0.068750
4 0.641406 0.025000 0.051562 0.021875
4 0.666406 0.589063 0.032813 0.046875
4 0.658594 0.199219 0.054688 0.048438
4 0.962500 0.174219 0.075000 0.201563
4 0.238281 0.222656 0.010937 0.020313
5 0.224219 0.258594 0.017188 0.014063
4 0.764062 0.219531 0.075000 0.076563
5 0.713281 0.747656 0.126562 0.098437
4 0.861719 0.432812 0.048438 0.040625
