1 0.840625 0.696094 0.025000 0.039062
2 0.768750 0.594531 0.050000 0.042188
2 0.694531 0.781250 0.067187 0.031250
5 0.578906 0.504687 0.032813 0.034375
4 0.595313 0.349219 0.075000 0.076563
5 0.464062 0.442188 0.056250 0.037500
5 0.460938 0.473438 0.037500 0.046875
1 0.424219 0.529687 0.032813 0.037500
1 0.489063 0.387500 0.040625 0.037500
1 0.407813 0.450000 0.034375 0.046875
5 0.486719 0.356250 0.039062 0.043750
1 0.247656 0.255469 0.029687 0.051562
1 0.066406 0.420312 0.032813 0.043750
4 0.036719 0.426563 0.042188 0.053125
5 0.714063 0.990625 0.012500 0.012500
5 0.799219 0.219531 0.029687 0.051562
