4 0.605469 0.456250 0.110937 0.134375
4 0.310156 0.362500 0.051562 0.062500
4 0.233594 0.462500 0.032813 0.056250
4 0.406250 0.446875 0.043750 0.071875
4 0.241406 0.079687 0.026562 0.025000
4 0.239844 0.050000 0.023438 0.031250
4 0.275000 0.042188 0.028125 0.028125
4 0.283594 0.102344 0.014063 0.017188
4 0.152344 0.170313 0.026562 0.037500
4 0.196875 0.116406 0.025000 0.048438
4 0.158594 0.085156 0.023438 0.035937
4 0.159375 0.053906 0.031250 0.017188
5 0.948438 0.676562 0.031250 0.056250
5 0.993750 0.640625 0.012500 0.037500
4 0.555469 0.890625 0.020313 0.028125
4 0.438281 0.532031 0.017188 0.042188
4 0.513281 0.639062 0.020313 0.025000
4 0.432031 0.553906 0.014063 0.010937
4 0.460938 0.319531 0.012500 0.014063
4 0.541406 0.491406 0.017188 0.026562
