4 0.752344 0.492969 0.120313 0.129688
4 0.637500 0.385937 0.071875 0.090625
4 0.685937 0.324219 0.078125 0.114062
4 0.778906 0.235937 0.170313 0.187500
2 0.736719 0.155469 0.092188 0.098437
4 0.698438 0.219531 0.034375 0.054688
4 0.670312 0.234375 0.031250 0.068750
4 0.476562 0.475000 0.037500 0.037500
4 0.590625 0.183594 0.034375 0.054688
4 0.846875 0.500000 0.059375 0.071875
4 0.861719 0.581250 0.114062 0.103125
4 0.946094 0.741406 0.035937 0.076563
5 0.578906 0.627344 0.020313 0.023438
5 0.907813 0.121875 0.084375 0.084375
4 0.720313 0.434375 0.065625 0.071875
