5 0.721875 0.628906 0.031250 0.032813
5 0.728906 0.451562 0.042188 0.050000
5 0.514844 0.303125 0.051562 0.084375
5 0.432812 0.335156 0.090625 0.135937
2 0.212500 0.639844 0.084375 0.067187
2 0.579688 0.607031 0.075000 0.079687
2 0.431250 0.553906 0.050000 0.057813
2 0.921875 0.582031 0.053125 0.048438
1 0.613281 0.568750 0.039062 0.040625
1 0.489844 0.506250 0.039062 0.034375
1 0.654687 0.389844 0.050000 0.045312
1 0.753125 0.378906 0.034375 0.054688
1 0.821875 0.326562 0.046875 0.068750
1 0.468750 0.302344 0.053125 0.070312
1 0.435937 0.300000 0.046875 0.053125
1 0.335938 0.329688 0.056250 0.056250
5 0.289844 0.437500 0.026562 0.040625
4 0.486719 0.616406 0.054688 0.057813
