4 0.818750 0.178906 0.253125 0.182812
4 0.712500 0.285938 0.125000 0.093750
4 0.781250 0.328125 0.187500 0.150000
4 0.920312 0.355469 0.159375 0.245312
4 0.771094 0.412500 0.182812 0.131250
4 0.752344 0.510156 0.139063 0.104688
4 0.902344 0.771094 0.195312 0.264062
2 0.929688 0.741406 0.140625 0.195312
4 0.803125 0.692969 0.100000 0.095312
4 0.714063 0.728906 0.093750 0.126562
5 0.733594 0.866406 0.245312 0.223438
4 0.609375 0.743750 0.053125 0.053125
4 0.623437 0.524219 0.096875 0.114062
4 0.421875 0.665625 0.090625 0.090625
4 0.414062 0.829688 0.131250 0.131250
4 0.279687 0.888281 0.231250 0.223438
5 0.496875 0.737500 0.103125 0.093750
4 0.445312 0.590625 0.031250 0.025000
5 0.677344 0.786719 0.023438 0.023438
4 0.021094 0.150781 0.042188 0.070312
4 0.712500 0.047656 0.031250 0.023438
4 0.762500 0.007812 0.050000 0.015625
