4 0.038281 0.510938 0.076563 0.146875
4 0.021875 0.691406 0.043750 0.164062
4 0.140625 0.792969 0.137500 0.079687
4 0.154688 0.873437 0.078125 0.093750
4 0.066406 0.701562 0.076563 0.093750
4 0.162500 0.733594 0.090625 0.045312
4 0.233594 0.686719 0.139063 0.110937
4 0.259375 0.608594 0.100000 0.079687
4 0.354687 0.671875 0.028125 0.031250
5 0.372656 0.647656 0.098437 0.095312
4 0.346094 0.564063 0.048438 0.065625
4 0.447656 0.641406 0.107813 0.104688
4 0.440625 0.701562 0.112500 0.106250
5 0.512500 0.746094 0.068750 0.054688
4 0.521875 0.695312 0.056250 0.056250
4 0.569531 0.638281 0.142187 0.079687
5 0.760938 0.656250 0.084375 0.109375
4 0.882031 0.439844 0.101562 0.098437
4 0.853906 0.517969 0.089063 0.032813
4 0.946875 0.439844 0.106250 0.104688
5 0.957812 0.384375 0.084375 0.037500
4 0.983594 0.548438 0.032813 0.043750
4 0.995313 0.439844 0.009375 0.060937
2 0.377344 0.499219 0.029687 0.032813
4 0.660156 0.735938 0.176563 0.109375
5 0.974219 0.634375 0.035937 0.037500
5 0.584375 0.454688 0.037500 0.037500
