1 0.528125 0.360156 0.031250 0.020313
1 0.414844 0.517969 0.035937 0.032813
1 0.429688 0.540625 0.031250 0.021875
1 0.473438 0.563281 0.034375 0.029687
1 0.495312 0.578906 0.028125 0.020313
1 0.477344 0.591406 0.032813 0.020313
1 0.642969 0.454688 0.014063 0.018750
5 0.611719 0.482812 0.020313 0.018750
5 0.617188 0.504687 0.037500 0.031250
5 0.517969 0.497656 0.029687 0.032813
5 0.512500 0.531250 0.028125 0.043750
5 0.488281 0.541406 0.032813 0.020313
5 0.440625 0.551562 0.025000 0.015625
5 0.323437 0.524219 0.053125 0.042188
5 0.288281 0.535937 0.067187 0.050000
5 0.335938 0.439063 0.059375 0.034375
5 0.593750 0.373437 0.025000 0.025000
5 0.492969 0.385156 0.035937 0.029687
5 0.444531 0.353125 0.042188 0.025000
5 0.184375 0.450781 0.037500 0.042188
2 0.588281 0.238281 0.039062 0.073438
2 0.750000 0.862500 0.018750 0.025000
2 0.580469 0.607812 0.039062 0.037500
2 0.613281 0.530469 0.032813 0.035937
4 0.529687 0.544531 0.046875 0.032813
1 0.618750 0.648438 0.025000 0.018750
1 0.569531 0.781250 0.026562 0.018750
1 0.522656 0.749219 0.020313 0.023438
1 0.563281 0.885938 0.026562 0.018750
1 0.579688 0.902344 0.025000 0.020313
5 0.648438 0.695312 0.025000 0.018750
5 0.636719 0.742188 0.023438 0.015625
1 0.468750 0.613281 0.028125 0.020313
