5 0.366406 0.482031 0.017188 0.023438
5 0.467187 0.500000 0.025000 0.028125
5 0.553125 0.460938 0.025000 0.031250
5 0.632812 0.559375 0.018750 0.034375
5 0.717187 0.521875 0.031250 0.046875
5 0.760156 0.542969 0.035937 0.073438
5 0.705469 0.467969 0.035937 0.067187
5 0.684375 0.492969 0.046875 0.032813
5 0.649219 0.596875 0.026562 0.025000
5 0.403125 0.017969 0.021875 0.014063
1 0.418750 0.057031 0.018750 0.023438
1 0.389062 0.048438 0.025000 0.015625
2 0.378125 0.123438 0.018750 0.037500
5 0.481250 0.160938 0.025000 0.015625
1 0.482812 0.204687 0.025000 0.025000
1 0.468750 0.234375 0.021875 0.028125
5 0.462500 0.266406 0.031250 0.039062
1 0.478906 0.295312 0.035937 0.018750
1 0.568750 0.315625 0.034375 0.021875
4 0.455469 0.224219 0.029687 0.026562
1 0.454688 0.408594 0.021875 0.029687
1 0.435937 0.405469 0.021875 0.026562
1 0.296875 0.462500 0.015625 0.015625
4 0.598437 0.635938 0.028125 0.043750
2 0.488281 0.629687 0.039062 0.043750
2 0.499219 0.750000 0.039062 0.059375
5 0.500000 0.669531 0.018750 0.020313
1 0.371875 0.639062 0.018750 0.018750
5 0.982812 0.545312 0.034375 0.046875
