4 0.378906 0.892969 0.214062 0.214062
4 0.539844 0.919531 0.145313 0.154688
4 0.688281 0.973437 0.195312 0.053125
4 0.228906 0.586719 0.051562 0.060937
4 0.171875 0.523438 0.081250 0.062500
1 0.354687 0.271875 0.015625 0.015625
3 0.456250 0.307031 0.068750 0.026562
4 0.196875 0.844531 0.100000 0.082812
5 0.312500 0.726562 0.043750 0.025000
5 0.394531 0.545312 0.110937 0.046875
5 0.306250 0.516406 0.062500 0.042188
5 0.671094 0.513281 0.067187 0.029687
5 0.853125 0.446875 0.081250 0.031250
2 0.892969 0.400000 0.060937 0.043750
2 0.922656 0.546094 0.114062 0.064062
4 0.092969 0.693750 0.089063 0.062500
4 0.401562 0.663281 0.056250 0.076563
4 0.335156 0.790625 0.107813 0.034375
4 0.267969 0.819531 0.042188 0.029687
4 0.582031 0.542188 0.114062 0.050000
4 0.460938 0.688281 0.078125 0.035937
4 0.459375 0.230469 0.025000 0.017188
4 0.245312 0.234375 0.056250 0.015625
4 0.334375 0.225781 0.034375 0.014063
4 0.368750 0.250000 0.043750 0.018750
4 0.180469 0.735156 0.067187 0.051562
4 0.299219 0.574219 0.064062 0.076563
4 0.427344 0.719531 0.067187 0.042188
