1 0.303125 0.662500 0.056250 0.031250
1 0.322656 0.539062 0.035937 0.043750
1 0.335156 0.510156 0.045312 0.051562
1 0.457031 0.475000 0.026562 0.037500
1 0.507031 0.531250 0.026562 0.031250
1 0.281250 0.237500 0.065625 0.040625
2 0.513281 0.368750 0.039062 0.050000
2 0.578125 0.219531 0.046875 0.064062
2 0.529687 0.562500 0.062500 0.081250
2 0.497656 0.821875 0.042188 0.050000
5 0.546875 0.654687 0.034375 0.028125
5 0.409375 0.591406 0.037500 0.032813
5 0.279687 0.486719 0.075000 0.060937
4 0.536719 0.507031 0.048438 0.039062
