5 0.593750 0.219531 0.018750 0.029687
5 0.604688 0.160938 0.031250 0.021875
5 0.649219 0.176563 0.057813 0.021875
1 0.576562 0.379688 0.031250 0.028125
1 0.889844 0.551562 0.057813 0.031250
1 0.814844 0.393750 0.051562 0.028125
4 0.850000 0.368750 0.075000 0.050000
4 0.870313 0.639062 0.062500 0.053125
2 0.729688 0.517969 0.062500 0.054688
1 0.805469 0.684375 0.048438 0.037500
1 0.203906 0.493750 0.010937 0.015625
2 0.187500 0.515625 0.015625 0.034375
5 0.272656 0.561719 0.017188 0.010937
2 0.466406 0.582812 0.042188 0.040625
5 0.784375 0.700781 0.034375 0.051562
