1 0.497656 0.334375 0.032813 0.018750
1 0.566406 0.520312 0.032813 0.031250
1 0.547656 0.538281 0.029687 0.020313
1 0.497656 0.549219 0.032813 0.029687
1 0.471094 0.558594 0.029687 0.020313
1 0.485938 0.576562 0.034375 0.018750
1 0.359375 0.396875 0.012500 0.018750
5 0.382031 0.433594 0.020313 0.017188
5 0.371875 0.453125 0.037500 0.028125
5 0.471875 0.472656 0.028125 0.032813
5 0.466406 0.507031 0.026562 0.042188
5 0.489844 0.523438 0.032813 0.018750
5 0.532031 0.546094 0.026562 0.014063
5 0.656250 0.550781 0.053125 0.039062
5 0.687500 0.571094 0.065625 0.045312
5 0.666406 0.463281 0.057813 0.029687
5 0.430469 0.328906 0.023438 0.023438
5 0.525781 0.368750 0.035937 0.028125
5 0.582031 0.348438 0.042188 0.021875
5 0.811719 0.514062 0.035937 0.040625
2 0.471875 0.197656 0.034375 0.073438
2 0.146094 0.770312 0.017188 0.025000
2 0.379688 0.564063 0.037500 0.034375
2 0.367969 0.480469 0.032813 0.035937
4 0.446094 0.516406 0.045312 0.029687
1 0.332031 0.594531 0.023438 0.017188
1 0.346094 0.737500 0.026562 0.015625
1 0.399219 0.719531 0.020313 0.023438
1 0.324219 0.844531 0.026562 0.017188
1 0.302344 0.855469 0.023438 0.020313
5 0.289844 0.632812 0.023438 0.018750
5 0.289844 0.681250 0.023438 0.015625
1 0.488281 0.600000 0.029687 0.018750
