4 0.393750 0.404687 0.118750 0.150000
4 0.289844 0.514844 0.179688 0.185938
4 0.160156 0.603125 0.126562 0.190625
4 0.389844 0.277344 0.076563 0.076563
4 0.428906 0.115625 0.076563 0.100000
4 0.667969 0.553906 0.064062 0.104688
4 0.082812 0.226562 0.165625 0.209375
4 0.027344 0.103125 0.054688 0.075000
5 0.125000 0.086719 0.062500 0.114062
5 0.253125 0.177344 0.081250 0.092188
4 0.155469 0.103125 0.239063 0.165625
4 0.290625 0.159375 0.103125 0.112500
5 0.298438 0.045312 0.037500 0.059375
2 0.232031 0.331250 0.098437 0.096875
5 0.202344 0.417187 0.079687 0.059375
2 0.332031 0.287500 0.026562 0.028125
5 0.121875 0.389844 0.131250 0.123438
4 0.013281 0.337500 0.026562 0.031250
4 0.110156 0.492969 0.020313 0.023438
4 0.009375 0.485938 0.018750 0.121875
4 0.100781 0.649219 0.195312 0.210938
4 0.646094 0.731250 0.067187 0.100000
4 0.273438 0.221875 0.081250 0.075000
