5 0.764062 0.716406 0.103125 0.092188
5 0.679688 0.663281 0.078125 0.067187
4 0.348438 0.488281 0.056250 0.079687
4 0.661719 0.464062 0.089063 0.068750
4 0.659375 0.560156 0.093750 0.085938
4 0.828906 0.494531 0.098437 0.076563
4 0.725781 0.459375 0.092188 0.081250
4 0.978125 0.579688 0.043750 0.068750
4 0.932031 0.592187 0.064062 0.043750
2 0.305469 0.850000 0.067187 0.059375
5 0.376563 0.937500 0.065625 0.043750
4 0.573438 0.143750 0.065625 0.050000
4 0.596875 0.400781 0.053125 0.048438
5 0.243750 0.283594 0.237500 0.185938
5 0.977344 0.435937 0.045312 0.121875
5 0.427344 0.396094 0.054688 0.057813
