4 0.337500 0.875000 0.240625 0.237500
4 0.493750 0.918750 0.165625 0.162500
4 0.635156 0.979688 0.201563 0.040625
4 0.229687 0.548438 0.059375 0.068750
4 0.181250 0.478125 0.090625 0.071875
1 0.400781 0.251563 0.020313 0.018750
3 0.497656 0.300000 0.073438 0.037500
4 0.162500 0.801562 0.109375 0.096875
5 0.295312 0.700781 0.046875 0.032813
5 0.401562 0.531250 0.115625 0.062500
5 0.318750 0.488281 0.068750 0.051562
5 0.682813 0.535937 0.071875 0.040625
5 0.875781 0.495312 0.085938 0.043750
2 0.921094 0.456250 0.067187 0.053125
2 0.931250 0.605469 0.121875 0.079687
4 0.078906 0.636719 0.098437 0.073438
4 0.392188 0.649219 0.065625 0.082812
4 0.307812 0.768750 0.109375 0.050000
4 0.236719 0.786719 0.045312 0.035937
4 0.590625 0.554688 0.118750 0.065625
4 0.447656 0.683594 0.082812 0.045312
4 0.513281 0.224219 0.026562 0.020313
4 0.295312 0.199219 0.059375 0.023438
4 0.385937 0.201563 0.037500 0.018750
4 0.417969 0.231250 0.045312 0.025000
4 0.161719 0.690625 0.073438 0.062500
4 0.005469 0.475781 0.010937 0.039062
4 0.301563 0.546875 0.075000 0.084375
4 0.410938 0.708594 0.071875 0.051562
