1 0.859375 0.957812 0.018750 0.006250
1 0.655469 0.812500 0.035937 0.025000
2 0.557031 0.744531 0.042188 0.048438
2 0.735156 0.670312 0.032813 0.065625
5 0.467187 0.564063 0.034375 0.031250
4 0.317969 0.582031 0.076563 0.073438
5 0.404687 0.454688 0.037500 0.053125
5 0.434375 0.452344 0.043750 0.035937
1 0.489063 0.414844 0.037500 0.032813
1 0.353906 0.480469 0.039062 0.042188
1 0.413281 0.400781 0.045312 0.032813
5 0.322656 0.478906 0.042188 0.039062
1 0.221875 0.250000 0.050000 0.031250
1 0.378125 0.073438 0.043750 0.031250
4 0.384375 0.044531 0.050000 0.039062
5 0.935937 0.685156 0.012500 0.010937
5 0.198437 0.780469 0.050000 0.029687
