5 0.988281 0.407813 0.010937 0.025000
5 0.806250 0.722656 0.037500 0.026562
5 0.597656 0.732031 0.048438 0.042188
5 0.374219 0.709375 0.089063 0.062500
5 0.258594 0.669531 0.114062 0.067187
5 0.130469 0.580469 0.067187 0.070312
5 0.252344 0.299219 0.064062 0.095312
5 0.401562 0.303125 0.071875 0.062500
5 0.683594 0.119531 0.026562 0.026562
1 0.658594 0.167969 0.032813 0.042188
1 0.596875 0.190625 0.050000 0.040625
1 0.560937 0.207813 0.046875 0.043750
1 0.657031 0.296094 0.026562 0.026562
1 0.689844 0.052344 0.029687 0.026562
1 0.710156 0.079687 0.023438 0.025000
1 0.738281 0.011719 0.035937 0.023438
5 0.842187 0.008594 0.021875 0.017188
2 0.762500 0.050781 0.037500 0.045312
5 0.625781 0.062500 0.057813 0.040625
1 0.981250 0.563281 0.021875 0.020313
5 0.935156 0.569531 0.020313 0.017188
2 0.925000 0.699219 0.065625 0.064062
2 0.790625 0.668750 0.068750 0.075000
1 0.753906 0.519531 0.035937 0.045312
1 0.710938 0.535937 0.031250 0.043750
5 0.578906 0.615625 0.051562 0.053125
5 0.422656 0.626563 0.060937 0.056250
5 0.397656 0.623437 0.054688 0.053125
4 0.583594 0.682813 0.067187 0.081250
5 0.471094 0.286719 0.057813 0.042188
4 0.678906 0.282031 0.051562 0.051562
