5 0.130469 0.307031 0.023438 0.042188
5 0.232813 0.763281 0.028125 0.051562
5 0.548438 0.701562 0.009375 0.012500
5 0.696094 0.181250 0.048438 0.034375
2 0.560937 0.522656 0.043750 0.057813
2 0.507812 0.238281 0.059375 0.060937
2 0.506250 0.786719 0.034375 0.017188
1 0.484375 0.764062 0.015625 0.012500
1 0.352344 0.360156 0.026562 0.032813
1 0.392969 0.174219 0.029687 0.054688
1 0.540625 0.086719 0.031250 0.057813
4 0.631250 0.095312 0.056250 0.065625
5 0.152344 0.370312 0.023438 0.025000
5 0.185156 0.392969 0.017188 0.029687
1 0.676562 0.165625 0.037500 0.050000
4 0.362500 0.122656 0.046875 0.070312
