5 0.825781 0.553906 0.095312 0.092188
5 0.735156 0.507031 0.101562 0.051562
5 0.551562 0.281250 0.056250 0.046875
5 0.357812 0.299219 0.037500 0.032813
5 0.592187 0.730469 0.056250 0.048438
1 0.590625 0.550781 0.062500 0.035937
1 0.693750 0.689063 0.050000 0.056250
1 0.743750 0.586719 0.053125 0.045312
1 0.737500 0.550000 0.081250 0.053125
1 0.625781 0.346875 0.048438 0.053125
1 0.628906 0.246875 0.054688 0.037500
1 0.682813 0.174219 0.068750 0.048438
1 0.405469 0.403125 0.048438 0.037500
1 0.475000 0.529687 0.046875 0.043750
2 0.345313 0.810937 0.071875 0.096875
2 0.364063 0.437500 0.078125 0.071875
2 0.429688 0.583594 0.050000 0.051562
2 0.416406 0.088281 0.051562 0.054688
4 0.359375 0.539844 0.056250 0.060937
