5 0.507812 0.498437 0.068750 0.137500
4 0.538281 0.769531 0.067187 0.079687
4 0.889844 0.432031 0.220312 0.239063
4 0.891406 0.257031 0.185938 0.195312
4 0.867188 0.630469 0.081250 0.107813
5 0.505469 0.584375 0.048438 0.065625
5 0.334375 0.050000 0.040625 0.081250
5 0.726562 0.525781 0.031250 0.045312
5 0.562500 0.892969 0.059375 0.082812
1 0.231250 0.595313 0.018750 0.025000
3 0.280469 0.471094 0.039062 0.076563
2 0.282031 0.030469 0.045312 0.035937
4 0.219531 0.480469 0.032813 0.051562
4 0.164062 0.496094 0.021875 0.032813
4 0.216406 0.726562 0.017188 0.056250
4 0.258594 0.774219 0.039062 0.064062
4 0.599219 0.660156 0.064062 0.060937
4 0.458594 0.653125 0.045312 0.062500
4 0.579688 0.589844 0.084375 0.067187
4 0.560156 0.560156 0.045312 0.060937
4 0.566406 0.644531 0.064062 0.070312
4 0.757812 0.668750 0.043750 0.059375
4 0.696094 0.411719 0.070312 0.076563
4 0.796094 0.478906 0.032813 0.104688
4 0.649219 0.442969 0.064062 0.067187
4 0.583594 0.964844 0.051562 0.020313
4 0.637500 0.396094 0.031250 0.045312
4 0.610156 0.789062 0.054688 0.046875
4 0.941406 0.830469 0.117188 0.201563
4 0.186719 0.743750 0.010937 0.018750
5 0.172656 0.707031 0.017188 0.014063
4 0.716406 0.775781 0.073438 0.073438
5 0.693750 0.238281 0.125000 0.095312
4 0.826562 0.564063 0.046875 0.040625
