4 0.277344 0.337500 0.185938 0.087500
4 0.214844 0.166406 0.064062 0.057813
4 0.163281 0.252344 0.101562 0.085938
4 0.090625 0.221094 0.053125 0.045312
4 0.455469 0.305469 0.054688 0.048438
4 0.651563 0.429688 0.065625 0.090625
4 0.814844 0.558594 0.095312 0.057813
4 0.617188 0.350000 0.037500 0.025000
5 0.603125 0.235937 0.018750 0.025000
4 0.399219 0.487500 0.032813 0.037500
4 0.367188 0.413281 0.059375 0.035937
4 0.675781 0.630469 0.082812 0.039062
4 0.990625 0.570312 0.015625 0.040625
4 0.708594 0.171094 0.054688 0.060937
4 0.576562 0.126562 0.034375 0.025000
4 0.725000 0.254688 0.046875 0.012500
4 0.579688 0.360938 0.031250 0.034375
5 0.487500 0.411719 0.056250 0.048438
4 0.706250 0.308594 0.071875 0.045312
4 0.413281 0.576562 0.057813 0.059375
