1 0.963281 0.329688 0.032813 0.043750
1 0.787500 0.190625 0.034375 0.053125
1 0.627344 0.415625 0.032813 0.040625
5 0.852344 0.446875 0.048438 0.068750
1 0.624219 0.509375 0.035937 0.046875
5 0.571094 0.414062 0.060937 0.046875
5 0.576562 0.446094 0.037500 0.048438
5 0.539062 0.311719 0.040625 0.051562
1 0.541406 0.346094 0.045312 0.039062
4 0.437500 0.310937 0.078125 0.087500
5 0.467969 0.490625 0.029687 0.037500
2 0.357031 0.757812 0.067187 0.040625
5 0.231250 0.179688 0.031250 0.056250
2 0.283594 0.564063 0.051562 0.043750
2 0.209375 0.678906 0.021875 0.035937
5 0.342969 0.958594 0.014063 0.017188
