1 0.389062 0.650000 0.028125 0.028125
1 0.627344 0.915625 0.039062 0.059375
1 0.467187 0.856250 0.034375 0.056250
1 0.744531 0.813281 0.039062 0.051562
5 0.757031 0.784375 0.054688 0.043750
5 0.189062 0.771094 0.028125 0.045312
5 0.226562 0.675781 0.018750 0.026562
5 0.201563 0.700781 0.018750 0.026562
5 0.352344 0.293750 0.042188 0.056250
5 0.507031 0.306250 0.014063 0.015625
2 0.447656 0.231250 0.035937 0.015625
1 0.435156 0.257031 0.017188 0.010937
2 0.559375 0.487500 0.046875 0.053125
2 0.567969 0.772656 0.057813 0.060937
4 0.447656 0.904687 0.054688 0.078125
4 0.717187 0.889844 0.059375 0.067187
