5 0.775781 0.910156 0.014063 0.014063
5 0.799219 0.857031 0.007812 0.010937
5 0.650000 0.809375 0.015625 0.015625
1 0.618750 0.737500 0.018750 0.012500
1 0.661719 0.710156 0.014063 0.014063
2 0.788281 0.670312 0.010937 0.025000
5 0.617188 0.766406 0.012500 0.014063
5 0.242188 0.746094 0.025000 0.020313
1 0.410938 0.645312 0.025000 0.018750
2 0.439844 0.450000 0.048438 0.059375
1 0.124219 0.337500 0.042188 0.043750
5 0.110937 0.346094 0.021875 0.035937
5 0.027344 0.249219 0.054688 0.054688
1 0.056250 0.218750 0.056250 0.043750
1 0.007031 0.321094 0.014063 0.039062
4 0.014063 0.421875 0.028125 0.071875
2 0.204687 0.533594 0.040625 0.048438
5 0.630469 0.396875 0.017188 0.015625
1 0.747656 0.570312 0.014063 0.009375
