4 0.407031 0.064844 0.042188 0.032813
1 0.394531 0.091406 0.039062 0.026562
1 0.252344 0.236719 0.045312 0.026562
1 0.441406 0.403906 0.035937 0.026562
5 0.490625 0.203906 0.059375 0.039062
1 0.524219 0.415625 0.042188 0.028125
5 0.434375 0.454688 0.037500 0.053125
5 0.463281 0.452344 0.042188 0.029687
5 0.338281 0.474219 0.045312 0.032813
1 0.369531 0.475781 0.032813 0.039062
4 0.327344 0.564844 0.073438 0.064062
5 0.492188 0.555469 0.031250 0.023438
2 0.724219 0.682031 0.029687 0.060937
5 0.189844 0.739844 0.048438 0.023438
2 0.542969 0.728125 0.035937 0.043750
2 0.640625 0.807031 0.031250 0.017188
1 0.823438 0.981250 0.021875 0.015625
5 0.680469 0.991406 0.023438 0.007812
5 0.904687 0.712500 0.015625 0.012500
