1 0.849219 0.525000 0.007812 0.015625
2 0.863281 0.499219 0.014063 0.035937
5 0.775000 0.439063 0.009375 0.009375
2 0.553125 0.431250 0.040625 0.046875
2 0.257812 0.484375 0.043750 0.053125
1 0.148438 0.417187 0.053125 0.046875
1 0.167187 0.598437 0.053125 0.028125
4 0.168750 0.633594 0.081250 0.042188
5 0.286719 0.882031 0.039062 0.017188
5 0.339062 0.806250 0.021875 0.034375
1 0.392188 0.647656 0.040625 0.023438
5 0.188281 0.870313 0.035937 0.037500
4 0.164844 0.350000 0.048438 0.056250
5 0.230469 0.278125 0.042188 0.050000
1 0.220312 0.304688 0.046875 0.034375
