5 0.603125 0.303906 0.034375 0.035937
5 0.526563 0.533594 0.031250 0.032813
5 0.535156 0.514844 0.045312 0.032813
1 0.547656 0.503125 0.039062 0.028125
1 0.513281 0.236719 0.026562 0.026562
1 0.314844 0.342187 0.035937 0.031250
4 0.516406 0.198437 0.048438 0.043750
5 0.444531 0.520312 0.029687 0.040625
4 0.392188 0.650000 0.068750 0.056250
1 0.472656 0.569531 0.032813 0.026562
1 0.578906 0.592969 0.039062 0.026562
5 0.553906 0.615625 0.029687 0.021875
2 0.589063 0.816406 0.034375 0.045312
5 0.516406 0.957812 0.026562 0.028125
1 0.691406 0.975781 0.026562 0.020313
2 0.778906 0.805469 0.029687 0.064062
