4 0.822656 0.742969 0.242188 0.148438
4 0.703125 0.654687 0.112500 0.078125
4 0.763281 0.606250 0.167187 0.125000
4 0.914062 0.567187 0.171875 0.228125
4 0.743750 0.528906 0.165625 0.107813
4 0.714844 0.439844 0.126562 0.085938
4 0.850781 0.175781 0.210938 0.229687
2 0.867969 0.203125 0.142187 0.171875
4 0.741406 0.263281 0.085938 0.082812
4 0.654687 0.239844 0.078125 0.114062
5 0.657813 0.105469 0.215625 0.198437
4 0.553906 0.239844 0.045312 0.045312
4 0.593750 0.442188 0.081250 0.100000
4 0.388281 0.333594 0.079687 0.079687
4 0.362500 0.181250 0.112500 0.112500
4 0.228906 0.119531 0.195312 0.239063
5 0.452344 0.256250 0.092188 0.081250
4 0.419531 0.400781 0.026562 0.020313
5 0.613281 0.192188 0.017188 0.018750
4 0.046094 0.861719 0.092188 0.057813
4 0.238281 0.934375 0.032813 0.021875
4 0.732031 0.876563 0.026562 0.018750
4 0.782813 0.919531 0.043750 0.035937
4 0.957031 0.807031 0.023438 0.035937
