5 0.914844 0.558594 0.035937 0.042188
5 0.822656 0.414844 0.023438 0.032813
5 0.639062 0.842969 0.081250 0.067187
5 0.648438 0.753906 0.046875 0.057813
4 0.507031 0.446094 0.039062 0.039062
5 0.489063 0.532813 0.059375 0.056250
5 0.547656 0.505469 0.026562 0.045312
5 0.414062 0.652344 0.025000 0.054688
4 0.578125 0.518750 0.043750 0.053125
2 0.596094 0.489063 0.045312 0.046875
2 0.640625 0.433594 0.056250 0.067187
2 0.281250 0.443750 0.075000 0.053125
1 0.528906 0.719531 0.042188 0.064062
1 0.750781 0.485938 0.017188 0.037500
1 0.888281 0.678125 0.051562 0.046875
1 0.967969 0.630469 0.035937 0.039062
1 0.725000 0.655469 0.028125 0.054688
1 0.616406 0.554688 0.039062 0.034375
1 0.610156 0.780469 0.035937 0.057813
