4 0.289062 0.600000 0.118750 0.131250
4 0.446094 0.660156 0.070312 0.092188
4 0.423438 0.740625 0.075000 0.118750
4 0.364063 0.865625 0.168750 0.190625
2 0.440625 0.928906 0.090625 0.098437
4 0.452344 0.850000 0.029687 0.059375
4 0.475000 0.824219 0.028125 0.073438
4 0.571094 0.507031 0.039062 0.035937
4 0.574219 0.842187 0.032813 0.056250
4 0.191406 0.631250 0.057813 0.075000
4 0.144531 0.554688 0.114062 0.103125
4 0.005469 0.428906 0.010937 0.079687
5 0.406250 0.396094 0.018750 0.023438
5 0.279687 0.994531 0.081250 0.010937
4 0.344531 0.646094 0.064062 0.073438
