4 0.367188 0.574219 0.115625 0.148438
4 0.260156 0.466406 0.176563 0.182812
4 0.130469 0.380469 0.123438 0.189062
4 0.365625 0.701562 0.075000 0.075000
4 0.406250 0.861719 0.075000 0.098437
4 0.637500 0.420312 0.062500 0.103125
4 0.070312 0.756250 0.140625 0.206250
4 0.015625 0.881250 0.031250 0.071875
5 0.103125 0.907813 0.062500 0.134375
5 0.230469 0.803125 0.079687 0.090625
4 0.134375 0.890625 0.237500 0.184375
4 0.269531 0.821094 0.101562 0.110937
5 0.278125 0.946094 0.037500 0.079687
2 0.206250 0.649219 0.096875 0.095312
5 0.175000 0.564844 0.078125 0.057813
2 0.307031 0.692187 0.026562 0.028125
5 0.094531 0.594531 0.129688 0.120313
4 0.080469 0.492969 0.020313 0.023438
4 0.084375 0.334375 0.162500 0.206250
4 0.612500 0.242188 0.065625 0.100000
4 0.249219 0.758594 0.079687 0.073438
