1 0.665625 0.503906 0.018750 0.032813
1 0.479687 0.433594 0.031250 0.032813
1 0.463281 0.453906 0.020313 0.029687
1 0.450781 0.503906 0.029687 0.032813
1 0.441406 0.528906 0.020313 0.029687
1 0.425000 0.515625 0.018750 0.034375
1 0.603125 0.640625 0.018750 0.012500
5 0.566406 0.617969 0.017188 0.020313
5 0.548438 0.629687 0.028125 0.037500
5 0.528906 0.529687 0.032813 0.028125
5 0.492969 0.533594 0.042188 0.026562
5 0.476562 0.511719 0.018750 0.032813
5 0.455469 0.467969 0.014063 0.026562
5 0.449219 0.345313 0.039062 0.053125
5 0.430469 0.312500 0.045312 0.065625
5 0.538281 0.335156 0.029687 0.057813
5 0.671094 0.571094 0.023438 0.023438
5 0.632812 0.475781 0.028125 0.035937
5 0.653125 0.419531 0.021875 0.042188
5 0.487500 0.188281 0.040625 0.035937
2 0.802344 0.529687 0.073438 0.034375
2 0.229687 0.855469 0.025000 0.017188
2 0.435937 0.620313 0.034375 0.037500
2 0.521094 0.632031 0.035937 0.032813
4 0.485156 0.553906 0.029687 0.045312
1 0.405469 0.667969 0.017188 0.023438
1 0.262500 0.655469 0.015625 0.026562
1 0.282031 0.600781 0.023438 0.020313
1 0.157031 0.675781 0.017188 0.026562
1 0.146094 0.699219 0.020313 0.023438
5 0.367188 0.710156 0.018750 0.023438
5 0.318750 0.711719 0.015625 0.023438
1 0.400000 0.511719 0.018750 0.029687
