5 0.576562 0.713281 0.040625 0.082812
4 0.464062 0.388281 0.050000 0.048438
2 0.562500 0.383594 0.059375 0.064062
2 0.917969 0.344531 0.054688 0.048438
2 0.419531 0.455469 0.045312 0.051562
2 0.189844 0.439844 0.082812 0.054688
1 0.382031 0.741406 0.048438 0.042188
1 0.500000 0.607031 0.034375 0.045312
1 0.494531 0.736719 0.039062 0.051562
1 0.531250 0.729688 0.043750 0.068750
1 0.601562 0.413281 0.037500 0.039062
1 0.497656 0.492188 0.039062 0.037500
1 0.691406 0.582031 0.051562 0.042188
1 0.878125 0.599219 0.037500 0.070312
1 0.792969 0.569531 0.026562 0.054688
5 0.752344 0.498437 0.039062 0.046875
5 0.694531 0.342969 0.029687 0.032813
