4 0.805469 0.925781 0.070312 0.054688
4 0.922656 0.646094 0.135937 0.110937
4 0.646094 0.496875 0.092188 0.081250
4 0.947656 0.137500 0.104688 0.031250
4 0.559375 0.207031 0.078125 0.045312
4 0.495312 0.348438 0.065625 0.068750
4 0.435937 0.311719 0.078125 0.107813
4 0.528125 0.606250 0.103125 0.093750
4 0.432031 0.646875 0.173437 0.121875
4 0.202344 0.668750 0.089063 0.100000
4 0.317188 0.520312 0.275000 0.125000
4 0.264062 0.367969 0.196875 0.204687
5 0.103906 0.428906 0.198437 0.220312
5 0.168750 0.021875 0.125000 0.043750
4 0.917188 0.084375 0.050000 0.053125
