5 0.923438 0.546094 0.025000 0.051562
5 0.825781 0.633594 0.026562 0.035937
5 0.698438 0.445312 0.053125 0.037500
5 0.471094 0.899219 0.020313 0.014063
2 0.531250 0.984375 0.037500 0.012500
2 0.455469 0.692187 0.048438 0.040625
1 0.546875 0.967187 0.015625 0.009375
1 0.682813 0.599219 0.025000 0.035937
1 0.618750 0.367188 0.028125 0.050000
1 0.468750 0.271875 0.034375 0.053125
1 0.313281 0.311719 0.042188 0.042188
5 0.841406 0.589844 0.017188 0.026562
2 0.504687 0.387500 0.053125 0.053125
4 0.351562 0.265625 0.062500 0.037500
4 0.655469 0.300000 0.045312 0.075000
