2 0.702344 0.085938 0.085938 0.112500
4 0.233594 0.139063 0.035937 0.043750
3 0.186719 0.115625 0.104688 0.156250
4 0.329688 0.031250 0.031250 0.037500
4 0.346875 0.089063 0.043750 0.075000
4 0.276562 0.088281 0.031250 0.045312
4 0.179688 0.284375 0.068750 0.084375
4 0.235156 0.260156 0.054688 0.064062
4 0.222656 0.191406 0.060937 0.073438
4 0.252344 0.210938 0.035937 0.053125
4 0.336719 0.299219 0.070312 0.082812
4 0.468750 0.537500 0.015625 0.037500
4 0.270313 0.728906 0.071875 0.085938
5 0.262500 0.339062 0.037500 0.037500
4 0.123438 0.071875 0.034375 0.034375
4 0.359375 0.031250 0.115625 0.062500
4 0.416406 0.066406 0.014063 0.023438
4 0.209375 0.039844 0.034375 0.042188
4 0.310937 0.050781 0.028125 0.032813
