2 0.525781 0.257031 0.054688 0.079687
2 0.669531 0.540625 0.054688 0.050000
2 0.653125 0.635938 0.037500 0.037500
2 0.930469 0.796875 0.020313 0.025000
2 0.779687 0.682031 0.025000 0.017188
1 0.504687 0.400000 0.037500 0.025000
1 0.536719 0.604688 0.039062 0.034375
1 0.552344 0.627344 0.039062 0.023438
1 0.568750 0.620313 0.025000 0.034375
1 0.551562 0.664844 0.037500 0.039062
1 0.667969 0.782813 0.023438 0.025000
1 0.738281 0.795312 0.026562 0.021875
1 0.737500 0.648438 0.031250 0.021875
1 0.489844 0.568750 0.023438 0.028125
1 0.468750 0.591406 0.037500 0.035937
1 0.661719 0.457031 0.026562 0.020313
5 0.569531 0.381250 0.035937 0.031250
5 0.435937 0.414062 0.034375 0.025000
5 0.654687 0.507812 0.037500 0.031250
5 0.786719 0.742188 0.020313 0.015625
4 0.530469 0.389844 0.032813 0.042188
5 0.386719 0.526563 0.057813 0.034375
5 0.293750 0.564844 0.046875 0.045312
5 0.385156 0.640625 0.057813 0.050000
5 0.531250 0.565625 0.040625 0.034375
5 0.564063 0.563281 0.034375 0.045312
5 0.503125 0.553125 0.021875 0.018750
1 0.753125 0.908594 0.028125 0.023438
4 0.594531 0.578125 0.042188 0.043750
