5 0.550781 0.729688 0.064062 0.068750
4 0.426563 0.235937 0.096875 0.134375
4 0.930469 0.242969 0.064062 0.057813
4 0.729688 0.377344 0.109375 0.154688
4 0.946875 0.457031 0.031250 0.035937
4 0.900781 0.142969 0.101562 0.154688
4 0.809375 0.181250 0.084375 0.128125
3 0.667188 0.157031 0.115625 0.126562
3 0.641406 0.214844 0.035937 0.048438
4 0.559375 0.107031 0.050000 0.048438
4 0.580469 0.133594 0.035937 0.054688
4 0.618750 0.198437 0.028125 0.037500
4 0.803906 0.039844 0.042188 0.067187
4 0.775000 0.042969 0.028125 0.045312
4 0.724219 0.121875 0.026562 0.028125
4 0.686719 0.053906 0.054688 0.067187
5 0.571094 0.344531 0.026562 0.045312
5 0.850781 0.352344 0.079687 0.151562
4 0.713281 0.226562 0.023438 0.028125
4 0.632812 0.876563 0.028125 0.056250
