1 0.110937 0.472656 0.009375 0.017188
2 0.099219 0.444531 0.020313 0.039062
5 0.197656 0.396094 0.010937 0.010937
2 0.426563 0.418750 0.050000 0.056250
2 0.720313 0.515625 0.050000 0.059375
1 0.840625 0.463281 0.059375 0.054688
1 0.795312 0.644531 0.059375 0.035937
4 0.788281 0.681250 0.089063 0.053125
5 0.632031 0.917188 0.042188 0.025000
5 0.591406 0.832031 0.026562 0.039062
1 0.560156 0.664062 0.045312 0.031250
5 0.735156 0.920312 0.042188 0.043750
4 0.833594 0.392188 0.057813 0.065625
5 0.778125 0.309375 0.050000 0.056250
1 0.782813 0.338281 0.053125 0.042188
