4 0.125781 0.440625 0.251563 0.209375
4 0.251563 0.300781 0.100000 0.073438
4 0.304688 0.370312 0.056250 0.068750
4 0.392969 0.532031 0.064062 0.057813
4 0.703125 0.505469 0.187500 0.120313
4 0.514062 0.535156 0.056250 0.045312
4 0.577344 0.540625 0.107813 0.084375
4 0.601562 0.635938 0.071875 0.059375
4 0.449219 0.824219 0.079687 0.079687
4 0.857812 0.612500 0.068750 0.059375
4 0.863281 0.419531 0.039062 0.048438
4 0.909375 0.338281 0.071875 0.060937
5 0.923438 0.526563 0.059375 0.050000
4 0.920312 0.844531 0.037500 0.032813
4 0.805469 0.475781 0.067187 0.045312
