1 0.294531 0.503125 0.032813 0.034375
3 0.443750 0.561719 0.046875 0.032813
3 0.483594 0.538281 0.023438 0.051562
3 0.559375 0.650781 0.037500 0.045312
3 0.441406 0.778906 0.032813 0.035937
2 0.400781 0.603125 0.045312 0.046875
2 0.214844 0.644531 0.042188 0.042188
2 0.246094 0.767969 0.048438 0.076563
4 0.519531 0.429688 0.032813 0.028125
3 0.353906 0.510938 0.020313 0.028125
5 0.312500 0.459375 0.028125 0.021875
5 0.363281 0.468750 0.023438 0.015625
5 0.421875 0.428125 0.028125 0.021875
5 0.415625 0.456250 0.025000 0.021875
1 0.843750 0.607031 0.018750 0.026562
4 0.353906 0.790625 0.067187 0.081250
