5 0.789062 0.151562 0.043750 0.021875
5 0.293750 0.225781 0.053125 0.029687
5 0.338281 0.565625 0.014063 0.009375
5 0.878125 0.760938 0.034375 0.050000
2 0.528125 0.591406 0.059375 0.045312
2 0.833594 0.557031 0.064062 0.060937
2 0.250781 0.514062 0.017188 0.037500
1 0.276562 0.493750 0.012500 0.015625
1 0.715625 0.383594 0.034375 0.026562
1 0.909375 0.439844 0.056250 0.029687
1 0.979688 0.604688 0.037500 0.031250
4 0.969531 0.699219 0.057813 0.057813
5 0.718750 0.169531 0.025000 0.023438
5 0.693750 0.203125 0.031250 0.015625
1 0.897656 0.741406 0.051562 0.039062
4 0.963281 0.411719 0.073438 0.048438
