1 0.709375 0.704688 0.059375 0.056250
1 0.794531 0.613281 0.042188 0.051562
1 0.550000 0.752344 0.037500 0.060937
1 0.434375 0.520312 0.034375 0.040625
1 0.447656 0.084375 0.017188 0.012500
5 0.289062 0.813281 0.037500 0.051562
5 0.257812 0.702344 0.021875 0.035937
5 0.314844 0.630469 0.035937 0.035937
4 0.507812 0.750000 0.056250 0.090625
2 0.623437 0.639844 0.050000 0.042188
4 0.767188 0.685156 0.068750 0.079687
5 0.822656 0.598437 0.057813 0.046875
2 0.603906 0.310937 0.064062 0.053125
5 0.539844 0.129688 0.014063 0.012500
2 0.468750 0.056250 0.037500 0.018750
