4 0.916406 0.482812 0.167187 0.184375
4 0.842969 0.321875 0.095312 0.062500
4 0.779687 0.385156 0.050000 0.064062
4 0.666406 0.536719 0.060937 0.051562
4 0.354687 0.466406 0.181250 0.101562
4 0.542969 0.522656 0.051562 0.042188
4 0.478125 0.520312 0.103125 0.075000
4 0.439844 0.613281 0.067187 0.051562
4 0.567969 0.827344 0.073438 0.073438
4 0.182031 0.552344 0.064062 0.054688
4 0.036719 0.539844 0.035937 0.051562
4 0.010156 0.565625 0.017188 0.028125
5 0.046875 0.674219 0.021875 0.026562
4 0.203125 0.355469 0.034375 0.045312
4 0.167969 0.265625 0.067187 0.053125
5 0.125781 0.455469 0.057813 0.042188
4 0.085156 0.780469 0.035937 0.029687
4 0.252344 0.421094 0.067187 0.035937
