4 0.617969 0.639062 0.073438 0.050000
5 0.396094 0.398438 0.057813 0.078125
5 0.322656 0.338281 0.089063 0.098437
4 0.539844 0.342969 0.085938 0.082812
4 0.531250 0.289844 0.090625 0.098437
4 0.468750 0.377344 0.065625 0.089063
4 0.480469 0.211719 0.073438 0.101562
2 0.292187 0.787500 0.056250 0.059375
5 0.194531 0.754687 0.039062 0.043750
5 0.842187 0.682813 0.215625 0.200000
5 0.483594 0.037500 0.098437 0.075000
4 0.629687 0.385156 0.040625 0.051562
4 0.871875 0.317969 0.043750 0.064062
4 0.228906 0.432812 0.042188 0.046875
5 0.407031 0.122656 0.070312 0.126562
5 0.673438 0.547656 0.046875 0.054688
