4 0.542188 0.358594 0.153125 0.076563
5 0.423438 0.407031 0.046875 0.042188
4 0.453906 0.517969 0.110937 0.057813
4 0.667969 0.371875 0.051562 0.025000
4 0.442188 0.955469 0.184375 0.089063
5 0.707031 0.833594 0.095312 0.114062
4 0.678906 0.742969 0.085938 0.051562
4 0.591406 0.716406 0.085938 0.051562
4 0.521094 0.753125 0.123438 0.078125
4 0.578125 0.767188 0.059375 0.056250
4 0.785937 0.917969 0.118750 0.092188
4 0.772656 0.856250 0.067187 0.059375
4 0.889844 0.846875 0.120313 0.109375
4 0.839844 0.941406 0.070312 0.048438
5 0.892188 0.698438 0.090625 0.068750
2 0.742188 0.706250 0.028125 0.031250
4 0.918750 0.925781 0.021875 0.045312
4 0.736719 0.759375 0.051562 0.056250
5 0.567969 0.818750 0.067187 0.056250
4 0.441406 0.806250 0.073438 0.059375
4 0.219531 0.851562 0.104688 0.081250
4 0.321094 0.858594 0.126562 0.089063
4 0.121875 0.721094 0.034375 0.035937
4 0.017969 0.443750 0.035937 0.059375
4 0.128906 0.633594 0.126562 0.054688
4 0.189844 0.675000 0.048438 0.025000
4 0.317969 0.686719 0.073438 0.054688
5 0.159375 0.708594 0.043750 0.039062
5 0.204687 0.616406 0.040625 0.032813
5 0.692969 0.765625 0.042188 0.040625
5 0.378906 0.664062 0.023438 0.021875
4 0.396875 0.728125 0.125000 0.115625
5 0.108594 0.669531 0.042188 0.023438
5 0.028906 0.668750 0.023438 0.021875
4 0.536719 0.575781 0.126562 0.085938
