5 0.488281 0.379688 0.026562 0.021875
5 0.489844 0.480469 0.032813 0.029687
5 0.544531 0.554688 0.035937 0.031250
5 0.465625 0.651563 0.037500 0.025000
5 0.516406 0.724219 0.051562 0.039062
5 0.503906 0.768750 0.076563 0.046875
5 0.566406 0.703125 0.070312 0.046875
5 0.538281 0.688281 0.039062 0.051562
5 0.432031 0.672656 0.029687 0.029687
5 0.943750 0.328906 0.018750 0.023438
1 0.908594 0.350781 0.026562 0.023438
1 0.910156 0.321094 0.020313 0.026562
2 0.835938 0.324219 0.040625 0.023438
5 0.819531 0.429688 0.020313 0.028125
1 0.778125 0.439844 0.028125 0.029687
1 0.746094 0.432031 0.029687 0.026562
5 0.714844 0.432031 0.042188 0.035937
1 0.689844 0.453125 0.023438 0.037500
1 0.688281 0.542969 0.026562 0.035937
4 0.753906 0.417187 0.029687 0.034375
1 0.575781 0.450000 0.032813 0.025000
1 0.575781 0.433594 0.029687 0.026562
1 0.495312 0.309375 0.018750 0.018750
4 0.383594 0.631250 0.048438 0.034375
2 0.371094 0.525781 0.048438 0.045312
2 0.257812 0.558594 0.065625 0.048438
5 0.335156 0.543750 0.023438 0.021875
1 0.339062 0.414844 0.021875 0.020313
5 0.543750 0.981250 0.053125 0.037500
