4 0.656250 0.096094 0.168750 0.192188
4 0.599219 0.208594 0.089063 0.123438
4 0.531250 0.161719 0.143750 0.185938
4 0.448437 0.057813 0.240625 0.115625
4 0.457813 0.207031 0.125000 0.182812
4 0.374219 0.264844 0.098437 0.139063
4 0.092969 0.208594 0.185938 0.239063
2 0.088281 0.181250 0.176563 0.162500
4 0.184375 0.292187 0.093750 0.096875
4 0.186719 0.390625 0.126562 0.090625
5 0.078906 0.426563 0.157812 0.237500
4 0.218750 0.495312 0.050000 0.050000
4 0.416406 0.390625 0.110937 0.090625
4 0.367969 0.636719 0.089063 0.089063
4 0.217969 0.710938 0.126562 0.128125
4 0.193750 0.870313 0.271875 0.221875
5 0.268750 0.595313 0.090625 0.103125
4 0.428906 0.584375 0.023438 0.031250
5 0.150000 0.450000 0.021875 0.021875
4 0.821875 0.110937 0.021875 0.031250
4 0.848437 0.042969 0.040625 0.048438
