2 0.917969 0.404687 0.107813 0.071875
4 0.767969 0.871875 0.042188 0.031250
3 0.782813 0.927344 0.153125 0.082812
5 0.993750 0.714844 0.012500 0.039062
4 0.899219 0.796094 0.035937 0.026562
4 0.841406 0.767188 0.073438 0.031250
4 0.829688 0.838281 0.043750 0.023438
4 0.934375 0.833594 0.028125 0.017188
4 0.608594 0.900000 0.079687 0.059375
4 0.645312 0.848437 0.059375 0.046875
4 0.713281 0.874219 0.067187 0.051562
4 0.699219 0.839063 0.051562 0.028125
4 0.625781 0.737500 0.076563 0.062500
4 0.407813 0.552344 0.037500 0.010937
4 0.172656 0.718750 0.079687 0.062500
5 0.569531 0.803125 0.032813 0.034375
4 0.931250 0.770312 0.103125 0.106250
4 0.879687 0.700000 0.021875 0.009375
4 0.864062 0.917969 0.040625 0.029687
4 0.874219 0.812500 0.029687 0.025000
