4 0.596875 0.393750 0.150000 0.118750
4 0.486719 0.289844 0.185938 0.179688
4 0.396875 0.160156 0.190625 0.126562
4 0.722656 0.389844 0.076563 0.076563
4 0.884375 0.428906 0.100000 0.076563
4 0.447656 0.667969 0.104688 0.064062
4 0.773438 0.082812 0.209375 0.165625
4 0.896875 0.027344 0.075000 0.054688
5 0.914844 0.125000 0.114062 0.062500
5 0.822656 0.253125 0.092188 0.081250
4 0.898438 0.155469 0.165625 0.239063
4 0.840625 0.290625 0.112500 0.103125
5 0.956250 0.298438 0.059375 0.037500
2 0.668750 0.232031 0.096875 0.098437
5 0.584375 0.202344 0.059375 0.079687
2 0.714063 0.332031 0.028125 0.026562
5 0.610156 0.121875 0.123438 0.131250
4 0.662500 0.013281 0.031250 0.026562
4 0.508594 0.110156 0.023438 0.020313
4 0.514062 0.009375 0.121875 0.018750
4 0.350781 0.100781 0.210938 0.195312
4 0.268750 0.646094 0.100000 0.067187
4 0.778125 0.273438 0.075000 0.081250
