1 0.560156 0.414062 0.032813 0.028125
1 0.662500 0.385156 0.043750 0.039062
1 0.705469 0.358594 0.054688 0.039062
1 0.682031 0.300000 0.042188 0.046875
1 0.751563 0.337500 0.059375 0.031250
1 0.514844 0.197656 0.039062 0.029687
1 0.450000 0.149219 0.040625 0.035937
1 0.417969 0.297656 0.039062 0.029687
1 0.585938 0.507031 0.040625 0.023438
4 0.577344 0.603125 0.067187 0.059375
5 0.802344 0.583594 0.054688 0.039062
5 0.888281 0.449219 0.085938 0.057813
5 0.818750 0.304688 0.081250 0.065625
5 0.758594 0.367188 0.039062 0.050000
5 0.603125 0.421094 0.040625 0.054688
5 0.634375 0.407813 0.043750 0.037500
5 0.393750 0.139844 0.037500 0.035937
5 0.363281 0.266406 0.026562 0.029687
2 0.523438 0.398438 0.037500 0.043750
2 0.460156 0.468750 0.067187 0.068750
2 0.272656 0.095312 0.042188 0.043750
1 0.415625 0.051562 0.028125 0.037500
1 0.403125 0.018750 0.037500 0.025000
5 0.989844 0.456250 0.020313 0.046875
2 0.652344 0.785156 0.073438 0.076563
5 0.564844 0.485156 0.054688 0.048438
4 0.553906 0.449219 0.045312 0.042188
