2 0.671094 0.554688 0.067187 0.062500
2 0.417187 0.483594 0.062500 0.054688
1 0.224219 0.487500 0.070312 0.043750
1 0.396875 0.353906 0.065625 0.032813
1 0.575781 0.321094 0.035937 0.029687
5 0.520312 0.049219 0.043750 0.026562
5 0.606250 0.157812 0.031250 0.031250
5 0.571094 0.134375 0.032813 0.018750
5 0.468750 0.275000 0.028125 0.046875
4 0.304688 0.306250 0.096875 0.050000
2 0.980469 0.496094 0.023438 0.042188
1 0.961719 0.477344 0.010937 0.017188
5 0.879687 0.546875 0.015625 0.021875
5 0.393750 0.671094 0.040625 0.067187
5 0.323437 0.681250 0.056250 0.071875
1 0.307812 0.658594 0.059375 0.048438
4 0.222656 0.608594 0.067187 0.070312
