4 0.304688 0.042969 0.153125 0.070312
4 0.321094 0.282031 0.129688 0.120313
4 0.159375 0.121875 0.034375 0.090625
4 0.197656 0.203906 0.114062 0.089063
4 0.009375 0.471094 0.018750 0.079687
4 0.596875 0.229687 0.040625 0.050000
4 0.481250 0.162500 0.050000 0.075000
4 0.412500 0.286719 0.087500 0.120313
4 0.571875 0.083594 0.071875 0.092188
4 0.293750 0.151562 0.150000 0.150000
4 0.152344 0.055469 0.070312 0.067187
5 0.194531 0.038281 0.029687 0.035937
5 0.478906 0.363281 0.042188 0.064062
5 0.525000 0.325781 0.034375 0.026562
4 0.355469 0.618750 0.060937 0.068750
4 0.392188 0.038281 0.025000 0.042188
4 0.631250 0.382031 0.025000 0.051562
4 0.593750 0.632031 0.059375 0.104688
4 0.485938 0.278906 0.046875 0.092188
4 0.435156 0.440625 0.020313 0.031250
4 0.592969 0.283594 0.017188 0.029687
4 0.500000 0.560937 0.096875 0.162500
4 0.457813 0.432812 0.081250 0.118750
4 0.530469 0.382812 0.079687 0.100000
4 0.527344 0.227344 0.057813 0.067187
4 0.528125 0.297656 0.028125 0.045312
4 0.435156 0.022656 0.110937 0.045312
