4 0.292187 0.518750 0.137500 0.125000
4 0.078125 0.464062 0.156250 0.181250
4 0.128125 0.712500 0.256250 0.340625
4 0.059375 0.907031 0.118750 0.157812
5 0.025781 0.763281 0.026562 0.045312
4 0.507031 0.528125 0.073438 0.059375
4 0.682813 0.530469 0.059375 0.039062
5 0.669531 0.572656 0.064062 0.048438
4 0.764062 0.612500 0.071875 0.087500
4 0.858594 0.607031 0.148438 0.132812
5 0.613281 0.753906 0.135937 0.154688
2 0.532031 0.790625 0.095312 0.140625
4 0.513281 0.800781 0.164062 0.173437
4 0.506250 0.641406 0.096875 0.110937
4 0.375781 0.563281 0.079687 0.070312
