4 0.265625 0.402344 0.162500 0.179688
4 0.147656 0.470313 0.067187 0.068750
4 0.160156 0.407813 0.035937 0.062500
4 0.222656 0.251563 0.064062 0.075000
4 0.295312 0.235937 0.193750 0.296875
5 0.230469 0.052344 0.304688 0.104688
4 0.042969 0.544531 0.085938 0.170313
4 0.386719 0.565625 0.035937 0.031250
4 0.099219 0.126562 0.051562 0.053125
4 0.125000 0.155469 0.031250 0.032813
5 0.976562 0.614062 0.031250 0.053125
2 0.956250 0.682813 0.037500 0.028125
2 0.890625 0.632031 0.034375 0.023438
2 0.828125 0.667188 0.028125 0.021875
4 0.875781 0.458594 0.070312 0.089063
