1 0.330469 0.703906 0.017188 0.014063
1 0.350781 0.703906 0.020313 0.014063
1 0.365625 0.625781 0.025000 0.017188
1 0.425781 0.604688 0.023438 0.021875
1 0.357031 0.493750 0.023438 0.015625
1 0.335156 0.527344 0.017188 0.017188
2 0.418750 0.489844 0.031250 0.032813
5 0.325000 0.560156 0.015625 0.020313
4 0.466406 0.438281 0.045312 0.029687
1 0.499219 0.452344 0.029687 0.023438
1 0.492969 0.495312 0.032813 0.018750
1 0.508594 0.510938 0.035937 0.021875
1 0.542188 0.444531 0.037500 0.023438
1 0.603906 0.442188 0.023438 0.021875
1 0.626563 0.398438 0.043750 0.028125
5 0.572656 0.458594 0.026562 0.017188
5 0.522656 0.414062 0.032813 0.043750
5 0.501563 0.397656 0.015625 0.045312
5 0.503906 0.341406 0.032813 0.017188
5 0.412500 0.344531 0.037500 0.029687
5 0.425781 0.319531 0.020313 0.017188
2 0.402344 0.368750 0.035937 0.037500
1 0.386719 0.271094 0.020313 0.014063
5 0.489063 0.230469 0.028125 0.029687
5 0.577344 0.295312 0.029687 0.028125
1 0.592187 0.207031 0.043750 0.029687
4 0.593750 0.178125 0.056250 0.056250
2 0.560156 0.027344 0.067187 0.054688
5 0.746094 0.379688 0.073438 0.046875
5 0.767969 0.294531 0.076563 0.042188
5 0.813281 0.385937 0.079687 0.050000
5 0.946094 0.340625 0.045312 0.046875
5 0.703906 0.177344 0.029687 0.026562
2 0.795312 0.354687 0.059375 0.056250
