4 0.714844 0.496875 0.220312 0.196875
4 0.896875 0.339844 0.087500 0.070312
4 0.956250 0.434375 0.087500 0.140625
4 0.626563 0.285156 0.290625 0.339062
4 0.698438 0.095312 0.165625 0.156250
4 0.467187 0.455469 0.128125 0.120313
4 0.556250 0.449219 0.112500 0.126562
4 0.563281 0.526563 0.076563 0.093750
4 0.282813 0.460938 0.081250 0.065625
4 0.380469 0.413281 0.082812 0.076563
4 0.247656 0.348438 0.120313 0.125000
4 0.236719 0.205469 0.192188 0.185938
2 0.217188 0.217188 0.121875 0.150000
4 0.107031 0.478125 0.060937 0.037500
4 0.029687 0.419531 0.059375 0.095312
5 0.140625 0.247656 0.153125 0.139063
4 0.146875 0.406250 0.028125 0.031250
4 0.825000 0.685156 0.031250 0.026562
4 0.381250 0.892969 0.053125 0.045312
4 0.522656 0.877344 0.023438 0.020313
4 0.167187 0.796875 0.031250 0.025000
5 0.105469 0.443750 0.076563 0.059375
