1 0.777344 0.262500 0.029687 0.046875
3 0.429688 0.284375 0.071875 0.065625
3 0.336719 0.346094 0.064062 0.048438
3 0.564844 0.538281 0.079687 0.073438
3 0.578125 0.236719 0.028125 0.026562
3 0.744531 0.410156 0.042188 0.082812
3 0.809375 0.503125 0.084375 0.053125
2 0.502344 0.483594 0.051562 0.060937
2 0.871875 0.435156 0.075000 0.064062
2 0.978125 0.789844 0.043750 0.098437
5 0.608594 0.388281 0.039062 0.048438
4 0.608594 0.207031 0.051562 0.054688
4 0.740625 0.066406 0.028125 0.020313
4 0.531250 0.039062 0.025000 0.021875
