4 0.427344 0.885156 0.214062 0.229687
4 0.601562 0.841406 0.075000 0.098437
4 0.559375 0.765625 0.068750 0.059375
4 0.450000 0.621875 0.059375 0.065625
4 0.597656 0.353906 0.129688 0.189062
4 0.494531 0.512500 0.048438 0.056250
4 0.514844 0.453125 0.089063 0.109375
4 0.439844 0.392188 0.060937 0.071875
4 0.209375 0.454688 0.081250 0.081250
4 0.562500 0.172656 0.062500 0.070312
4 0.614062 0.042188 0.053125 0.043750
4 0.594531 0.014063 0.029687 0.015625
5 0.485938 0.015625 0.028125 0.025000
4 0.738281 0.243750 0.048438 0.040625
4 0.830469 0.235156 0.064062 0.073438
5 0.667969 0.146094 0.051562 0.060937
4 0.380469 0.024219 0.035937 0.039062
4 0.665625 0.271875 0.046875 0.068750
