4 0.407813 0.610156 0.150000 0.120313
4 0.518750 0.711719 0.187500 0.182812
4 0.608594 0.839063 0.192188 0.128125
4 0.282031 0.616406 0.076563 0.076563
4 0.120313 0.579688 0.100000 0.078125
4 0.550781 0.335938 0.104688 0.065625
4 0.237500 0.918750 0.212500 0.162500
4 0.115625 0.975781 0.075000 0.048438
5 0.093750 0.882031 0.115625 0.064062
5 0.185156 0.753906 0.092188 0.079687
4 0.110156 0.852344 0.173437 0.239063
4 0.165625 0.716406 0.112500 0.104688
5 0.050000 0.709375 0.062500 0.037500
2 0.338281 0.772656 0.098437 0.098437
5 0.422656 0.799219 0.060937 0.079687
2 0.291406 0.673438 0.029687 0.028125
5 0.396875 0.879687 0.125000 0.131250
4 0.348438 0.987500 0.031250 0.025000
4 0.499219 0.891406 0.023438 0.020313
4 0.495312 0.989062 0.121875 0.021875
4 0.657031 0.897656 0.214062 0.198437
4 0.728125 0.353125 0.100000 0.068750
4 0.228906 0.732812 0.076563 0.081250
