2 0.055469 0.793750 0.070312 0.118750
4 0.791406 0.125781 0.057813 0.054688
4 0.732031 0.189062 0.042188 0.034375
4 0.884375 0.228125 0.084375 0.056250
4 0.708594 0.360156 0.057813 0.054688
4 0.557031 0.192188 0.042188 0.021875
4 0.514844 0.192188 0.035937 0.021875
4 0.496094 0.222656 0.035937 0.017188
4 0.685156 0.158594 0.017188 0.017188
5 0.895312 0.737500 0.187500 0.109375
4 0.987500 0.729688 0.025000 0.087500
5 0.934375 0.669531 0.081250 0.067187
5 0.746875 0.267969 0.028125 0.029687
3 0.366406 0.764062 0.160938 0.078125
