4 0.518750 0.292187 0.125000 0.137500
4 0.464062 0.078125 0.181250 0.156250
4 0.712500 0.128125 0.340625 0.256250
4 0.907031 0.059375 0.157812 0.118750
5 0.763281 0.025781 0.045312 0.026562
4 0.528125 0.507031 0.059375 0.073438
4 0.530469 0.682813 0.039062 0.059375
5 0.572656 0.669531 0.048438 0.064062
4 0.612500 0.764062 0.087500 0.071875
4 0.607031 0.858594 0.132812 0.148438
5 0.753906 0.613281 0.154688 0.135937
2 0.790625 0.532031 0.140625 0.095312
4 0.800781 0.513281 0.173437 0.164062
4 0.641406 0.506250 0.110937 0.096875
4 0.563281 0.375781 0.070312 0.079687
