5 0.392969 0.695312 0.035937 0.037500
5 0.469531 0.455469 0.032813 0.032813
5 0.460156 0.475000 0.045312 0.034375
1 0.449219 0.488281 0.042188 0.029687
1 0.489063 0.764062 0.028125 0.028125
1 0.692187 0.650781 0.037500 0.032813
4 0.486719 0.803906 0.051562 0.045312
5 0.556250 0.467969 0.031250 0.042188
4 0.608594 0.331250 0.070312 0.056250
1 0.525781 0.417969 0.032813 0.026562
1 0.413281 0.394531 0.042188 0.026562
5 0.439063 0.371094 0.028125 0.023438
2 0.399219 0.163281 0.035937 0.048438
5 0.471875 0.014063 0.028125 0.028125
1 0.289062 0.004687 0.025000 0.009375
2 0.202344 0.178125 0.029687 0.065625
