4 0.426563 0.930469 0.084375 0.057813
4 0.180469 0.914844 0.114062 0.104688
4 0.649219 0.913281 0.073438 0.089063
4 0.582812 0.668750 0.109375 0.090625
4 0.513281 0.667969 0.064062 0.057813
4 0.379688 0.386719 0.037500 0.029687
4 0.249219 0.249219 0.076563 0.045312
4 0.738281 0.467187 0.051562 0.046875
4 0.758594 0.434375 0.095312 0.050000
4 0.766406 0.771094 0.157812 0.110937
4 0.893750 0.810156 0.043750 0.054688
5 0.235937 0.628906 0.078125 0.029687
4 0.613281 0.411719 0.070312 0.045312
4 0.758594 0.057031 0.085938 0.032813
