2 0.648438 0.440625 0.062500 0.059375
2 0.403906 0.505469 0.060937 0.051562
1 0.218750 0.497656 0.065625 0.042188
1 0.382812 0.629687 0.062500 0.031250
1 0.553125 0.664062 0.034375 0.028125
5 0.495312 0.924219 0.043750 0.026562
5 0.581250 0.821875 0.031250 0.028125
5 0.545312 0.843750 0.031250 0.015625
5 0.450781 0.706250 0.026562 0.043750
4 0.292969 0.674219 0.092188 0.048438
2 0.942969 0.501563 0.020313 0.040625
1 0.925781 0.521094 0.010937 0.017188
5 0.849219 0.452344 0.014063 0.020313
5 0.383594 0.324219 0.039062 0.064062
5 0.316406 0.313281 0.051562 0.067187
1 0.300781 0.335156 0.057813 0.045312
4 0.219531 0.382812 0.064062 0.065625
