5 0.189844 0.417969 0.045312 0.048438
5 0.503125 0.420312 0.034375 0.034375
5 0.451562 0.374219 0.043750 0.026562
5 0.644531 0.428125 0.026562 0.028125
5 0.651563 0.542969 0.021875 0.017188
5 0.655469 0.562500 0.039062 0.034375
5 0.342187 0.442969 0.056250 0.035937
5 0.330469 0.534375 0.051562 0.050000
5 0.296094 0.537500 0.070312 0.053125
5 0.488281 0.574219 0.026562 0.026562
5 0.545312 0.590625 0.046875 0.025000
5 0.575000 0.588281 0.025000 0.048438
5 0.571875 0.553125 0.046875 0.025000
2 0.650000 0.591406 0.043750 0.042188
2 0.603125 0.660937 0.034375 0.037500
4 0.589063 0.600000 0.037500 0.040625
1 0.534375 0.610938 0.037500 0.034375
1 0.545312 0.639844 0.043750 0.026562
1 0.536719 0.661719 0.042188 0.032813
1 0.558594 0.632812 0.032813 0.028125
1 0.667188 0.711719 0.028125 0.020313
1 0.679688 0.515625 0.018750 0.021875
1 0.435156 0.550000 0.035937 0.037500
1 0.462500 0.569531 0.037500 0.026562
1 0.552344 0.799219 0.026562 0.026562
1 0.614844 0.839063 0.035937 0.021875
1 0.585156 0.942969 0.029687 0.023438
1 0.598437 0.961719 0.025000 0.023438
5 0.672656 0.809375 0.020313 0.015625
5 0.689063 0.761719 0.025000 0.020313
2 0.757031 0.927344 0.017188 0.023438
2 0.634375 0.286719 0.062500 0.082812
4 0.578125 0.407813 0.040625 0.040625
1 0.554688 0.402344 0.040625 0.026562
