1 0.457031 0.293750 0.035937 0.071875
1 0.342969 0.246875 0.051562 0.059375
1 0.385156 0.259375 0.045312 0.040625
1 0.224219 0.337500 0.035937 0.056250
1 0.086719 0.313281 0.057813 0.057813
1 0.024219 0.353906 0.017188 0.035937
1 0.212500 0.498437 0.025000 0.043750
1 0.358594 0.454688 0.032813 0.040625
1 0.425781 0.339844 0.045312 0.067187
5 0.136719 0.552344 0.023438 0.035937
5 0.050781 0.422656 0.035937 0.039062
5 0.364844 0.192969 0.082812 0.070312
5 0.361719 0.364844 0.035937 0.070312
5 0.350781 0.413281 0.054688 0.042188
5 0.498437 0.272656 0.068750 0.079687
5 0.521875 0.171875 0.053125 0.050000
5 0.575781 0.410156 0.039062 0.042188
5 0.453906 0.501563 0.054688 0.056250
5 0.432812 0.510938 0.031250 0.037500
2 0.335938 0.578125 0.050000 0.053125
2 0.357812 0.513281 0.043750 0.051562
2 0.707031 0.613281 0.076563 0.057813
4 0.482812 0.567969 0.046875 0.057813
4 0.396875 0.511719 0.059375 0.070312
