1 0.553125 0.533594 0.031250 0.048438
1 0.475781 0.760156 0.032813 0.064062
1 0.309375 0.746094 0.053125 0.048438
1 0.211719 0.646875 0.039062 0.059375
1 0.484375 0.097656 0.015625 0.017188
2 0.457031 0.069531 0.039062 0.023438
2 0.360938 0.344531 0.056250 0.035937
5 0.399219 0.164062 0.010937 0.012500
2 0.391406 0.628906 0.054688 0.067187
4 0.248438 0.736719 0.065625 0.073438
5 0.181250 0.630469 0.056250 0.039062
4 0.516406 0.748437 0.051562 0.106250
5 0.689844 0.623437 0.032813 0.028125
5 0.739844 0.779687 0.035937 0.062500
5 0.754687 0.675781 0.018750 0.032813
5 0.956250 0.059375 0.012500 0.012500
