5 0.837500 0.286719 0.043750 0.042188
3 0.815625 0.375781 0.062500 0.067187
3 0.797656 0.422656 0.051562 0.070312
3 0.665625 0.348438 0.028125 0.028125
3 0.665625 0.297656 0.037500 0.042188
5 0.685156 0.713281 0.067187 0.082812
3 0.757812 0.580469 0.071875 0.073438
5 0.742969 0.625000 0.039062 0.050000
5 0.939063 0.702344 0.068750 0.082812
2 0.882031 0.593750 0.039062 0.065625
5 0.738281 0.354687 0.039062 0.034375
5 0.626563 0.362500 0.021875 0.037500
5 0.649219 0.460938 0.014063 0.021875
3 0.639062 0.446094 0.037500 0.032813
3 0.577344 0.434375 0.039062 0.071875
3 0.559375 0.460938 0.040625 0.081250
5 0.524219 0.349219 0.017188 0.026562
3 0.478125 0.458594 0.034375 0.073438
5 0.496875 0.421094 0.021875 0.029687
5 0.571875 0.616406 0.028125 0.045312
5 0.564844 0.582031 0.023438 0.026562
3 0.538281 0.651563 0.042188 0.103125
3 0.460156 0.594531 0.026562 0.064062
3 0.471094 0.512500 0.048438 0.078125
2 0.329688 0.471094 0.053125 0.051562
2 0.296875 0.484375 0.028125 0.018750
2 0.361719 0.503906 0.026562 0.045312
5 0.407813 0.534375 0.043750 0.071875
5 0.429688 0.396875 0.021875 0.031250
2 0.416406 0.399219 0.020313 0.032813
3 0.380469 0.558594 0.029687 0.089063
5 0.224219 0.454688 0.029687 0.028125
5 0.232813 0.481250 0.021875 0.031250
2 0.179688 0.482031 0.084375 0.082812
3 0.121094 0.426563 0.039062 0.062500
5 0.167187 0.572656 0.031250 0.048438
5 0.178906 0.525000 0.051562 0.056250
3 0.119531 0.496875 0.070312 0.056250
3 0.025000 0.530469 0.050000 0.042188
3 0.050000 0.489063 0.071875 0.062500
5 0.095312 0.455469 0.040625 0.048438
5 0.024219 0.459375 0.026562 0.037500
