3 0.953125 0.648438 0.040625 0.031250
4 0.839844 0.635156 0.017188 0.023438
2 0.953906 0.435937 0.048438 0.065625
5 0.706250 0.512500 0.040625 0.043750
3 0.931250 0.196094 0.062500 0.079687
3 0.753125 0.091406 0.043750 0.079687
3 0.924219 0.105469 0.092188 0.079687
5 0.931250 0.016406 0.059375 0.032813
2 0.833594 0.020313 0.073438 0.040625
5 0.720313 0.008594 0.068750 0.017188
4 0.635938 0.306250 0.040625 0.046875
5 0.561719 0.337500 0.107813 0.115625
4 0.460938 0.196875 0.093750 0.115625
4 0.559375 0.541406 0.031250 0.042188
4 0.330469 0.318750 0.039062 0.053125
4 0.242188 0.378125 0.040625 0.046875
5 0.187500 0.116406 0.056250 0.089063
5 0.380469 0.592187 0.082812 0.065625
3 0.205469 0.621094 0.051562 0.051562
