5 0.403906 0.941406 0.129688 0.117188
5 0.046875 0.782031 0.093750 0.101562
4 0.284375 0.759375 0.053125 0.053125
4 0.412500 0.751563 0.103125 0.103125
4 0.464062 0.688281 0.100000 0.064062
4 0.562500 0.482031 0.059375 0.064062
3 0.546875 0.423438 0.078125 0.078125
3 0.301563 0.497656 0.140625 0.057813
3 0.108594 0.440625 0.089063 0.118750
3 0.582812 0.189062 0.078125 0.040625
3 0.508594 0.172656 0.082812 0.048438
3 0.442188 0.117969 0.075000 0.110937
3 0.440625 0.185156 0.040625 0.048438
3 0.475000 0.299219 0.043750 0.067187
3 0.574219 0.250000 0.070312 0.037500
3 0.597656 0.319531 0.060937 0.039062
3 0.608594 0.293750 0.051562 0.040625
5 0.614062 0.245312 0.050000 0.034375
2 0.314844 0.349219 0.089063 0.067187
2 0.164062 0.189844 0.121875 0.067187
4 0.430469 0.269531 0.057813 0.045312
4 0.550000 0.228906 0.037500 0.032813
4 0.539062 0.309375 0.062500 0.071875
4 0.428125 0.437500 0.034375 0.043750
