3 0.627344 0.184375 0.135937 0.090625
3 0.651563 0.149219 0.134375 0.104688
3 0.792188 0.247656 0.103125 0.064062
3 0.393750 0.310156 0.153125 0.160938
3 0.056250 0.409375 0.112500 0.165625
3 0.103906 0.513281 0.145313 0.085938
3 0.078125 0.675781 0.143750 0.151562
3 0.057813 0.741406 0.115625 0.110937
3 0.228125 0.855469 0.115625 0.095312
3 0.494531 0.871094 0.126562 0.067187
3 0.464844 0.809375 0.142187 0.106250
3 0.364063 0.778906 0.159375 0.114062
3 0.303906 0.689844 0.120313 0.157812
3 0.230469 0.719531 0.135937 0.160938
3 0.150000 0.715625 0.106250 0.121875
3 0.404687 0.559375 0.090625 0.075000
3 0.469531 0.543750 0.067187 0.090625
3 0.242969 0.409375 0.101562 0.087500
3 0.285156 0.342969 0.117188 0.060937
3 0.504687 0.210938 0.068750 0.071875
3 0.784375 0.182031 0.059375 0.045312
3 0.489844 0.108594 0.104688 0.089063
3 0.801562 0.110937 0.081250 0.053125
3 0.407031 0.147656 0.073438 0.054688
2 0.214844 0.196094 0.132812 0.126562
2 0.525781 0.051562 0.120313 0.096875
2 0.110937 0.855469 0.146875 0.120313
2 0.306250 0.380469 0.090625 0.067187
2 0.117188 0.025781 0.050000 0.051562
4 0.478125 0.435156 0.071875 0.076563
3 0.180469 0.566406 0.089063 0.114062
5 0.640625 0.679688 0.059375 0.059375
5 0.586719 0.420312 0.095312 0.103125
2 0.551562 0.527344 0.037500 0.035937
2 0.892188 0.165625 0.065625 0.065625
3 0.621094 0.539062 0.082812 0.056250
5 0.491406 0.721094 0.064062 0.064062
5 0.370312 0.182812 0.081250 0.075000
5 0.465625 0.010156 0.071875 0.020313
4 0.417969 0.402344 0.060937 0.048438
5 0.174219 0.439063 0.064062 0.065625
4 0.714844 0.046094 0.098437 0.039062
2 0.934375 0.409375 0.037500 0.037500
2 0.545312 0.846094 0.062500 0.048438
