3 0.545312 0.532031 0.056250 0.060937
3 0.576562 0.690625 0.078125 0.106250
3 0.696875 0.864844 0.062500 0.070312
3 0.669531 0.923438 0.051562 0.040625
3 0.174219 0.714063 0.117188 0.150000
3 0.246094 0.575000 0.154688 0.068750
3 0.582812 0.423438 0.065625 0.065625
3 0.624219 0.445312 0.064062 0.056250
4 0.315625 0.156250 0.068750 0.068750
5 0.481250 0.334375 0.084375 0.053125
4 0.309375 0.525781 0.181250 0.129688
5 0.461719 0.568750 0.079687 0.065625
3 0.429688 0.515625 0.043750 0.050000
3 0.442188 0.696094 0.121875 0.095312
4 0.396094 0.614062 0.107813 0.103125
4 0.315625 0.610156 0.075000 0.054688
2 0.324219 0.753125 0.110937 0.090625
4 0.244531 0.807031 0.160938 0.101562
5 0.198437 0.964844 0.103125 0.070312
2 0.054688 0.557813 0.109375 0.100000
3 0.067187 0.292969 0.134375 0.148438
5 0.306250 0.414844 0.159375 0.110937
