4 0.373437 0.720313 0.050000 0.084375
4 0.821094 0.482812 0.092188 0.081250
4 0.992969 0.031250 0.014063 0.062500
4 0.946875 0.202344 0.062500 0.101562
4 0.592187 0.372656 0.053125 0.051562
5 0.128125 0.048438 0.134375 0.068750
5 0.201563 0.666406 0.109375 0.120313
5 0.253125 0.376563 0.093750 0.059375
4 0.005469 0.611719 0.010937 0.117188
4 0.025000 0.014063 0.046875 0.028125
3 0.676562 0.655469 0.071875 0.076563
3 0.705469 0.778125 0.067187 0.046875
3 0.996875 0.332031 0.006250 0.054688
5 0.396875 0.622656 0.115625 0.101562
3 0.439063 0.605469 0.062500 0.089063
3 0.893750 0.180469 0.084375 0.092188
2 0.978125 0.264062 0.043750 0.100000
5 0.521094 0.042188 0.064062 0.084375
