3 0.495312 0.812500 0.096875 0.059375
3 0.883594 0.766406 0.135937 0.107813
3 0.426563 0.243750 0.131250 0.118750
3 0.173437 0.642969 0.109375 0.079687
3 0.199219 0.515625 0.098437 0.131250
3 0.025000 0.689844 0.050000 0.098437
3 0.016406 0.622656 0.032813 0.104688
3 0.074219 0.741406 0.070312 0.092188
3 0.182812 0.746875 0.071875 0.065625
4 0.142187 0.520312 0.093750 0.093750
4 0.375781 0.661719 0.089063 0.104688
4 0.321094 0.550000 0.064062 0.075000
4 0.328906 0.111719 0.079687 0.092188
4 0.752344 0.610938 0.051562 0.056250
5 0.956250 0.363281 0.087500 0.129688
4 0.367969 0.592187 0.054688 0.046875
5 0.299219 0.609375 0.051562 0.078125
2 0.298438 0.447656 0.078125 0.110937
5 0.145313 0.704688 0.050000 0.068750
4 0.885938 0.936719 0.100000 0.073438
5 0.895312 0.860938 0.112500 0.109375
5 0.089844 0.136719 0.073438 0.073438
4 0.200000 0.331250 0.109375 0.090625
4 0.060156 0.661719 0.045312 0.057813
5 0.428906 0.942187 0.051562 0.059375
