5 0.290625 0.457813 0.059375 0.062500
5 0.387500 0.474219 0.125000 0.132812
4 0.745313 0.486719 0.103125 0.079687
4 0.816406 0.406250 0.092188 0.075000
3 0.782031 0.411719 0.101562 0.110937
5 0.717187 0.514062 0.093750 0.075000
5 0.586719 0.348438 0.064062 0.056250
4 0.412500 0.352344 0.068750 0.048438
2 0.875781 0.150000 0.085938 0.093750
5 0.619531 0.167969 0.117188 0.101562
3 0.941406 0.234375 0.048438 0.059375
3 0.906250 0.267969 0.090625 0.057813
3 0.164844 0.216406 0.032813 0.039062
5 0.203125 0.583594 0.037500 0.035937
4 0.524219 0.526563 0.085938 0.062500
4 0.746875 0.835156 0.115625 0.089063
4 0.963281 0.575000 0.073438 0.043750
