3 0.814063 0.452344 0.053125 0.092188
3 0.742969 0.079687 0.095312 0.121875
3 0.266406 0.556250 0.107813 0.121875
3 0.671094 0.775781 0.070312 0.104688
3 0.546094 0.758594 0.123438 0.089063
3 0.726562 0.917188 0.093750 0.046875
3 0.662500 0.937500 0.100000 0.040625
3 0.772656 0.864844 0.085938 0.060937
3 0.770312 0.758594 0.059375 0.067187
4 0.553125 0.813281 0.087500 0.085938
4 0.675000 0.578125 0.096875 0.081250
4 0.571094 0.636719 0.070312 0.057813
4 0.145313 0.660937 0.087500 0.071875
4 0.600000 0.216406 0.053125 0.045312
5 0.342187 0.037500 0.118750 0.075000
4 0.608594 0.590625 0.042188 0.050000
5 0.629687 0.654687 0.071875 0.043750
2 0.472656 0.668750 0.104688 0.068750
5 0.732031 0.798438 0.064062 0.043750
4 0.905469 0.075000 0.064062 0.075000
5 0.832031 0.071094 0.098437 0.085938
5 0.181250 0.914062 0.071875 0.115625
4 0.365625 0.771094 0.081250 0.101562
4 0.695312 0.883594 0.056250 0.039062
5 0.942969 0.507031 0.057813 0.045312
