3 0.383594 0.757812 0.089063 0.053125
3 0.059375 0.600000 0.118750 0.096875
3 0.614844 0.279687 0.120313 0.109375
3 0.716406 0.706250 0.101562 0.071875
3 0.732031 0.587500 0.089063 0.118750
3 0.832812 0.792969 0.046875 0.092188
3 0.867188 0.738281 0.043750 0.095312
3 0.773438 0.821094 0.062500 0.085938
3 0.675781 0.793750 0.067187 0.059375
4 0.780469 0.607031 0.085938 0.085938
4 0.532813 0.660156 0.081250 0.095312
4 0.614062 0.580469 0.059375 0.070312
4 0.739844 0.193750 0.070312 0.084375
4 0.218750 0.503125 0.046875 0.053125
5 0.094531 0.217188 0.123438 0.118750
4 0.560937 0.602344 0.050000 0.042188
5 0.614844 0.638281 0.045312 0.070312
2 0.666406 0.497656 0.070312 0.101562
5 0.722656 0.767188 0.045312 0.062500
4 0.025781 0.746875 0.051562 0.068750
5 0.035937 0.678125 0.071875 0.100000
5 0.954688 0.289844 0.090625 0.073438
4 0.787500 0.424219 0.100000 0.082812
4 0.809375 0.755469 0.040625 0.054688
5 0.402344 0.890625 0.048438 0.056250
