3 0.951562 0.871875 0.046875 0.109375
2 0.714844 0.596094 0.054688 0.051562
3 0.711719 0.410938 0.026562 0.034375
3 0.829688 0.332031 0.025000 0.023438
4 0.881250 0.505469 0.021875 0.032813
5 0.628906 0.455469 0.014063 0.023438
5 0.564063 0.591406 0.046875 0.051562
4 0.609375 0.638281 0.050000 0.026562
4 0.623437 0.599219 0.059375 0.042188
5 0.416406 0.778906 0.120313 0.095312
4 0.496875 0.833594 0.043750 0.045312
4 0.392969 0.564844 0.032813 0.042188
4 0.959375 0.942187 0.015625 0.065625
4 0.235937 0.828906 0.084375 0.098437
4 0.725000 0.892969 0.028125 0.070312
4 0.857812 0.845313 0.084375 0.081250
4 0.807031 0.947656 0.054688 0.067187
