5 0.414062 0.077344 0.050000 0.051562
3 0.495312 0.132031 0.081250 0.076563
3 0.534375 0.166406 0.081250 0.064062
3 0.414062 0.268750 0.034375 0.034375
3 0.363281 0.250000 0.048438 0.046875
5 0.783594 0.382812 0.098437 0.084375
3 0.678125 0.262500 0.087500 0.084375
5 0.717969 0.292969 0.057813 0.048438
5 0.864844 0.126562 0.095312 0.084375
2 0.735938 0.142187 0.075000 0.053125
5 0.445312 0.200000 0.040625 0.043750
5 0.415625 0.312500 0.040625 0.028125
5 0.520312 0.327344 0.025000 0.017188
3 0.502344 0.332031 0.039062 0.042188
3 0.467969 0.388281 0.079687 0.051562
3 0.489063 0.415625 0.090625 0.056250
5 0.364063 0.409375 0.031250 0.021875
3 0.455469 0.495312 0.082812 0.050000
5 0.425781 0.464062 0.035937 0.028125
5 0.646094 0.459375 0.051562 0.037500
5 0.609375 0.454688 0.031250 0.028125
3 0.668750 0.506250 0.112500 0.062500
3 0.584375 0.563281 0.068750 0.039062
3 0.506250 0.521875 0.087500 0.062500
2 0.415625 0.647656 0.062500 0.064062
2 0.415625 0.684375 0.025000 0.031250
2 0.457031 0.627344 0.051562 0.035937
5 0.505469 0.592187 0.079687 0.056250
5 0.376563 0.521094 0.034375 0.026562
2 0.375000 0.535156 0.037500 0.026562
3 0.519531 0.628906 0.095312 0.045312
5 0.360938 0.745313 0.031250 0.034375
5 0.387500 0.747656 0.034375 0.026562
2 0.370312 0.800781 0.100000 0.101562
3 0.294531 0.838281 0.070312 0.051562
5 0.456250 0.845313 0.056250 0.040625
5 0.414062 0.815625 0.065625 0.062500
3 0.364063 0.866406 0.068750 0.079687
3 0.365625 0.964844 0.046875 0.042188
3 0.332031 0.931250 0.076563 0.084375
5 0.314063 0.874219 0.056250 0.051562
5 0.292969 0.945312 0.042188 0.034375
