3 0.187500 0.549219 0.053125 0.092188
3 0.258594 0.920312 0.095312 0.121875
3 0.733594 0.443750 0.107813 0.121875
3 0.330469 0.225781 0.070312 0.104688
3 0.453906 0.241406 0.123438 0.089063
3 0.273438 0.084375 0.093750 0.046875
3 0.337500 0.064062 0.100000 0.040625
3 0.228906 0.136719 0.085938 0.060937
3 0.229687 0.241406 0.059375 0.067187
4 0.446875 0.188281 0.087500 0.085938
4 0.325000 0.423438 0.096875 0.081250
4 0.430469 0.363281 0.070312 0.057813
4 0.854688 0.340625 0.087500 0.071875
4 0.401562 0.785156 0.053125 0.045312
5 0.657813 0.962500 0.118750 0.075000
4 0.392969 0.410938 0.042188 0.050000
5 0.370312 0.345313 0.071875 0.043750
2 0.527344 0.332813 0.104688 0.068750
5 0.269531 0.201563 0.064062 0.043750
4 0.094531 0.926562 0.064062 0.075000
5 0.169531 0.930469 0.098437 0.085938
5 0.818750 0.085938 0.071875 0.115625
4 0.634375 0.230469 0.081250 0.101562
4 0.304688 0.116406 0.056250 0.039062
5 0.057031 0.492969 0.057813 0.045312
