5 0.296875 0.220312 0.053125 0.075000
5 0.418750 0.190625 0.071875 0.081250
4 0.160938 0.137500 0.121875 0.084375
3 0.400781 0.018750 0.095312 0.037500
3 0.460156 0.100781 0.067187 0.082812
4 0.575000 0.456250 0.043750 0.028125
3 0.792969 0.339062 0.032813 0.025000
5 0.662500 0.564063 0.043750 0.040625
5 0.591406 0.601562 0.076563 0.121875
4 0.789062 0.582812 0.025000 0.018750
4 0.132031 0.467969 0.114062 0.076563
2 0.259375 0.376563 0.078125 0.046875
5 0.039062 0.327344 0.078125 0.060937
4 0.263281 0.576562 0.089063 0.050000
4 0.287500 0.657813 0.081250 0.053125
5 0.331250 0.657813 0.053125 0.065625
3 0.296875 0.581250 0.056250 0.090625
4 0.196875 0.481250 0.040625 0.034375
5 0.448437 0.377344 0.065625 0.070312
4 0.273438 0.970313 0.100000 0.059375
