4 0.503906 0.484375 0.095312 0.106250
4 0.075000 0.381250 0.053125 0.065625
2 0.384375 0.872656 0.103125 0.173437
3 0.714063 0.356250 0.087500 0.100000
3 0.325000 0.140625 0.068750 0.065625
3 0.209375 0.113281 0.043750 0.089063
3 0.453906 0.278906 0.064062 0.070312
3 0.871875 0.263281 0.040625 0.079687
3 0.922656 0.292969 0.042188 0.045312
3 0.643750 0.782813 0.134375 0.168750
3 0.442188 0.677344 0.118750 0.129688
3 0.102344 0.664844 0.114062 0.132812
5 0.203125 0.278125 0.081250 0.059375
5 0.374219 0.496875 0.076563 0.137500
4 0.546875 0.661719 0.053125 0.073438
4 0.523438 0.613281 0.056250 0.082812
4 0.446094 0.585938 0.164062 0.159375
2 0.656250 0.583594 0.065625 0.101562
3 0.598437 0.460156 0.043750 0.123438
5 0.510156 0.432031 0.073438 0.073438
4 0.664062 0.378906 0.034375 0.051562
4 0.672656 0.698438 0.107813 0.128125
5 0.877344 0.827344 0.051562 0.070312
