4 0.625781 0.735938 0.048438 0.081250
4 0.190625 0.505469 0.090625 0.079687
4 0.015625 0.051562 0.031250 0.093750
4 0.070312 0.233594 0.059375 0.098437
4 0.412500 0.398438 0.050000 0.050000
5 0.862500 0.085156 0.131250 0.067187
5 0.790625 0.682813 0.106250 0.115625
5 0.742188 0.402344 0.090625 0.057813
4 0.987500 0.629687 0.025000 0.112500
4 0.969531 0.032813 0.060937 0.065625
3 0.330469 0.672656 0.070312 0.073438
3 0.303125 0.790625 0.065625 0.046875
3 0.011719 0.357812 0.023438 0.053125
5 0.601562 0.641406 0.112500 0.098437
3 0.560937 0.623437 0.059375 0.087500
3 0.120313 0.211719 0.081250 0.089063
2 0.029687 0.293750 0.059375 0.096875
5 0.479687 0.067187 0.062500 0.103125
