2 0.592969 0.015625 0.079687 0.031250
5 0.734375 0.416406 0.150000 0.117188
5 0.519531 0.697656 0.101562 0.114062
4 0.967969 0.666406 0.064062 0.064062
4 0.847656 0.591406 0.045312 0.054688
4 0.764844 0.605469 0.085938 0.070312
4 0.693750 0.492188 0.087500 0.090625
4 0.550000 0.427344 0.062500 0.045312
5 0.518750 0.339062 0.043750 0.046875
3 0.325781 0.118750 0.051562 0.043750
4 0.343750 0.220312 0.031250 0.034375
4 0.730469 0.339844 0.048438 0.045312
3 0.872656 0.182812 0.085938 0.084375
4 0.932813 0.461719 0.118750 0.120313
3 0.613281 0.742969 0.067187 0.082812
3 0.558594 0.646875 0.054688 0.050000
4 0.735156 0.018750 0.079687 0.037500
3 0.821875 0.037500 0.075000 0.075000
