3 0.121875 0.050781 0.062500 0.101562
2 0.329688 0.353906 0.062500 0.057813
3 0.311719 0.542969 0.029687 0.039062
3 0.180469 0.609375 0.029687 0.028125
4 0.149219 0.425000 0.026562 0.034375
5 0.400781 0.509375 0.017188 0.025000
5 0.482812 0.378906 0.053125 0.057813
4 0.443750 0.325000 0.053125 0.031250
4 0.425000 0.363281 0.065625 0.048438
5 0.657813 0.204687 0.131250 0.109375
4 0.583594 0.138281 0.048438 0.051562
4 0.653906 0.426563 0.039062 0.046875
4 0.849219 0.177344 0.095312 0.107813
4 0.358594 0.050781 0.035937 0.073438
4 0.214844 0.082031 0.092188 0.092188
4 0.280469 0.009375 0.064062 0.018750
