4 0.580469 0.502344 0.039062 0.048438
4 0.503125 0.650000 0.081250 0.081250
5 0.622656 0.708594 0.123438 0.132812
4 0.708594 0.716406 0.045312 0.054688
4 0.585938 0.913281 0.118750 0.117188
5 0.817969 0.932813 0.060937 0.040625
2 0.944531 0.900781 0.070312 0.054688
3 0.873437 0.861719 0.050000 0.042188
3 0.975781 0.796094 0.048438 0.092188
3 0.936719 0.293750 0.045312 0.037500
3 0.823438 0.335156 0.028125 0.026562
5 0.721875 0.478906 0.050000 0.048438
5 0.358594 0.492969 0.117188 0.098437
3 0.192188 0.524219 0.062500 0.057813
4 0.307031 0.785156 0.051562 0.054688
4 0.400000 0.800781 0.050000 0.051562
