3 0.184375 0.474219 0.071875 0.123438
3 0.146094 0.460938 0.085938 0.121875
3 0.193750 0.304688 0.050000 0.093750
3 0.367969 0.649219 0.139063 0.132812
3 0.560937 0.941406 0.153125 0.117188
3 0.639844 0.853906 0.064062 0.135937
3 0.795312 0.829688 0.131250 0.125000
3 0.864062 0.839063 0.090625 0.121875
3 0.914844 0.640625 0.079687 0.103125
3 0.850781 0.392188 0.048438 0.118750
3 0.801562 0.437500 0.087500 0.128125
3 0.803906 0.539062 0.092188 0.143750
3 0.740625 0.620313 0.140625 0.096875
3 0.789844 0.678125 0.142187 0.112500
3 0.810937 0.753125 0.109375 0.090625
3 0.592187 0.566406 0.062500 0.079687
3 0.559375 0.510938 0.081250 0.056250
3 0.503906 0.758594 0.073438 0.089063
3 0.429688 0.739062 0.043750 0.109375
3 0.246094 0.578125 0.064062 0.059375
3 0.136719 0.331250 0.039062 0.053125
3 0.157812 0.621875 0.075000 0.093750
3 0.067969 0.337500 0.042188 0.075000
3 0.216406 0.685937 0.045312 0.065625
2 0.317969 0.847656 0.107813 0.114062
2 0.094531 0.606250 0.079687 0.106250
2 0.108594 0.059375 0.098437 0.059375
2 0.948438 0.746094 0.100000 0.132812
2 0.459375 0.709375 0.053125 0.081250
2 0.170313 0.987500 0.100000 0.025000
4 0.458594 0.536719 0.067187 0.060937
3 0.666406 0.768750 0.101562 0.071875
5 0.632812 0.314844 0.053125 0.051562
5 0.412500 0.441406 0.090625 0.082812
2 0.520312 0.442969 0.031250 0.032813
2 0.089844 0.238281 0.057813 0.057813
3 0.509375 0.375000 0.046875 0.075000
5 0.713281 0.438281 0.054688 0.054688
5 0.260156 0.710156 0.064062 0.070312
5 0.061719 0.679688 0.042188 0.065625
4 0.446094 0.601562 0.042188 0.053125
5 0.550781 0.811719 0.057813 0.057813
4 0.022656 0.436719 0.045312 0.095312
2 0.300000 0.128125 0.031250 0.031250
4 0.955469 0.089063 0.023438 0.056250
2 0.810937 0.353125 0.040625 0.056250
