4 0.507812 0.446094 0.043750 0.032813
4 0.641406 0.524219 0.070312 0.070312
5 0.700000 0.417969 0.118750 0.107813
4 0.713281 0.337500 0.048438 0.040625
4 0.887500 0.462500 0.106250 0.106250
5 0.935937 0.243750 0.071875 0.059375
5 0.875000 0.032813 0.053125 0.065625
2 0.905469 0.127344 0.070312 0.064062
3 0.855469 0.194531 0.035937 0.045312
3 0.725781 0.032813 0.067187 0.062500
3 0.800000 0.067187 0.081250 0.100000
2 0.525781 0.030469 0.067187 0.048438
3 0.335156 0.109375 0.032813 0.040625
3 0.366406 0.214844 0.023438 0.026562
3 0.203906 0.062500 0.026562 0.018750
5 0.494531 0.315625 0.042188 0.043750
5 0.491406 0.650000 0.085938 0.103125
3 0.510938 0.803125 0.050000 0.056250
4 0.755469 0.710938 0.048438 0.046875
4 0.775781 0.626563 0.045312 0.043750
