5 0.507812 0.330469 0.146875 0.110937
5 0.587500 0.257812 0.100000 0.106250
4 0.496875 0.133594 0.081250 0.082812
3 0.366406 0.150000 0.054688 0.043750
3 0.332813 0.233594 0.065625 0.073438
3 0.542969 0.257812 0.098437 0.062500
3 0.228906 0.769531 0.114062 0.092188
4 0.150781 0.702344 0.114062 0.117188
5 0.560937 0.631250 0.109375 0.096875
4 0.821875 0.192969 0.106250 0.104688
4 0.282031 0.658594 0.054688 0.060937
2 0.067187 0.797656 0.040625 0.089063
5 0.792969 0.924219 0.079687 0.057813
5 0.832031 0.594531 0.095312 0.076563
5 0.343750 0.725000 0.043750 0.065625
