4 0.469531 0.477344 0.123438 0.114062
4 0.299219 0.907031 0.076563 0.064062
2 0.856250 0.657813 0.193750 0.131250
3 0.366406 0.239844 0.117188 0.107813
3 0.085938 0.612500 0.078125 0.081250
3 0.043750 0.727344 0.087500 0.057813
3 0.246875 0.500000 0.081250 0.075000
3 0.294531 0.064062 0.089063 0.053125
3 0.330469 0.018750 0.051562 0.037500
3 0.800781 0.375000 0.192188 0.162500
3 0.660156 0.570312 0.151562 0.140625
3 0.598437 0.920312 0.156250 0.137500
5 0.210938 0.760156 0.071875 0.092188
5 0.463281 0.614844 0.151562 0.098437
4 0.661719 0.457813 0.082812 0.065625
4 0.607031 0.475781 0.092188 0.070312
4 0.566406 0.552344 0.189062 0.192188
2 0.593750 0.332031 0.115625 0.082812
3 0.457813 0.375000 0.131250 0.062500
5 0.416406 0.463281 0.085938 0.085938
4 0.382031 0.296875 0.057813 0.043750
4 0.716406 0.333594 0.148438 0.129688
5 0.880469 0.139063 0.079687 0.062500
