5 0.226562 0.709375 0.078125 0.059375
5 0.192969 0.584375 0.085938 0.078125
4 0.146094 0.852344 0.092188 0.129688
3 0.018750 0.609375 0.034375 0.100000
3 0.098437 0.546875 0.087500 0.071875
4 0.460156 0.413281 0.029687 0.045312
3 0.332813 0.194531 0.028125 0.035937
5 0.569531 0.320312 0.042188 0.046875
5 0.609375 0.391406 0.128125 0.082812
4 0.584375 0.189062 0.021875 0.025000
4 0.489063 0.871094 0.084375 0.120313
2 0.389062 0.742969 0.050000 0.082812
5 0.346875 0.964844 0.065625 0.070312
4 0.596094 0.732031 0.054688 0.092188
4 0.678906 0.702344 0.057813 0.085938
5 0.677344 0.657813 0.070312 0.056250
3 0.599219 0.696875 0.095312 0.062500
4 0.500781 0.803906 0.035937 0.045312
5 0.385156 0.548438 0.073438 0.068750
4 0.984375 0.705469 0.031250 0.104688
