5 0.860156 0.362500 0.042188 0.040625
3 0.821875 0.445312 0.062500 0.068750
3 0.795312 0.485156 0.050000 0.070312
3 0.682031 0.389844 0.029687 0.029687
3 0.693750 0.340625 0.037500 0.040625
5 0.632031 0.745313 0.067187 0.084375
3 0.728125 0.630469 0.071875 0.073438
5 0.705469 0.671875 0.039062 0.050000
5 0.880469 0.783594 0.070312 0.082812
2 0.845313 0.667188 0.040625 0.065625
5 0.991406 0.525781 0.017188 0.032813
5 0.750781 0.408594 0.039062 0.032813
5 0.642969 0.396094 0.020313 0.035937
5 0.646094 0.496094 0.014063 0.020313
3 0.637500 0.479687 0.037500 0.031250
3 0.581250 0.457813 0.037500 0.071875
3 0.558594 0.479687 0.042188 0.081250
5 0.545312 0.364844 0.018750 0.026562
3 0.480469 0.460938 0.035937 0.075000
5 0.504687 0.428906 0.021875 0.029687
5 0.542969 0.631250 0.029687 0.046875
5 0.540625 0.596094 0.025000 0.026562
3 0.503125 0.657813 0.043750 0.100000
3 0.437500 0.588281 0.028125 0.064062
3 0.463281 0.511719 0.048438 0.076563
2 0.335156 0.446094 0.054688 0.051562
2 0.301563 0.452344 0.028125 0.020313
2 0.359375 0.482031 0.028125 0.045312
5 0.398438 0.521094 0.043750 0.070312
5 0.445312 0.392969 0.021875 0.029687
2 0.433594 0.391406 0.020313 0.032813
3 0.367188 0.539062 0.031250 0.087500
5 0.235937 0.409375 0.031250 0.028125
5 0.239844 0.436719 0.020313 0.029687
2 0.188281 0.427344 0.085938 0.082812
3 0.142187 0.363281 0.040625 0.060937
5 0.158594 0.510938 0.029687 0.050000
5 0.178906 0.469531 0.051562 0.054688
3 0.126562 0.429688 0.068750 0.056250
3 0.027344 0.446094 0.051562 0.042188
3 0.060937 0.410938 0.071875 0.062500
5 0.111719 0.384375 0.042188 0.046875
5 0.042188 0.375781 0.025000 0.035937
