5 0.277344 0.546094 0.048438 0.051562
4 0.720313 0.638281 0.109375 0.076563
4 0.800000 0.663281 0.090625 0.073438
3 0.583594 0.512500 0.073438 0.115625
4 0.417187 0.489063 0.071875 0.046875
4 0.511719 0.467969 0.082812 0.082812
4 0.610938 0.344531 0.056250 0.051562
3 0.674219 0.479687 0.092188 0.046875
2 0.786719 0.314844 0.073438 0.082812
5 0.930469 0.229687 0.092188 0.062500
5 0.764844 0.921875 0.076563 0.075000
4 0.878125 0.861719 0.118750 0.110937
5 0.976562 0.516406 0.046875 0.064062
5 0.200000 0.614844 0.103125 0.145313
