5 0.823438 0.278125 0.046875 0.046875
3 0.806250 0.374219 0.068750 0.073438
3 0.791406 0.422656 0.057813 0.076563
3 0.649219 0.355469 0.032813 0.032813
3 0.646094 0.302344 0.042188 0.045312
5 0.693750 0.732812 0.075000 0.090625
3 0.761719 0.589063 0.079687 0.081250
5 0.749219 0.636719 0.045312 0.054688
5 0.959375 0.701562 0.078125 0.090625
2 0.891406 0.592969 0.045312 0.070312
5 0.725781 0.356250 0.042188 0.037500
5 0.610938 0.373437 0.025000 0.040625
5 0.640625 0.473438 0.015625 0.021875
3 0.628125 0.458594 0.040625 0.035937
3 0.563281 0.452344 0.045312 0.076563
3 0.548438 0.480469 0.046875 0.085938
5 0.503906 0.365625 0.020313 0.028125
3 0.464062 0.482812 0.040625 0.078125
5 0.479687 0.443750 0.025000 0.034375
5 0.571875 0.639062 0.031250 0.050000
5 0.562500 0.604688 0.025000 0.028125
3 0.539062 0.678906 0.050000 0.107813
3 0.453906 0.625000 0.032813 0.068750
3 0.460156 0.540625 0.054688 0.084375
2 0.310156 0.507031 0.060937 0.057813
2 0.278125 0.522656 0.031250 0.023438
2 0.345313 0.537500 0.031250 0.050000
5 0.394531 0.565625 0.048438 0.075000
5 0.408594 0.421875 0.023438 0.034375
2 0.396094 0.426563 0.023438 0.037500
3 0.369531 0.594531 0.035937 0.092188
5 0.200000 0.497656 0.031250 0.029687
5 0.210156 0.523438 0.023438 0.034375
2 0.155469 0.528906 0.092188 0.092188
3 0.090625 0.475000 0.043750 0.065625
5 0.149219 0.622656 0.035937 0.051562
5 0.158594 0.574219 0.057813 0.060937
3 0.093750 0.549219 0.075000 0.060937
3 0.015625 0.589844 0.018750 0.039062
3 0.030469 0.543750 0.060937 0.065625
5 0.064844 0.506250 0.045312 0.053125
5 0.003906 0.513281 0.007812 0.039062
