3 0.762500 0.824219 0.068750 0.079687
3 0.657031 0.985156 0.095312 0.029687
3 0.389062 0.894531 0.040625 0.048438
3 0.240625 0.578125 0.056250 0.050000
5 0.557813 0.600000 0.053125 0.040625
5 0.654687 0.512500 0.053125 0.040625
5 0.567969 0.525000 0.101562 0.125000
3 0.887500 0.503125 0.059375 0.059375
4 0.578125 0.849219 0.109375 0.082812
4 0.929688 0.768750 0.065625 0.078125
3 0.619531 0.410156 0.035937 0.035937
3 0.902344 0.311719 0.073438 0.045312
5 0.969531 0.167969 0.060937 0.117188
5 0.743750 0.310156 0.056250 0.064062
