5 0.357812 0.161719 0.065625 0.057813
4 0.232813 0.629687 0.071875 0.112500
4 0.110937 0.710938 0.068750 0.106250
3 0.307812 0.488281 0.096875 0.095312
3 0.371094 0.598437 0.048438 0.096875
4 0.496875 0.489063 0.050000 0.046875
2 0.539062 0.722656 0.090625 0.079687
5 0.589063 0.812500 0.053125 0.075000
3 0.960156 0.823438 0.079687 0.137500
4 0.558594 0.893750 0.042188 0.081250
4 0.246875 0.834375 0.043750 0.034375
4 0.210156 0.896875 0.048438 0.081250
5 0.267188 0.047656 0.137500 0.095312
4 0.911719 0.710938 0.051562 0.078125
4 0.365625 0.364063 0.068750 0.087500
