5 0.643750 0.487500 0.100000 0.140625
5 0.711719 0.403125 0.098437 0.090625
4 0.838281 0.482812 0.076563 0.075000
3 0.831250 0.614844 0.040625 0.051562
3 0.750781 0.651563 0.067187 0.062500
3 0.713281 0.446875 0.054688 0.093750
3 0.233594 0.791406 0.085938 0.107813
4 0.303125 0.862500 0.109375 0.106250
5 0.346094 0.456250 0.089063 0.103125
4 0.757812 0.168750 0.096875 0.100000
4 0.336719 0.732031 0.057813 0.051562
2 0.216406 0.950781 0.085938 0.032813
5 0.049219 0.250000 0.039062 0.075000
5 0.363281 0.186719 0.070312 0.092188
5 0.267969 0.675781 0.064062 0.039062
