3 0.425000 0.659375 0.031250 0.109375
3 0.315625 0.472656 0.106250 0.076563
3 0.270313 0.875781 0.025000 0.076563
3 0.029687 0.846875 0.040625 0.084375
3 0.014063 0.685156 0.028125 0.051562
3 0.127344 0.865625 0.045312 0.071875
3 0.090625 0.893750 0.046875 0.050000
4 0.139063 0.717187 0.043750 0.062500
5 0.138281 0.742188 0.057813 0.037500
4 0.137500 0.807031 0.062500 0.067187
4 0.013281 0.814063 0.026562 0.046875
5 0.054688 0.887500 0.028125 0.056250
4 0.277344 0.733594 0.035937 0.026562
2 0.092188 0.582812 0.081250 0.087500
2 0.013281 0.385156 0.026562 0.114062
4 0.180469 0.228125 0.120313 0.115625
4 0.284375 0.910937 0.053125 0.043750
4 0.608594 0.835938 0.104688 0.050000
4 0.596875 0.685156 0.046875 0.039062
4 0.541406 0.854688 0.051562 0.068750
5 0.766406 0.848437 0.095312 0.087500
4 0.973437 0.626563 0.053125 0.053125
5 0.891406 0.560156 0.048438 0.057813
3 0.889062 0.289062 0.043750 0.112500
5 0.955469 0.284375 0.089063 0.100000
2 0.707031 0.035937 0.095312 0.071875
5 0.658594 0.481250 0.079687 0.075000
