5 0.357812 0.487500 0.100000 0.140625
5 0.289844 0.403125 0.098437 0.090625
4 0.163281 0.482812 0.076563 0.075000
3 0.170313 0.614844 0.040625 0.051562
3 0.249219 0.651563 0.067187 0.062500
3 0.288281 0.446875 0.054688 0.093750
3 0.767969 0.791406 0.085938 0.107813
4 0.696875 0.862500 0.109375 0.106250
5 0.655469 0.456250 0.089063 0.103125
4 0.243750 0.168750 0.096875 0.100000
4 0.663281 0.732031 0.057813 0.051562
2 0.783594 0.950781 0.085938 0.032813
5 0.952344 0.250000 0.039062 0.075000
5 0.636719 0.186719 0.070312 0.092188
5 0.732031 0.675781 0.064062 0.039062
