3 0.563281 0.575000 0.089063 0.046875
3 0.611719 0.744531 0.089063 0.032813
3 0.263281 0.228125 0.135937 0.068750
3 0.044531 0.364844 0.082812 0.139063
3 0.460938 0.400000 0.071875 0.075000
3 0.383594 0.114062 0.092188 0.050000
4 0.328906 0.752344 0.070312 0.048438
4 0.245312 0.322656 0.118750 0.098437
4 0.139063 0.338281 0.128125 0.189062
4 0.088281 0.298438 0.082812 0.059375
4 0.064062 0.147656 0.109375 0.120313
4 0.078906 0.235937 0.076563 0.053125
4 0.297656 0.428906 0.042188 0.057813
3 0.073438 0.733594 0.131250 0.117188
5 0.252344 0.932813 0.098437 0.062500
4 0.350781 0.170313 0.060937 0.037500
5 0.178906 0.527344 0.129688 0.070312
5 0.405469 0.679688 0.073438 0.040625
