5 0.170313 0.379688 0.065625 0.071875
4 0.663281 0.300781 0.123438 0.085938
4 0.757812 0.184375 0.115625 0.081250
3 0.510156 0.362500 0.107813 0.109375
3 0.614844 0.439844 0.104688 0.060937
4 0.489844 0.557031 0.054688 0.057813
2 0.723437 0.625781 0.090625 0.101562
5 0.810156 0.685937 0.082812 0.062500
4 0.898438 0.662500 0.087500 0.050000
4 0.871094 0.337500 0.042188 0.046875
4 0.938281 0.307031 0.089063 0.057813
4 0.500000 0.015625 0.053125 0.031250
5 0.066406 0.274219 0.104688 0.151562
4 0.671875 0.986719 0.084375 0.026562
4 0.376563 0.408594 0.096875 0.079687
