3 0.530469 0.271094 0.057813 0.060937
4 0.721094 0.061719 0.054688 0.048438
3 0.432031 0.242969 0.110937 0.092188
3 0.277344 0.387500 0.048438 0.103125
3 0.151562 0.424219 0.081250 0.095312
3 0.185156 0.278125 0.092188 0.084375
3 0.260156 0.137500 0.098437 0.100000
3 0.357031 0.171094 0.085938 0.110937
5 0.431250 0.159375 0.071875 0.068750
5 0.924219 0.693750 0.104688 0.118750
5 0.521094 0.840625 0.048438 0.043750
3 0.324219 0.290625 0.104688 0.075000
4 0.465625 0.036719 0.115625 0.073438
4 0.564063 0.065625 0.075000 0.112500
