5 0.440625 0.363281 0.140625 0.107813
5 0.339062 0.335938 0.096875 0.103125
4 0.359375 0.192969 0.078125 0.079687
3 0.478906 0.147656 0.054688 0.045312
3 0.542969 0.203906 0.064062 0.070312
3 0.376563 0.317969 0.093750 0.060937
3 0.871094 0.607031 0.110937 0.092188
4 0.907031 0.516406 0.110937 0.114062
5 0.530469 0.639062 0.104688 0.093750
4 0.113281 0.386719 0.104688 0.101562
4 0.776563 0.537500 0.053125 0.059375
5 0.467187 0.980469 0.081250 0.039062
5 0.284375 0.729688 0.093750 0.075000
5 0.755469 0.620313 0.042188 0.062500
