5 0.110156 0.380469 0.045312 0.045312
3 0.153906 0.467969 0.067187 0.073438
3 0.182812 0.510156 0.056250 0.076563
3 0.300000 0.403125 0.031250 0.031250
3 0.287500 0.352344 0.040625 0.045312
5 0.367188 0.779687 0.075000 0.090625
3 0.259375 0.662500 0.078125 0.081250
5 0.285938 0.703906 0.043750 0.054688
5 0.103906 0.828906 0.076563 0.089063
2 0.136719 0.703906 0.045312 0.070312
5 0.227344 0.427344 0.042188 0.035937
5 0.342969 0.410156 0.023438 0.039062
5 0.343750 0.514844 0.015625 0.023438
3 0.351562 0.497656 0.040625 0.035937
3 0.410938 0.471094 0.043750 0.076563
3 0.434375 0.493750 0.046875 0.087500
5 0.443750 0.371094 0.018750 0.029687
3 0.515625 0.471875 0.040625 0.078125
5 0.489063 0.437500 0.025000 0.034375
5 0.458594 0.654687 0.032813 0.050000
5 0.457813 0.618750 0.025000 0.028125
3 0.500000 0.682031 0.050000 0.107813
3 0.566406 0.606250 0.032813 0.068750
3 0.536719 0.525781 0.054688 0.082812
2 0.670312 0.450000 0.059375 0.056250
2 0.707031 0.456250 0.029687 0.021875
2 0.646875 0.489063 0.031250 0.050000
5 0.607031 0.532031 0.048438 0.076563
5 0.550781 0.397656 0.023438 0.032813
2 0.564844 0.396094 0.023438 0.035937
3 0.639062 0.550781 0.034375 0.092188
5 0.775000 0.407813 0.031250 0.028125
5 0.772656 0.436719 0.023438 0.032813
2 0.827344 0.425000 0.092188 0.090625
3 0.873437 0.354687 0.043750 0.065625
5 0.860938 0.513281 0.034375 0.051562
5 0.836719 0.469531 0.057813 0.060937
3 0.892188 0.425781 0.075000 0.060937
3 0.983594 0.441406 0.029687 0.042188
3 0.957812 0.401562 0.075000 0.068750
5 0.905469 0.377344 0.045312 0.051562
5 0.976562 0.365625 0.025000 0.040625
