4 0.503125 0.510156 0.109375 0.098437
4 0.560937 0.949219 0.068750 0.054688
2 0.101562 0.587500 0.178125 0.109375
3 0.651563 0.313281 0.103125 0.092188
3 0.826562 0.725000 0.068750 0.071875
3 0.842187 0.842969 0.090625 0.048438
3 0.703906 0.582031 0.073438 0.067187
3 0.761719 0.164844 0.082812 0.042188
3 0.737500 0.110937 0.046875 0.043750
3 0.219531 0.338281 0.173437 0.139063
3 0.304688 0.552344 0.134375 0.123438
3 0.280469 0.891406 0.139063 0.120313
5 0.677344 0.832031 0.060937 0.082812
5 0.477344 0.637500 0.139063 0.081250
4 0.329688 0.448437 0.075000 0.056250
4 0.376563 0.476562 0.084375 0.059375
4 0.396094 0.557031 0.167187 0.170313
2 0.420312 0.345313 0.106250 0.068750
3 0.537500 0.417969 0.125000 0.048438
5 0.554688 0.509375 0.075000 0.075000
4 0.625781 0.361719 0.051562 0.035937
4 0.307812 0.317969 0.131250 0.110937
5 0.200000 0.100000 0.071875 0.053125
