4 0.532031 0.489844 0.110937 0.120313
4 0.960938 0.335156 0.050000 0.073438
2 0.700000 0.882812 0.125000 0.190625
3 0.299219 0.378906 0.104688 0.114062
3 0.682031 0.111719 0.079687 0.076563
3 0.798438 0.069531 0.056250 0.095312
3 0.563281 0.269531 0.073438 0.079687
3 0.125000 0.300000 0.050000 0.087500
3 0.074219 0.335938 0.048438 0.050000
3 0.418750 0.817969 0.156250 0.189062
3 0.617969 0.683594 0.135937 0.148438
3 0.952344 0.632812 0.095312 0.150000
5 0.825000 0.240625 0.090625 0.068750
5 0.670312 0.489063 0.093750 0.150000
4 0.506250 0.681250 0.062500 0.081250
4 0.527344 0.626563 0.067187 0.090625
4 0.603125 0.589063 0.187500 0.184375
2 0.383594 0.610156 0.079687 0.114062
3 0.432031 0.475000 0.057813 0.131250
5 0.519531 0.435937 0.082812 0.084375
4 0.355469 0.397656 0.042188 0.057813
4 0.379688 0.730469 0.125000 0.145313
5 0.179688 0.889062 0.059375 0.078125
