5 0.692969 0.425781 0.073438 0.070312
3 0.789062 0.755469 0.131250 0.070312
4 0.450781 0.767969 0.092188 0.070312
3 0.290625 0.827344 0.071875 0.079687
5 0.210938 0.892969 0.062500 0.060937
4 0.671875 0.562500 0.125000 0.087500
2 0.747656 0.526563 0.079687 0.096875
4 0.808594 0.418750 0.073438 0.053125
3 0.753125 0.257031 0.081250 0.110937
3 0.565625 0.389062 0.053125 0.056250
3 0.510156 0.332031 0.073438 0.082812
3 0.509375 0.231250 0.084375 0.081250
3 0.618750 0.271094 0.112500 0.092188
3 0.612500 0.137500 0.071875 0.040625
5 0.614062 0.331250 0.078125 0.056250
