3 0.552344 0.264844 0.054688 0.057813
4 0.456250 0.004687 0.050000 0.009375
3 0.657813 0.278906 0.109375 0.085938
3 0.742188 0.479687 0.040625 0.106250
3 0.845313 0.567187 0.078125 0.093750
3 0.875781 0.414844 0.089063 0.079687
3 0.864062 0.250781 0.093750 0.095312
3 0.757812 0.242969 0.081250 0.110937
5 0.692969 0.200000 0.067187 0.065625
5 0.025781 0.500781 0.051562 0.110937
5 0.321094 0.804688 0.048438 0.040625
3 0.738281 0.368750 0.104688 0.068750
4 0.716406 0.063281 0.107813 0.082812
4 0.606250 0.060156 0.065625 0.104688
