3 0.514844 0.292187 0.048438 0.053125
4 0.370312 0.028906 0.050000 0.051562
3 0.621875 0.285938 0.103125 0.075000
3 0.743750 0.467969 0.028125 0.104688
3 0.862500 0.535156 0.068750 0.085938
3 0.862500 0.378906 0.084375 0.073438
3 0.819531 0.219531 0.085938 0.089063
3 0.712500 0.230469 0.068750 0.104688
5 0.640625 0.200781 0.062500 0.057813
5 0.032031 0.627344 0.057813 0.107813
5 0.389844 0.869531 0.045312 0.035937
3 0.717969 0.357812 0.098437 0.059375
4 0.637500 0.049219 0.103125 0.098437
4 0.527344 0.075781 0.054688 0.107813
