5 0.147656 0.571875 0.064062 0.068750
4 0.583594 0.748437 0.117188 0.081250
4 0.647656 0.876563 0.110937 0.078125
3 0.455469 0.660156 0.104688 0.104688
3 0.569531 0.611719 0.098437 0.057813
4 0.479687 0.475781 0.053125 0.054688
2 0.708594 0.463281 0.089063 0.098437
5 0.803125 0.425781 0.081250 0.060937
3 0.855469 0.074219 0.142187 0.082812
4 0.877344 0.465625 0.082812 0.050000
4 0.783594 0.758594 0.039062 0.045312
4 0.837500 0.801562 0.084375 0.056250
4 0.375000 0.976562 0.050000 0.031250
5 0.039062 0.646094 0.078125 0.145313
4 0.742188 0.103125 0.081250 0.059375
4 0.342969 0.589063 0.092188 0.075000
