4 0.552344 0.515625 0.032813 0.043750
4 0.445312 0.625000 0.068750 0.068750
5 0.533594 0.708594 0.104688 0.114062
4 0.608594 0.739062 0.039062 0.046875
4 0.446875 0.878906 0.103125 0.101562
5 0.644531 0.971094 0.057813 0.057813
5 0.866406 0.970313 0.070312 0.050000
2 0.764062 0.970313 0.062500 0.059375
3 0.712500 0.911719 0.043750 0.035937
3 0.899219 0.825781 0.060937 0.064062
3 0.847656 0.887500 0.095312 0.078125
2 0.950000 0.632812 0.046875 0.065625
3 0.920312 0.429688 0.040625 0.031250
3 0.810937 0.435937 0.025000 0.021875
3 0.992969 0.314844 0.014063 0.026562
5 0.683594 0.534375 0.042188 0.040625
5 0.360938 0.450000 0.100000 0.081250
3 0.208594 0.432031 0.054688 0.048438
4 0.238281 0.691406 0.045312 0.048438
4 0.314844 0.730469 0.042188 0.042188
