3 0.807813 0.519531 0.090625 0.139063
3 0.850781 0.510938 0.104688 0.137500
3 0.820312 0.339062 0.062500 0.103125
3 0.590625 0.681250 0.162500 0.156250
3 0.352344 0.944531 0.164062 0.098437
3 0.275781 0.863281 0.085938 0.148438
3 0.114062 0.815625 0.153125 0.146875
3 0.047656 0.814844 0.095312 0.139063
3 0.031250 0.599219 0.062500 0.117188
3 0.113281 0.346094 0.067187 0.129688
3 0.157812 0.400781 0.106250 0.145313
3 0.142187 0.506250 0.115625 0.162500
3 0.200000 0.601562 0.159375 0.118750
3 0.139844 0.656250 0.164062 0.137500
3 0.109375 0.732031 0.125000 0.107813
3 0.363281 0.563281 0.076563 0.092188
3 0.406250 0.510938 0.090625 0.068750
3 0.432031 0.778125 0.085938 0.103125
3 0.512500 0.767969 0.059375 0.117188
3 0.730469 0.619531 0.073438 0.070312
3 0.876563 0.373437 0.046875 0.059375
3 0.817969 0.678125 0.089063 0.106250
3 0.950000 0.390625 0.053125 0.084375
3 0.746875 0.739844 0.056250 0.076563
2 0.617969 0.896875 0.126562 0.134375
2 0.888281 0.670312 0.098437 0.121875
2 0.940625 0.100000 0.103125 0.053125
2 0.011719 0.709375 0.023438 0.143750
2 0.487500 0.732812 0.065625 0.090625
4 0.510156 0.548438 0.076563 0.071875
3 0.259375 0.767969 0.115625 0.089063
5 0.353125 0.292187 0.062500 0.059375
5 0.571094 0.454688 0.104688 0.096875
2 0.456250 0.442188 0.037500 0.037500
2 0.939844 0.282031 0.067187 0.067187
3 0.475781 0.372656 0.057813 0.085938
5 0.251563 0.412500 0.062500 0.062500
5 0.698438 0.758594 0.075000 0.079687
5 0.912500 0.752344 0.053125 0.073438
4 0.515625 0.618750 0.050000 0.059375
5 0.375781 0.828906 0.067187 0.067187
4 0.977344 0.500781 0.045312 0.104688
2 0.731250 0.137500 0.037500 0.037500
2 0.158594 0.309375 0.048438 0.062500
