3 0.917969 0.035156 0.039062 0.070312
2 0.549219 0.257031 0.054688 0.057813
3 0.369531 0.306250 0.035937 0.028125
3 0.263281 0.208594 0.026562 0.026562
4 0.420312 0.116406 0.034375 0.023438
5 0.432812 0.376563 0.025000 0.015625
5 0.581250 0.406250 0.056250 0.050000
4 0.616406 0.351562 0.029687 0.053125
4 0.574219 0.346875 0.045312 0.062500
5 0.802344 0.506250 0.104688 0.125000
4 0.835938 0.412500 0.050000 0.046875
4 0.596875 0.580469 0.043750 0.035937
4 0.894531 0.670312 0.104688 0.090625
4 0.839063 0.175781 0.071875 0.032813
4 0.757812 0.055469 0.087500 0.089063
4 0.872656 0.081250 0.070312 0.059375
