5 0.362500 0.141406 0.040625 0.042188
3 0.445312 0.179688 0.068750 0.062500
3 0.485156 0.204687 0.070312 0.050000
3 0.389844 0.317969 0.029687 0.029687
3 0.340625 0.307812 0.040625 0.037500
5 0.745313 0.369531 0.084375 0.067187
3 0.630469 0.271875 0.073438 0.071875
5 0.671875 0.296094 0.050000 0.039062
5 0.783594 0.119531 0.082812 0.070312
2 0.667188 0.154688 0.065625 0.040625
5 0.525781 0.008594 0.032813 0.017188
5 0.408594 0.249219 0.032813 0.039062
5 0.396094 0.358594 0.035937 0.020313
5 0.496094 0.355469 0.020313 0.014063
3 0.479687 0.362500 0.031250 0.037500
3 0.457813 0.420312 0.071875 0.037500
3 0.479687 0.442969 0.081250 0.042188
5 0.364844 0.454688 0.026562 0.018750
3 0.460938 0.519531 0.075000 0.035937
5 0.428906 0.495312 0.029687 0.021875
5 0.631250 0.458594 0.046875 0.029687
5 0.596094 0.459375 0.026562 0.025000
3 0.657813 0.498437 0.100000 0.043750
3 0.588281 0.562500 0.064062 0.028125
3 0.511719 0.536719 0.076563 0.048438
2 0.446094 0.666406 0.051562 0.054688
2 0.452344 0.700000 0.020313 0.028125
2 0.482031 0.640625 0.045312 0.028125
5 0.521094 0.601562 0.070312 0.043750
5 0.392969 0.554688 0.029687 0.021875
2 0.391406 0.567969 0.032813 0.020313
3 0.539062 0.632812 0.087500 0.031250
5 0.409375 0.765625 0.028125 0.031250
5 0.436719 0.761719 0.029687 0.020313
2 0.427344 0.813281 0.082812 0.085938
3 0.363281 0.859375 0.060937 0.040625
5 0.510938 0.842969 0.050000 0.029687
5 0.469531 0.821094 0.054688 0.051562
3 0.429688 0.875000 0.056250 0.068750
3 0.446094 0.972656 0.042188 0.051562
3 0.410938 0.939063 0.062500 0.071875
5 0.384375 0.889844 0.046875 0.042188
5 0.375781 0.957812 0.035937 0.025000
