3 0.533594 0.527344 0.060937 0.054688
3 0.702344 0.544531 0.104688 0.073438
3 0.894531 0.654687 0.070312 0.062500
3 0.953906 0.621875 0.039062 0.053125
3 0.690625 0.125000 0.150000 0.112500
3 0.553125 0.210938 0.059375 0.159375
3 0.425781 0.577344 0.064062 0.064062
3 0.452344 0.617969 0.054688 0.064062
4 0.122656 0.322656 0.067187 0.067187
5 0.323437 0.478125 0.050000 0.084375
4 0.507031 0.282813 0.120313 0.181250
5 0.565625 0.436719 0.062500 0.079687
3 0.507812 0.408594 0.050000 0.045312
3 0.696875 0.405469 0.090625 0.120313
4 0.608594 0.365625 0.098437 0.106250
4 0.595313 0.281250 0.053125 0.075000
2 0.743750 0.278125 0.087500 0.109375
4 0.793750 0.189062 0.093750 0.162500
5 0.960938 0.125000 0.078125 0.100000
2 0.516406 0.035156 0.092188 0.070312
3 0.242969 0.058594 0.145313 0.117188
5 0.392188 0.289844 0.103125 0.160938
