3 0.117188 0.714063 0.071875 0.084375
3 0.147656 0.923438 0.095312 0.053125
3 0.452344 0.930469 0.042188 0.051562
3 0.721094 0.682813 0.060937 0.053125
5 0.403906 0.578125 0.054688 0.040625
5 0.344531 0.454688 0.054688 0.040625
5 0.424219 0.500781 0.104688 0.129688
3 0.122656 0.353906 0.060937 0.060937
4 0.286719 0.812500 0.114062 0.087500
4 0.005469 0.597656 0.010937 0.076563
3 0.418750 0.368750 0.037500 0.037500
3 0.182031 0.160938 0.076563 0.046875
5 0.145313 0.022656 0.121875 0.045312
5 0.337500 0.223438 0.059375 0.065625
