5 0.875781 0.339844 0.045312 0.045312
3 0.838281 0.432031 0.067187 0.073438
3 0.810937 0.478125 0.053125 0.075000
3 0.685156 0.377344 0.029687 0.029687
3 0.693750 0.324219 0.040625 0.045312
5 0.643750 0.766406 0.071875 0.089063
3 0.743750 0.638281 0.075000 0.076563
5 0.720313 0.682813 0.040625 0.053125
5 0.915625 0.797656 0.071875 0.089063
2 0.872656 0.673438 0.042188 0.071875
5 0.760938 0.394531 0.040625 0.035937
5 0.642188 0.386719 0.021875 0.039062
5 0.647656 0.492969 0.014063 0.023438
3 0.639844 0.476562 0.039062 0.034375
3 0.577344 0.453906 0.039062 0.076563
3 0.554688 0.479687 0.043750 0.087500
5 0.536719 0.355469 0.017188 0.029687
3 0.469531 0.461719 0.035937 0.079687
5 0.494531 0.425781 0.023438 0.032813
5 0.541406 0.644531 0.029687 0.048438
5 0.539844 0.607812 0.023438 0.028125
3 0.499219 0.676562 0.045312 0.109375
3 0.427344 0.603125 0.029687 0.068750
3 0.452344 0.517969 0.048438 0.082812
2 0.309375 0.451562 0.056250 0.053125
2 0.274219 0.460156 0.029687 0.020313
2 0.337500 0.489844 0.028125 0.048438
5 0.382031 0.529687 0.045312 0.075000
5 0.428906 0.388281 0.020313 0.032813
2 0.414062 0.389844 0.021875 0.035937
3 0.348438 0.552344 0.028125 0.095312
5 0.201563 0.415625 0.031250 0.028125
5 0.205469 0.444531 0.020313 0.032813
2 0.149219 0.435937 0.089063 0.087500
3 0.097656 0.368750 0.042188 0.065625
5 0.120313 0.530469 0.031250 0.051562
5 0.142187 0.482812 0.053125 0.059375
3 0.082812 0.442969 0.071875 0.057813
3 0.025781 0.423438 0.048438 0.062500
5 0.065625 0.394531 0.043750 0.051562
