2 0.681250 0.960938 0.065625 0.068750
2 0.972656 0.755469 0.054688 0.064062
5 0.971094 0.854688 0.057813 0.078125
5 0.975000 0.650000 0.050000 0.050000
5 0.700781 0.533594 0.129688 0.089063
5 0.428906 0.332813 0.079687 0.096875
4 0.852344 0.242188 0.060937 0.050000
4 0.757812 0.342969 0.034375 0.048438
4 0.677344 0.353125 0.073438 0.053125
4 0.642188 0.475781 0.071875 0.073438
4 0.528906 0.572656 0.054688 0.032813
5 0.522656 0.660156 0.035937 0.039062
3 0.405469 0.914062 0.045312 0.034375
4 0.393750 0.814844 0.025000 0.029687
4 0.716406 0.605469 0.042188 0.035937
3 0.886719 0.711719 0.070312 0.067187
4 0.869531 0.439844 0.095312 0.098437
3 0.504687 0.266406 0.053125 0.070312
3 0.478906 0.369531 0.045312 0.039062
4 0.814063 0.927344 0.059375 0.089063
3 0.884375 0.876563 0.050000 0.103125
5 0.971875 0.188281 0.037500 0.057813
