3 0.940625 0.910156 0.093750 0.079687
3 0.997656 0.739062 0.004687 0.084375
3 0.861719 0.300000 0.039062 0.034375
4 0.386719 0.814063 0.076563 0.128125
4 0.133594 0.599219 0.039062 0.042188
4 0.253906 0.706250 0.042188 0.053125
5 0.317188 0.407031 0.118750 0.092188
4 0.478906 0.435156 0.029687 0.048438
5 0.640625 0.453906 0.040625 0.039062
2 0.824219 0.485156 0.048438 0.057813
4 0.749219 0.339062 0.017188 0.025000
4 0.596875 0.710156 0.037500 0.042188
3 0.754687 0.946094 0.034375 0.048438
5 0.521094 0.679688 0.104688 0.112500
3 0.911719 0.824219 0.079687 0.073438
4 0.813281 0.713281 0.029687 0.064062
5 0.089063 0.958594 0.043750 0.073438
