5 0.732031 0.446875 0.139063 0.100000
5 0.435156 0.635156 0.089063 0.104688
4 0.869531 0.760938 0.067187 0.056250
4 0.778906 0.648438 0.039062 0.050000
4 0.696094 0.633594 0.079687 0.060937
4 0.667188 0.502344 0.078125 0.079687
4 0.556250 0.394531 0.059375 0.039062
5 0.555469 0.302344 0.039062 0.042188
3 0.452344 0.030469 0.048438 0.039062
4 0.434375 0.130469 0.028125 0.032813
4 0.754687 0.373437 0.043750 0.040625
3 0.939844 0.274219 0.076563 0.073438
4 0.901563 0.556250 0.106250 0.109375
3 0.509375 0.710156 0.059375 0.076563
3 0.489844 0.602344 0.051562 0.045312
4 0.877344 0.064062 0.064062 0.059375
3 0.949219 0.103906 0.060937 0.110937
