5 0.411719 0.060937 0.132812 0.118750
5 0.037500 0.205469 0.075000 0.101562
4 0.275781 0.246094 0.054688 0.054688
4 0.410156 0.260937 0.104688 0.106250
4 0.460156 0.331250 0.101562 0.062500
4 0.553125 0.553906 0.059375 0.064062
3 0.532031 0.613281 0.079687 0.079687
3 0.278125 0.522656 0.146875 0.051562
3 0.072656 0.571094 0.089063 0.123438
3 0.558594 0.863281 0.082812 0.039062
3 0.479687 0.876563 0.087500 0.046875
3 0.407031 0.929688 0.073438 0.115625
3 0.409375 0.859375 0.040625 0.050000
3 0.450000 0.740625 0.043750 0.068750
3 0.552344 0.799219 0.073438 0.035937
3 0.581250 0.727344 0.062500 0.039062
3 0.590625 0.753906 0.053125 0.042188
5 0.593750 0.806250 0.053125 0.034375
2 0.285156 0.680469 0.092188 0.067187
2 0.116406 0.839063 0.126562 0.065625
4 0.403125 0.768750 0.059375 0.046875
4 0.526563 0.818750 0.037500 0.031250
4 0.518750 0.734375 0.062500 0.075000
4 0.408594 0.592187 0.032813 0.046875
