3 0.571094 0.814844 0.082812 0.054688
3 0.722656 0.579688 0.129688 0.059375
4 0.707031 0.485156 0.048438 0.048438
4 0.532031 0.468750 0.073438 0.109375
4 0.725781 0.822656 0.039062 0.051562
3 0.975781 0.757031 0.048438 0.123438
3 0.640625 0.971094 0.056250 0.039062
4 0.677344 0.956250 0.082812 0.065625
4 0.771094 0.940625 0.070312 0.050000
5 0.744531 0.952344 0.051562 0.054688
2 0.927344 0.947656 0.073438 0.029687
4 0.501563 0.827344 0.046875 0.045312
5 0.910937 0.406250 0.118750 0.081250
5 0.771094 0.196094 0.054688 0.051562
5 0.396875 0.125000 0.075000 0.121875
5 0.500781 0.348438 0.117188 0.128125
