4 0.444531 0.500781 0.129688 0.120313
4 0.448437 0.028125 0.081250 0.056250
2 0.887500 0.478125 0.203125 0.140625
3 0.255469 0.689844 0.123438 0.114062
3 0.130469 0.222656 0.082812 0.085938
3 0.130469 0.092188 0.101562 0.062500
3 0.240625 0.394531 0.087500 0.079687
3 0.116406 0.832031 0.092188 0.057813
3 0.133594 0.893750 0.054688 0.053125
3 0.725000 0.728906 0.203125 0.173437
3 0.664844 0.486719 0.160938 0.151562
3 0.742188 0.125781 0.162500 0.145313
5 0.307031 0.129688 0.076563 0.096875
5 0.492969 0.367188 0.157812 0.106250
4 0.621875 0.593750 0.087500 0.071875
4 0.576562 0.556250 0.096875 0.075000
4 0.567969 0.467187 0.201563 0.203125
2 0.510156 0.689844 0.120313 0.089063
3 0.395313 0.594531 0.137500 0.070312
5 0.389062 0.493750 0.090625 0.090625
4 0.291406 0.641406 0.060937 0.045312
4 0.626563 0.735156 0.156250 0.139063
5 0.707812 0.975781 0.084375 0.048438
