5 0.646875 0.529687 0.090625 0.134375
5 0.705469 0.618750 0.092188 0.084375
4 0.840625 0.550781 0.071875 0.070312
3 0.843750 0.419531 0.037500 0.048438
3 0.768750 0.375781 0.062500 0.057813
3 0.711719 0.575000 0.048438 0.090625
3 0.264062 0.190625 0.078125 0.103125
4 0.340625 0.125000 0.103125 0.096875
5 0.346875 0.534375 0.081250 0.096875
4 0.732812 0.855469 0.090625 0.095312
4 0.363281 0.259375 0.054688 0.046875
2 0.261719 0.027344 0.085938 0.029687
5 0.032031 0.715625 0.039062 0.071875
5 0.341406 0.804688 0.064062 0.087500
5 0.289844 0.307812 0.060937 0.034375
