3 0.374219 0.442188 0.079687 0.090625
3 0.360938 0.621875 0.081250 0.059375
3 0.406250 0.787500 0.078125 0.075000
3 0.482812 0.528125 0.037500 0.112500
3 0.500000 0.648438 0.096875 0.068750
3 0.487500 0.779687 0.056250 0.115625
3 0.593750 0.733594 0.081250 0.064062
5 0.569531 0.811719 0.060937 0.048438
3 0.704688 0.732031 0.046875 0.064062
4 0.603906 0.952344 0.107813 0.089063
4 0.842969 0.166406 0.045312 0.032813
3 0.113281 0.079687 0.073438 0.075000
4 0.729688 0.934375 0.071875 0.081250
5 0.621094 0.860938 0.307812 0.053125
