5 0.187500 0.730469 0.075000 0.089063
5 0.307031 0.789844 0.095312 0.101562
4 0.049219 0.783594 0.098437 0.117188
3 0.328125 0.893750 0.090625 0.103125
4 0.535156 0.550000 0.051562 0.037500
3 0.733594 0.725000 0.039062 0.034375
5 0.653125 0.457813 0.056250 0.053125
5 0.588281 0.401562 0.110937 0.146875
4 0.789844 0.467969 0.029687 0.026562
4 0.073438 0.430469 0.137500 0.107813
2 0.185938 0.557031 0.093750 0.067187
4 0.236719 0.347656 0.104688 0.073438
4 0.283594 0.270313 0.098437 0.075000
5 0.328906 0.278906 0.070312 0.082812
3 0.275000 0.352344 0.081250 0.107813
4 0.144531 0.432812 0.051562 0.046875
5 0.382812 0.600781 0.084375 0.089063
