3 0.396875 0.039062 0.034375 0.043750
4 0.402344 0.156250 0.023438 0.018750
2 0.610156 0.054688 0.070312 0.053125
5 0.516406 0.298438 0.045312 0.043750
3 0.849219 0.094531 0.082812 0.067187
3 0.942969 0.281250 0.082812 0.050000
3 0.940625 0.107813 0.084375 0.096875
4 0.719531 0.382812 0.048438 0.043750
5 0.681250 0.454688 0.121875 0.115625
4 0.815625 0.565625 0.121875 0.100000
4 0.478125 0.442188 0.043750 0.034375
4 0.683594 0.688281 0.054688 0.042188
4 0.617969 0.771875 0.048438 0.043750
5 0.876563 0.845313 0.093750 0.062500
5 0.413281 0.619531 0.070312 0.085938
3 0.371875 0.792969 0.053125 0.054688
