3 0.911719 0.078906 0.107813 0.054688
2 0.622656 0.293750 0.054688 0.056250
3 0.440625 0.285156 0.034375 0.026562
3 0.371875 0.163281 0.025000 0.026562
4 0.545312 0.124219 0.034375 0.023438
5 0.478906 0.370312 0.023438 0.015625
5 0.607812 0.442188 0.053125 0.046875
4 0.657031 0.401562 0.029687 0.050000
4 0.620313 0.385156 0.043750 0.060937
5 0.782813 0.602344 0.100000 0.123438
4 0.842969 0.526563 0.048438 0.046875
4 0.571094 0.610156 0.042188 0.035937
4 0.973437 0.075781 0.053125 0.020313
4 0.819531 0.782813 0.101562 0.087500
4 0.917969 0.305469 0.070312 0.032813
4 0.878906 0.170313 0.085938 0.087500
4 0.971094 0.228906 0.057813 0.057813
