4 0.502344 0.421094 0.048438 0.039062
4 0.650000 0.498437 0.081250 0.081250
5 0.708594 0.378906 0.132812 0.123438
4 0.716406 0.291406 0.054688 0.045312
4 0.913281 0.415625 0.117188 0.118750
5 0.932813 0.182031 0.040625 0.060937
2 0.900781 0.055469 0.054688 0.070312
3 0.861719 0.128125 0.042188 0.050000
3 0.796094 0.024219 0.092188 0.048438
3 0.293750 0.064844 0.037500 0.045312
3 0.335156 0.176563 0.026562 0.028125
5 0.478906 0.279687 0.048438 0.050000
5 0.492969 0.642969 0.098437 0.117188
3 0.524219 0.807813 0.057813 0.062500
4 0.785156 0.694531 0.054688 0.051562
4 0.800781 0.600000 0.051562 0.050000
