5 0.671094 0.835938 0.076563 0.071875
4 0.696875 0.348438 0.093750 0.125000
4 0.800781 0.243750 0.089063 0.118750
3 0.653125 0.503125 0.115625 0.115625
3 0.567969 0.408594 0.067187 0.104688
4 0.465625 0.542969 0.059375 0.057813
2 0.375781 0.322656 0.107813 0.098437
5 0.308594 0.242969 0.067187 0.085938
4 0.322656 0.156250 0.057813 0.087500
4 0.640625 0.150000 0.050000 0.043750
4 0.663281 0.082031 0.064062 0.089063
4 0.986719 0.476562 0.026562 0.053125
5 0.781250 0.916406 0.150000 0.098437
4 0.023438 0.409375 0.046875 0.087500
4 0.622656 0.637500 0.085938 0.100000
