5 0.792188 0.311719 0.078125 0.060937
5 0.813281 0.437500 0.085938 0.081250
4 0.885938 0.179688 0.093750 0.131250
3 0.983594 0.432031 0.032813 0.098437
3 0.902344 0.485938 0.089063 0.075000
4 0.532813 0.577344 0.031250 0.045312
3 0.635938 0.806250 0.028125 0.034375
5 0.417187 0.657813 0.043750 0.046875
5 0.385156 0.583594 0.129688 0.085938
4 0.389062 0.785156 0.021875 0.026562
4 0.552344 0.127344 0.085938 0.120313
2 0.638281 0.264062 0.051562 0.081250
5 0.701562 0.048438 0.065625 0.075000
4 0.432812 0.251563 0.056250 0.093750
4 0.350000 0.271875 0.059375 0.084375
5 0.346094 0.316406 0.070312 0.057813
3 0.427344 0.286719 0.095312 0.064062
4 0.535937 0.192188 0.037500 0.043750
5 0.622656 0.453906 0.076563 0.070312
4 0.040625 0.236719 0.053125 0.104688
