3 0.956250 0.839063 0.040625 0.103125
3 0.875000 0.982031 0.109375 0.035937
2 0.708594 0.588281 0.051562 0.048438
3 0.692187 0.409375 0.021875 0.031250
3 0.801562 0.325000 0.021875 0.021875
4 0.862500 0.489063 0.018750 0.031250
5 0.614062 0.457813 0.012500 0.021875
5 0.561719 0.592187 0.042188 0.046875
4 0.607812 0.634375 0.046875 0.021875
4 0.618750 0.597656 0.056250 0.035937
5 0.432031 0.785937 0.110937 0.084375
4 0.513281 0.832812 0.039062 0.040625
4 0.395313 0.579688 0.028125 0.037500
4 0.977344 0.905469 0.032813 0.064062
4 0.259375 0.845313 0.075000 0.090625
4 0.736719 0.875000 0.023438 0.065625
4 0.863281 0.818750 0.076563 0.075000
4 0.819531 0.922656 0.048438 0.060937
