5 0.403906 0.685156 0.064062 0.067187
3 0.717969 0.821094 0.054688 0.126562
4 0.771094 0.486719 0.060937 0.085938
3 0.849219 0.335156 0.073438 0.064062
5 0.925781 0.264844 0.054688 0.057813
4 0.541406 0.680469 0.073438 0.117188
2 0.496094 0.752344 0.089063 0.070312
4 0.382031 0.800000 0.045312 0.068750
3 0.228906 0.725000 0.104688 0.068750
3 0.382031 0.555469 0.051562 0.048438
3 0.332031 0.493750 0.076563 0.065625
3 0.232031 0.480469 0.073438 0.076563
3 0.258594 0.592969 0.079687 0.104688
3 0.127344 0.570312 0.032813 0.068750
5 0.317969 0.596094 0.048438 0.073438
5 0.091406 0.985156 0.051562 0.029687
