3 0.374219 0.184375 0.135937 0.090625
3 0.348438 0.149219 0.134375 0.104688
3 0.209375 0.247656 0.103125 0.064062
3 0.607812 0.310156 0.153125 0.160938
3 0.943750 0.409375 0.112500 0.165625
3 0.897656 0.513281 0.145313 0.085938
3 0.923438 0.675781 0.143750 0.151562
3 0.942187 0.741406 0.115625 0.110937
3 0.773438 0.855469 0.115625 0.095312
3 0.507031 0.871094 0.126562 0.067187
3 0.536719 0.809375 0.142187 0.106250
3 0.637500 0.778906 0.159375 0.114062
3 0.697656 0.689844 0.120313 0.157812
3 0.771094 0.719531 0.135937 0.160938
3 0.851562 0.715625 0.106250 0.121875
3 0.595313 0.559375 0.090625 0.075000
3 0.532031 0.543750 0.067187 0.090625
3 0.757031 0.409375 0.101562 0.087500
3 0.716406 0.342969 0.117188 0.060937
3 0.495312 0.210938 0.068750 0.071875
3 0.215625 0.182031 0.059375 0.045312
3 0.510156 0.108594 0.104688 0.089063
3 0.200000 0.110937 0.081250 0.053125
3 0.592969 0.147656 0.073438 0.054688
2 0.786719 0.196094 0.132812 0.126562
2 0.475781 0.051562 0.120313 0.096875
2 0.889062 0.855469 0.146875 0.120313
2 0.695312 0.380469 0.090625 0.067187
2 0.882812 0.025781 0.050000 0.051562
4 0.523438 0.435156 0.071875 0.076563
3 0.821094 0.566406 0.089063 0.114062
5 0.360938 0.679688 0.059375 0.059375
5 0.413281 0.420312 0.095312 0.103125
2 0.450000 0.527344 0.037500 0.035937
2 0.109375 0.165625 0.065625 0.065625
3 0.380469 0.539062 0.082812 0.056250
5 0.508594 0.721094 0.064062 0.064062
5 0.631250 0.182812 0.081250 0.075000
5 0.534375 0.010156 0.071875 0.020313
4 0.583594 0.402344 0.060937 0.048438
5 0.825781 0.439063 0.064062 0.065625
4 0.286719 0.046094 0.098437 0.039062
2 0.067187 0.409375 0.037500 0.037500
2 0.456250 0.846094 0.062500 0.048438
