3 0.217969 0.198437 0.064062 0.078125
3 0.308594 0.020313 0.092188 0.040625
3 0.585938 0.101562 0.037500 0.046875
3 0.757031 0.406250 0.054688 0.046875
5 0.438281 0.406250 0.051562 0.037500
5 0.347656 0.501563 0.051562 0.037500
5 0.434375 0.483594 0.093750 0.120313
3 0.117188 0.528125 0.056250 0.056250
4 0.401562 0.160156 0.106250 0.076563
4 0.054688 0.264844 0.065625 0.073438
3 0.390625 0.603125 0.034375 0.034375
3 0.115625 0.720313 0.071875 0.040625
5 0.042188 0.867969 0.084375 0.110937
5 0.273438 0.710156 0.053125 0.060937
