3 0.659375 0.399219 0.112500 0.048438
3 0.458594 0.321094 0.092188 0.117188
3 0.849219 0.213281 0.079687 0.035937
3 0.621875 0.003906 0.056250 0.007812
3 0.817187 0.073438 0.078125 0.056250
3 0.840625 0.033594 0.056250 0.054688
4 0.671875 0.107813 0.068750 0.053125
5 0.697656 0.103125 0.045312 0.062500
4 0.760156 0.092188 0.076563 0.071875
5 0.826562 0.007031 0.059375 0.014063
4 0.710938 0.241406 0.031250 0.039062
2 0.532031 0.082812 0.098437 0.093750
2 0.324219 0.036719 0.117188 0.045312
4 0.196094 0.225000 0.132812 0.137500
4 0.886719 0.220312 0.051562 0.059375
4 0.864062 0.552344 0.065625 0.110937
4 0.713281 0.564063 0.045312 0.053125
4 0.871094 0.483594 0.076563 0.060937
5 0.899219 0.705469 0.101562 0.107813
4 0.713281 0.946094 0.060937 0.060937
5 0.635156 0.876563 0.064062 0.056250
3 0.367969 0.916406 0.117188 0.060937
5 0.371875 0.964844 0.112500 0.070312
2 0.082031 0.777344 0.101562 0.107813
5 0.522656 0.657813 0.085938 0.090625
