5 0.278125 0.178125 0.046875 0.046875
3 0.374219 0.195312 0.073438 0.068750
3 0.422656 0.210156 0.076563 0.057813
3 0.355469 0.350781 0.032813 0.032813
3 0.302344 0.353906 0.045312 0.042188
5 0.732812 0.306250 0.090625 0.075000
3 0.589063 0.238281 0.081250 0.079687
5 0.636719 0.250781 0.054688 0.045312
5 0.701562 0.042188 0.090625 0.078125
2 0.592969 0.108594 0.070312 0.045312
5 0.356250 0.275781 0.037500 0.042188
5 0.373437 0.390625 0.040625 0.025000
5 0.473438 0.360938 0.021875 0.015625
3 0.458594 0.371875 0.035937 0.040625
3 0.452344 0.436719 0.076563 0.045312
3 0.480469 0.453125 0.085938 0.046875
5 0.365625 0.497656 0.028125 0.020313
3 0.482812 0.537500 0.078125 0.040625
5 0.443750 0.521875 0.034375 0.025000
5 0.639062 0.428125 0.050000 0.031250
5 0.604688 0.439063 0.028125 0.025000
3 0.678906 0.462500 0.107813 0.050000
3 0.625000 0.546094 0.068750 0.032813
3 0.540625 0.541406 0.084375 0.054688
2 0.507031 0.691406 0.057813 0.060937
2 0.522656 0.723437 0.023438 0.031250
2 0.537500 0.656250 0.050000 0.031250
5 0.565625 0.605469 0.075000 0.048438
5 0.421875 0.591406 0.034375 0.023438
2 0.426563 0.605469 0.037500 0.023438
3 0.594531 0.630469 0.092188 0.035937
5 0.497656 0.801562 0.029687 0.031250
5 0.523438 0.791406 0.034375 0.023438
2 0.528906 0.846094 0.092188 0.092188
3 0.475000 0.910937 0.065625 0.043750
5 0.622656 0.852344 0.051562 0.035937
5 0.574219 0.842969 0.060937 0.057813
3 0.549219 0.907813 0.060937 0.075000
3 0.589844 0.985938 0.039062 0.018750
3 0.543750 0.969531 0.065625 0.060937
5 0.506250 0.935156 0.053125 0.045312
5 0.513281 0.996094 0.039062 0.007812
