3 0.800781 0.382031 0.064062 0.089063
3 0.539844 0.255469 0.076563 0.135937
4 0.445312 0.284375 0.053125 0.053125
4 0.450000 0.465625 0.118750 0.087500
4 0.789062 0.222656 0.056250 0.045312
3 0.948438 0.290625 0.043750 0.062500
4 0.928906 0.256250 0.073438 0.090625
4 0.902344 0.160156 0.057813 0.076563
5 0.916406 0.186719 0.057813 0.057813
2 0.889062 0.018750 0.034375 0.037500
4 0.821875 0.450781 0.050000 0.051562
5 0.338281 0.084375 0.095312 0.128125
5 0.140625 0.253906 0.059375 0.060937
5 0.114062 0.646875 0.131250 0.090625
5 0.329688 0.510938 0.143750 0.134375
