5 0.256250 0.251563 0.068750 0.084375
5 0.372656 0.199219 0.089063 0.095312
4 0.100781 0.195312 0.139063 0.109375
3 0.321875 0.037500 0.100000 0.040625
3 0.396094 0.099219 0.082812 0.095312
4 0.582031 0.436719 0.048438 0.035937
3 0.777344 0.275781 0.039062 0.032813
5 0.690625 0.527344 0.050000 0.048438
5 0.626563 0.579688 0.100000 0.137500
4 0.821875 0.521875 0.028125 0.025000
4 0.137500 0.533594 0.128125 0.098437
2 0.248438 0.416406 0.087500 0.060937
5 0.030469 0.410156 0.060937 0.076563
4 0.289844 0.619531 0.098437 0.067187
4 0.332031 0.695312 0.092188 0.068750
5 0.375000 0.687500 0.065625 0.078125
3 0.325781 0.615625 0.076563 0.103125
4 0.204687 0.535156 0.050000 0.042188
5 0.439063 0.382031 0.078125 0.082812
4 0.377344 0.985938 0.110937 0.028125
