2 0.015625 0.592969 0.031250 0.079687
5 0.416406 0.734375 0.117188 0.150000
5 0.697656 0.519531 0.114062 0.101562
4 0.666406 0.967969 0.064062 0.064062
4 0.591406 0.847656 0.054688 0.045312
4 0.605469 0.764844 0.070312 0.085938
4 0.492188 0.693750 0.090625 0.087500
4 0.427344 0.550000 0.045312 0.062500
5 0.339062 0.518750 0.046875 0.043750
3 0.118750 0.325781 0.043750 0.051562
4 0.220312 0.343750 0.034375 0.031250
4 0.339844 0.730469 0.045312 0.048438
3 0.182812 0.872656 0.084375 0.085938
4 0.461719 0.932813 0.120313 0.118750
3 0.742969 0.613281 0.082812 0.067187
3 0.646875 0.558594 0.050000 0.054688
4 0.018750 0.735156 0.037500 0.079687
3 0.037500 0.821875 0.075000 0.075000
