4 0.050000 0.282813 0.065625 0.100000
5 0.114844 0.285938 0.120313 0.134375
5 0.046875 0.501563 0.093750 0.143750
5 0.760156 0.609375 0.092188 0.140625
5 0.610938 0.292969 0.118750 0.079687
5 0.558594 0.407813 0.085938 0.068750
5 0.737500 0.943750 0.096875 0.062500
4 0.381250 0.088281 0.068750 0.092188
4 0.138281 0.733594 0.114062 0.154688
4 0.964063 0.738281 0.059375 0.070312
4 0.108594 0.096875 0.085938 0.078125
3 0.214844 0.236719 0.079687 0.110937
4 0.584375 0.640625 0.103125 0.096875
5 0.882031 0.117188 0.198437 0.121875
