4 0.738281 0.388281 0.085938 0.051562
4 0.492969 0.829688 0.082812 0.093750
4 0.211719 0.950000 0.101562 0.062500
4 0.387500 0.600781 0.053125 0.054688
5 0.074219 0.132031 0.070312 0.135937
5 0.685156 0.216406 0.120313 0.110937
5 0.397656 0.263281 0.060937 0.095312
4 0.634375 0.014844 0.115625 0.026562
4 0.032031 0.026562 0.048438 0.053125
3 0.666406 0.689844 0.076563 0.073438
3 0.788281 0.719531 0.048438 0.067187
5 0.639062 0.410156 0.103125 0.117188
3 0.621094 0.453906 0.089063 0.064062
3 0.189844 0.897656 0.092188 0.085938
2 0.272656 0.978125 0.098437 0.037500
5 0.050781 0.524219 0.101562 0.067187
