5 0.060156 0.567969 0.120313 0.132812
5 0.073438 0.171094 0.106250 0.120313
4 0.185938 0.393750 0.056250 0.056250
4 0.238281 0.508594 0.107813 0.107813
4 0.315625 0.534375 0.068750 0.100000
4 0.542188 0.550781 0.065625 0.060937
3 0.589844 0.517188 0.079687 0.081250
3 0.434375 0.316406 0.062500 0.139063
3 0.417187 0.115625 0.121875 0.093750
3 0.821875 0.466406 0.043750 0.079687
3 0.810937 0.391406 0.050000 0.082812
3 0.835938 0.310156 0.112500 0.079687
3 0.773438 0.333594 0.050000 0.042188
3 0.679688 0.406250 0.068750 0.046875
3 0.761719 0.480469 0.039062 0.070312
3 0.705469 0.527344 0.042188 0.060937
3 0.731250 0.528125 0.043750 0.053125
5 0.779687 0.516406 0.037500 0.051562
2 0.576562 0.275000 0.068750 0.090625
2 0.671094 0.077344 0.073438 0.123438
4 0.690625 0.353906 0.046875 0.057813
4 0.771875 0.450781 0.034375 0.035937
4 0.692969 0.468750 0.073438 0.065625
4 0.535156 0.411719 0.045312 0.035937
