3 0.736719 0.552344 0.057813 0.054688
4 0.995313 0.456250 0.009375 0.050000
3 0.721094 0.657813 0.085938 0.109375
3 0.520312 0.742188 0.106250 0.040625
3 0.432812 0.845313 0.093750 0.078125
3 0.585156 0.875781 0.079687 0.089063
3 0.749219 0.864062 0.095312 0.093750
3 0.758594 0.757812 0.110937 0.081250
5 0.800000 0.692969 0.065625 0.067187
5 0.499219 0.025781 0.110937 0.051562
5 0.196875 0.321094 0.040625 0.048438
3 0.632812 0.738281 0.068750 0.104688
4 0.938281 0.716406 0.082812 0.107813
4 0.939844 0.606250 0.104688 0.065625
