3 0.911719 0.921094 0.107813 0.054688
2 0.622656 0.706250 0.054688 0.056250
3 0.440625 0.714844 0.034375 0.026562
3 0.371875 0.838281 0.025000 0.026562
4 0.545312 0.877344 0.034375 0.023438
5 0.478906 0.629687 0.023438 0.015625
5 0.607812 0.557813 0.053125 0.046875
4 0.657031 0.598437 0.029687 0.050000
4 0.620313 0.614844 0.043750 0.060937
5 0.782813 0.399219 0.100000 0.123438
4 0.842969 0.475000 0.048438 0.046875
4 0.571094 0.391406 0.042188 0.035937
4 0.973437 0.924219 0.053125 0.020313
4 0.819531 0.217188 0.101562 0.087500
4 0.917969 0.696094 0.070312 0.032813
4 0.878906 0.829688 0.085938 0.087500
4 0.971094 0.771094 0.057813 0.057813
