3 0.313281 0.033594 0.029687 0.042188
4 0.332813 0.152344 0.021875 0.017188
2 0.532031 0.022656 0.067187 0.045312
5 0.466406 0.282813 0.042188 0.040625
3 0.780469 0.035937 0.079687 0.056250
3 0.898438 0.212500 0.081250 0.040625
3 0.874219 0.045312 0.076563 0.068750
5 0.975000 0.033594 0.050000 0.035937
2 0.973437 0.121094 0.053125 0.073438
5 0.988281 0.239063 0.023438 0.068750
4 0.683594 0.343750 0.045312 0.040625
5 0.655469 0.422656 0.114062 0.104688
4 0.806250 0.517188 0.115625 0.090625
4 0.445312 0.435156 0.043750 0.029687
4 0.686719 0.657813 0.054688 0.037500
4 0.630469 0.753906 0.045312 0.039062
5 0.903125 0.794531 0.090625 0.054688
5 0.401562 0.622656 0.065625 0.082812
3 0.382031 0.803906 0.048438 0.051562
