5 0.357031 0.666406 0.070312 0.073438
3 0.672656 0.837500 0.064062 0.134375
4 0.759375 0.491406 0.068750 0.092188
3 0.855469 0.339844 0.079687 0.070312
5 0.942187 0.273438 0.059375 0.062500
4 0.500781 0.674219 0.082812 0.126562
2 0.447656 0.743750 0.098437 0.078125
4 0.321875 0.782813 0.050000 0.075000
3 0.169531 0.691406 0.114062 0.079687
3 0.346094 0.526563 0.054688 0.053125
3 0.297656 0.458594 0.082812 0.073438
3 0.196094 0.435156 0.079687 0.082812
3 0.214062 0.556250 0.090625 0.115625
3 0.077344 0.519531 0.039062 0.073438
5 0.275781 0.564063 0.054688 0.078125
5 0.015625 0.950000 0.031250 0.034375
