5 0.709375 0.226562 0.059375 0.078125
5 0.584375 0.192969 0.078125 0.085938
4 0.852344 0.146094 0.129688 0.092188
3 0.609375 0.018750 0.100000 0.034375
3 0.546875 0.098437 0.071875 0.087500
4 0.413281 0.460156 0.045312 0.029687
3 0.194531 0.332813 0.035937 0.028125
5 0.320312 0.569531 0.046875 0.042188
5 0.391406 0.609375 0.082812 0.128125
4 0.189062 0.584375 0.025000 0.021875
4 0.871094 0.489063 0.120313 0.084375
2 0.742969 0.389062 0.082812 0.050000
5 0.964844 0.346875 0.070312 0.065625
4 0.732031 0.596094 0.092188 0.054688
4 0.702344 0.678906 0.085938 0.057813
5 0.657813 0.677344 0.056250 0.070312
3 0.696875 0.599219 0.062500 0.095312
4 0.803906 0.500781 0.045312 0.035937
5 0.548438 0.385156 0.068750 0.073438
4 0.705469 0.984375 0.104688 0.031250
