5 0.309375 0.223438 0.056250 0.075000
5 0.432812 0.193750 0.075000 0.081250
4 0.170313 0.139844 0.125000 0.085938
3 0.415625 0.018750 0.096875 0.037500
3 0.473438 0.103125 0.068750 0.084375
4 0.592187 0.464062 0.043750 0.028125
3 0.811719 0.346094 0.032813 0.026562
5 0.679688 0.573438 0.043750 0.040625
5 0.607812 0.610938 0.078125 0.125000
4 0.807813 0.592969 0.025000 0.020313
4 0.140625 0.475000 0.115625 0.078125
2 0.270313 0.382812 0.078125 0.046875
5 0.042969 0.332031 0.085938 0.060937
4 0.275000 0.587500 0.090625 0.050000
4 0.300000 0.668750 0.081250 0.053125
5 0.343750 0.669531 0.053125 0.067187
3 0.308594 0.589844 0.057813 0.092188
4 0.207031 0.489063 0.042188 0.034375
5 0.462500 0.384375 0.065625 0.071875
4 0.285156 0.977344 0.101562 0.045312
