5 0.643750 0.514062 0.100000 0.140625
5 0.711719 0.596875 0.098437 0.090625
4 0.838281 0.517188 0.076563 0.075000
3 0.831250 0.386719 0.040625 0.051562
3 0.750781 0.348438 0.067187 0.062500
3 0.713281 0.553125 0.054688 0.093750
3 0.233594 0.208594 0.085938 0.107813
4 0.303125 0.137500 0.109375 0.106250
5 0.346094 0.545312 0.089063 0.103125
4 0.757812 0.831250 0.096875 0.100000
4 0.336719 0.269531 0.057813 0.051562
2 0.216406 0.049219 0.085938 0.032813
5 0.049219 0.751563 0.039062 0.075000
5 0.363281 0.813281 0.070312 0.092188
5 0.267969 0.324219 0.064062 0.039062
