4 0.907813 0.614062 0.068750 0.096875
5 0.848437 0.619531 0.118750 0.129688
5 0.893750 0.413281 0.115625 0.139063
5 0.217188 0.407031 0.093750 0.132812
5 0.393750 0.677344 0.112500 0.079687
5 0.426563 0.564844 0.084375 0.070312
5 0.194531 0.098437 0.092188 0.065625
4 0.630469 0.834375 0.067187 0.090625
4 0.771094 0.214062 0.114062 0.150000
4 0.021094 0.314844 0.042188 0.070312
4 0.878906 0.791406 0.082812 0.076563
3 0.764844 0.677344 0.079687 0.104688
4 0.374219 0.354687 0.101562 0.096875
3 0.847656 0.959375 0.039062 0.015625
5 0.169531 0.872656 0.189062 0.126562
