5 0.164062 0.425781 0.065625 0.070312
4 0.595313 0.234375 0.118750 0.084375
4 0.653125 0.103906 0.112500 0.082812
3 0.469531 0.327344 0.107813 0.107813
3 0.585938 0.371094 0.100000 0.060937
4 0.499219 0.509375 0.054688 0.056250
2 0.729688 0.514062 0.090625 0.100000
5 0.824219 0.548438 0.082812 0.062500
3 0.891406 0.905469 0.145313 0.098437
4 0.897656 0.506250 0.082812 0.053125
4 0.793750 0.217188 0.040625 0.046875
4 0.847656 0.171875 0.085938 0.059375
4 0.378906 0.019531 0.048438 0.020313
5 0.048438 0.357031 0.096875 0.148438
4 0.776563 0.874219 0.081250 0.060937
4 0.359375 0.403125 0.093750 0.078125
