3 0.478125 0.286719 0.056250 0.057813
4 0.298438 0.055469 0.056250 0.057813
3 0.579688 0.264844 0.109375 0.089063
3 0.726562 0.422656 0.043750 0.104688
3 0.851562 0.468750 0.078125 0.093750
3 0.827344 0.317969 0.089063 0.082812
3 0.760938 0.169531 0.093750 0.098437
3 0.660937 0.197656 0.081250 0.110937
5 0.585938 0.180469 0.068750 0.067187
5 0.059375 0.684375 0.081250 0.112500
5 0.447656 0.864844 0.048438 0.042188
3 0.685156 0.321094 0.101562 0.070312
4 0.558594 0.044531 0.114062 0.089063
4 0.457813 0.076563 0.068750 0.112500
