3 0.146875 0.026562 0.093750 0.053125
3 0.729688 0.195312 0.040625 0.043750
4 0.137500 0.560156 0.137500 0.098437
4 0.297656 0.849219 0.048438 0.045312
4 0.217188 0.711719 0.059375 0.051562
5 0.522656 0.705469 0.110937 0.132812
4 0.524219 0.542188 0.051562 0.037500
5 0.536719 0.381250 0.045312 0.046875
2 0.540625 0.197656 0.065625 0.057813
4 0.679688 0.038281 0.031250 0.023438
4 0.668750 0.297656 0.028125 0.020313
4 0.278906 0.375000 0.048438 0.043750
3 0.082812 0.178125 0.046875 0.040625
5 0.292969 0.454688 0.129688 0.121875
3 0.226562 0.046094 0.084375 0.089063
4 0.316406 0.164844 0.067187 0.042188
