2 0.957812 0.717969 0.050000 0.070312
2 0.739844 0.985156 0.070312 0.029687
5 0.839844 0.987500 0.082812 0.025000
5 0.632031 0.985938 0.054688 0.028125
5 0.530469 0.707812 0.098437 0.137500
5 0.345313 0.417187 0.103125 0.087500
4 0.220312 0.842969 0.056250 0.067187
4 0.331250 0.752344 0.050000 0.039062
4 0.346875 0.671875 0.059375 0.078125
4 0.475000 0.644531 0.078125 0.076563
4 0.581250 0.535156 0.037500 0.057813
5 0.673438 0.534375 0.040625 0.037500
3 0.939844 0.432812 0.039062 0.046875
4 0.840625 0.414062 0.031250 0.028125
4 0.602344 0.729688 0.039062 0.043750
3 0.700000 0.912500 0.071875 0.075000
4 0.422656 0.873437 0.107813 0.103125
3 0.271094 0.488281 0.076563 0.057813
3 0.377344 0.468750 0.045312 0.050000
4 0.922656 0.852344 0.092188 0.067187
3 0.867188 0.921875 0.109375 0.059375
5 0.157031 0.954688 0.057813 0.031250
