3 0.059375 0.089844 0.093750 0.079687
3 0.002344 0.260937 0.004687 0.084375
3 0.139844 0.700000 0.039062 0.034375
4 0.613281 0.187500 0.076563 0.128125
4 0.867969 0.400781 0.039062 0.042188
4 0.747656 0.293750 0.042188 0.053125
5 0.682813 0.594531 0.118750 0.092188
4 0.522656 0.564844 0.029687 0.048438
5 0.360938 0.546094 0.040625 0.039062
2 0.177344 0.514844 0.048438 0.057813
4 0.252344 0.660937 0.017188 0.025000
4 0.404687 0.291406 0.037500 0.042188
3 0.246875 0.055469 0.034375 0.048438
5 0.478906 0.321875 0.104688 0.112500
3 0.089844 0.177344 0.079687 0.073438
4 0.188281 0.288281 0.029687 0.064062
5 0.910937 0.042969 0.043750 0.073438
