5 0.412500 0.131250 0.065625 0.059375
4 0.271875 0.592187 0.075000 0.115625
4 0.146875 0.667969 0.071875 0.107813
3 0.351562 0.454688 0.100000 0.096875
3 0.410938 0.566406 0.050000 0.098437
4 0.539844 0.461719 0.051562 0.048438
2 0.573438 0.694531 0.093750 0.082812
5 0.620313 0.786719 0.056250 0.076563
3 0.969531 0.808594 0.045312 0.139063
4 0.585938 0.865625 0.043750 0.081250
4 0.280469 0.796094 0.045312 0.035937
4 0.240625 0.857031 0.050000 0.082812
4 0.019531 0.399219 0.032813 0.048438
5 0.325781 0.032813 0.139063 0.065625
4 0.944531 0.697656 0.054688 0.079687
4 0.412500 0.332813 0.071875 0.090625
