3 0.634375 0.978906 0.034375 0.042188
4 0.630469 0.860156 0.026562 0.020313
2 0.412500 0.961719 0.071875 0.054688
5 0.516406 0.710938 0.048438 0.046875
3 0.165625 0.915625 0.087500 0.071875
3 0.071875 0.720313 0.087500 0.053125
3 0.072656 0.894531 0.089063 0.089063
2 0.007812 0.798438 0.015625 0.081250
4 0.306250 0.619531 0.050000 0.045312
5 0.346875 0.544531 0.128125 0.120313
4 0.207813 0.428125 0.128125 0.106250
4 0.557813 0.560937 0.046875 0.034375
4 0.348438 0.303125 0.059375 0.046875
4 0.417969 0.216406 0.051562 0.045312
5 0.149219 0.135937 0.098437 0.065625
5 0.626563 0.379688 0.075000 0.090625
3 0.672656 0.200781 0.054688 0.057813
