4 0.614062 0.092188 0.096875 0.068750
5 0.619531 0.151562 0.129688 0.118750
5 0.413281 0.107813 0.139063 0.115625
5 0.407031 0.784375 0.132812 0.093750
5 0.677344 0.606250 0.079687 0.112500
5 0.564844 0.575000 0.070312 0.084375
5 0.098437 0.807031 0.065625 0.092188
4 0.834375 0.371094 0.090625 0.067187
4 0.214062 0.230469 0.150000 0.114062
4 0.314844 0.978906 0.070312 0.042188
4 0.791406 0.121094 0.076563 0.082812
3 0.677344 0.235156 0.104688 0.079687
4 0.354687 0.627344 0.096875 0.101562
3 0.959375 0.153906 0.015625 0.039062
5 0.872656 0.832031 0.126562 0.189062
