3 0.198437 0.217969 0.078125 0.064062
3 0.020313 0.308594 0.040625 0.092188
3 0.101562 0.585938 0.046875 0.037500
3 0.406250 0.757031 0.046875 0.054688
5 0.406250 0.438281 0.037500 0.051562
5 0.501563 0.347656 0.037500 0.051562
5 0.483594 0.434375 0.120313 0.093750
3 0.528125 0.117188 0.056250 0.056250
4 0.160156 0.401562 0.076563 0.106250
4 0.264844 0.054688 0.073438 0.065625
3 0.603125 0.390625 0.034375 0.034375
3 0.720313 0.115625 0.040625 0.071875
5 0.867969 0.042188 0.110937 0.084375
5 0.710156 0.273438 0.060937 0.053125
