5 0.387500 0.664844 0.075000 0.076563
3 0.678125 0.863281 0.075000 0.135937
4 0.797656 0.536719 0.076563 0.095312
3 0.904687 0.400000 0.084375 0.078125
5 0.982031 0.341406 0.035937 0.067187
4 0.525781 0.686719 0.092188 0.129688
2 0.466406 0.750781 0.101562 0.085938
4 0.341406 0.775000 0.054688 0.075000
3 0.202344 0.669531 0.117188 0.085938
3 0.391406 0.528125 0.057813 0.056250
3 0.351562 0.456250 0.087500 0.078125
3 0.254688 0.424219 0.087500 0.089063
3 0.258594 0.543750 0.098437 0.118750
3 0.129688 0.494531 0.043750 0.073438
5 0.318750 0.557031 0.059375 0.079687
5 0.021875 0.905469 0.043750 0.039062
