4 0.506250 0.494531 0.096875 0.107813
4 0.086719 0.377344 0.054688 0.067187
2 0.375000 0.875000 0.106250 0.175000
3 0.718750 0.375000 0.090625 0.103125
3 0.340625 0.149219 0.071875 0.067187
3 0.226562 0.116406 0.046875 0.089063
3 0.462500 0.288281 0.065625 0.073438
3 0.875781 0.289062 0.042188 0.081250
3 0.926562 0.320312 0.043750 0.046875
3 0.634375 0.794531 0.137500 0.170313
3 0.438281 0.682031 0.120313 0.132812
3 0.103125 0.660156 0.118750 0.135937
5 0.215625 0.279687 0.081250 0.059375
5 0.376563 0.502344 0.081250 0.135937
4 0.542969 0.671875 0.054688 0.075000
4 0.520312 0.623437 0.059375 0.084375
4 0.446094 0.592969 0.167187 0.164062
2 0.653906 0.597656 0.067187 0.104688
3 0.600000 0.473438 0.046875 0.121875
5 0.513281 0.442969 0.073438 0.073438
4 0.667188 0.396094 0.034375 0.051562
4 0.665625 0.711719 0.109375 0.129688
5 0.863281 0.846094 0.051562 0.070312
