3 0.064844 0.059375 0.095312 0.081250
3 0.114062 0.698438 0.037500 0.034375
4 0.635156 0.189844 0.076563 0.132812
4 0.886719 0.425781 0.039062 0.042188
4 0.767969 0.307812 0.042188 0.053125
5 0.684375 0.616406 0.121875 0.092188
4 0.517969 0.578125 0.032813 0.050000
5 0.351562 0.550000 0.040625 0.040625
2 0.163281 0.507031 0.051562 0.060937
4 0.232813 0.662500 0.015625 0.025000
4 0.410938 0.285938 0.037500 0.043750
3 0.258594 0.032813 0.035937 0.050000
5 0.488281 0.322656 0.107813 0.117188
3 0.090625 0.150000 0.081250 0.075000
4 0.187500 0.271875 0.031250 0.065625
5 0.952344 0.056250 0.045312 0.075000
