4 0.898438 0.382031 0.065625 0.095312
5 0.839844 0.378906 0.114062 0.126562
5 0.889844 0.582031 0.110937 0.135937
5 0.217969 0.611719 0.089063 0.129688
5 0.385156 0.338281 0.110937 0.076563
5 0.421094 0.448437 0.082812 0.065625
5 0.206250 0.919531 0.090625 0.060937
4 0.614062 0.172656 0.065625 0.089063
4 0.775000 0.785937 0.109375 0.146875
4 0.023438 0.711719 0.046875 0.067187
4 0.861719 0.207031 0.079687 0.073438
3 0.752344 0.325000 0.076563 0.103125
4 0.375000 0.658594 0.096875 0.092188
3 0.826562 0.035156 0.037500 0.029687
5 0.153125 0.151562 0.184375 0.118750
