3 0.807031 0.428906 0.070312 0.123438
3 0.843750 0.410156 0.084375 0.120313
3 0.771094 0.262500 0.048438 0.093750
3 0.653125 0.631250 0.137500 0.131250
3 0.506250 0.945312 0.150000 0.109375
3 0.415625 0.875000 0.062500 0.134375
3 0.258594 0.875000 0.129688 0.121875
3 0.191406 0.894531 0.089063 0.120313
3 0.112500 0.705469 0.078125 0.101562
3 0.135937 0.451562 0.046875 0.118750
3 0.190625 0.489844 0.084375 0.126562
3 0.204687 0.589844 0.090625 0.142187
3 0.279687 0.658594 0.140625 0.095312
3 0.240625 0.724219 0.140625 0.110937
3 0.232031 0.801562 0.107813 0.087500
3 0.417969 0.582812 0.060937 0.078125
3 0.442969 0.524219 0.079687 0.054688
3 0.534375 0.758594 0.071875 0.089063
3 0.605469 0.728906 0.042188 0.107813
3 0.760938 0.540625 0.062500 0.059375
3 0.831250 0.278906 0.037500 0.051562
3 0.855469 0.569531 0.073438 0.092188
3 0.901563 0.275781 0.040625 0.073438
3 0.808594 0.642188 0.045312 0.065625
2 0.732812 0.817187 0.106250 0.112500
2 0.915625 0.544531 0.078125 0.104688
2 0.815625 0.017188 0.096875 0.034375
2 0.093750 0.817187 0.096875 0.131250
2 0.571094 0.703125 0.051562 0.081250
2 0.903906 0.949219 0.098437 0.054688
4 0.545312 0.532031 0.065625 0.060937
3 0.377344 0.794531 0.101562 0.070312
5 0.339062 0.342187 0.053125 0.050000
5 0.575781 0.431250 0.089063 0.081250
2 0.469531 0.449219 0.029687 0.032813
2 0.864062 0.181250 0.056250 0.056250
3 0.469531 0.381250 0.045312 0.075000
5 0.278125 0.476562 0.053125 0.053125
5 0.768750 0.673438 0.062500 0.068750
5 0.960156 0.610938 0.042188 0.065625
4 0.568750 0.593750 0.040625 0.053125
5 0.496875 0.818750 0.056250 0.056250
4 0.967187 0.364844 0.056250 0.095312
2 0.639844 0.104688 0.029687 0.031250
2 0.167969 0.406250 0.039062 0.056250
