5 0.620313 0.170313 0.071875 0.065625
4 0.699219 0.663281 0.085938 0.123438
4 0.815625 0.757812 0.081250 0.115625
3 0.637500 0.510156 0.109375 0.107813
3 0.561719 0.614844 0.060937 0.104688
4 0.444531 0.489844 0.057813 0.054688
2 0.375781 0.723437 0.101562 0.090625
5 0.314063 0.810156 0.062500 0.082812
4 0.339062 0.898438 0.050000 0.087500
4 0.662500 0.871094 0.046875 0.042188
4 0.692969 0.938281 0.057813 0.089063
4 0.984375 0.500000 0.031250 0.053125
5 0.725781 0.066406 0.151562 0.104688
4 0.013281 0.671875 0.026562 0.084375
4 0.591406 0.376563 0.079687 0.096875
