3 0.453125 0.367969 0.084375 0.045312
3 0.403906 0.203906 0.085938 0.029687
3 0.750781 0.699219 0.132812 0.064062
3 0.961719 0.563281 0.076563 0.132812
3 0.556250 0.535937 0.068750 0.071875
3 0.533594 0.975781 0.057813 0.048438
3 0.635938 0.812500 0.087500 0.046875
4 0.678125 0.191406 0.065625 0.045312
4 0.766406 0.607031 0.114062 0.092188
4 0.868750 0.590625 0.121875 0.181250
4 0.918750 0.627344 0.081250 0.057813
4 0.945312 0.773438 0.103125 0.115625
4 0.929688 0.689063 0.075000 0.050000
4 0.714063 0.505469 0.040625 0.054688
3 0.925781 0.203906 0.126562 0.110937
5 0.748437 0.023438 0.093750 0.040625
4 0.666406 0.757031 0.057813 0.035937
5 0.827344 0.407031 0.126562 0.064062
5 0.604688 0.264062 0.068750 0.037500
