3 0.562500 0.403125 0.090625 0.059375
3 0.646094 0.251563 0.089063 0.043750
3 0.201563 0.666406 0.140625 0.085938
3 0.035937 0.487500 0.071875 0.143750
3 0.427344 0.545312 0.079687 0.081250
3 0.359375 0.971094 0.059375 0.032813
3 0.291406 0.802344 0.095312 0.060937
4 0.379688 0.181250 0.075000 0.056250
4 0.206250 0.572656 0.128125 0.110937
4 0.107813 0.533594 0.153125 0.201563
4 0.051562 0.560156 0.090625 0.070312
4 0.027344 0.698438 0.054688 0.131250
4 0.034375 0.618750 0.068750 0.062500
4 0.278906 0.482812 0.048438 0.062500
3 0.132812 0.143750 0.143750 0.131250
5 0.345313 0.014844 0.103125 0.029687
4 0.272656 0.739844 0.064062 0.045312
5 0.187500 0.361719 0.134375 0.085938
5 0.435156 0.267969 0.076563 0.048438
