4 0.446094 0.098437 0.101562 0.078125
5 0.432031 0.154688 0.139063 0.131250
5 0.639844 0.140625 0.148438 0.128125
5 0.553125 0.800781 0.140625 0.107813
5 0.314844 0.590625 0.092188 0.118750
5 0.428125 0.574219 0.078125 0.089063
5 0.851562 0.864844 0.075000 0.098437
4 0.192969 0.339062 0.095312 0.078125
4 0.818750 0.287500 0.159375 0.131250
4 0.614062 0.989062 0.075000 0.021875
4 0.268750 0.102344 0.084375 0.089063
3 0.364844 0.229687 0.110937 0.090625
4 0.625000 0.655469 0.103125 0.107813
3 0.096094 0.108594 0.032813 0.042188
5 0.092969 0.783594 0.145313 0.195312
