5 0.776563 0.309375 0.075000 0.056250
5 0.806250 0.432812 0.081250 0.075000
4 0.861719 0.170313 0.085938 0.125000
3 0.981250 0.415625 0.037500 0.096875
3 0.898438 0.473438 0.084375 0.068750
4 0.537500 0.592187 0.028125 0.043750
3 0.655469 0.811719 0.026562 0.032813
5 0.426563 0.679688 0.040625 0.043750
5 0.389062 0.607812 0.125000 0.078125
4 0.408594 0.807813 0.020313 0.025000
4 0.525000 0.140625 0.078125 0.115625
2 0.618750 0.270313 0.046875 0.078125
5 0.667969 0.042969 0.060937 0.085938
4 0.414062 0.275000 0.050000 0.090625
4 0.332813 0.300000 0.053125 0.081250
5 0.332031 0.343750 0.067187 0.053125
3 0.410156 0.308594 0.092188 0.057813
4 0.510938 0.207031 0.034375 0.042188
5 0.617188 0.462500 0.071875 0.065625
4 0.022656 0.285156 0.045312 0.101562
