3 0.428906 0.807031 0.123438 0.070312
3 0.410156 0.843750 0.120313 0.084375
3 0.262500 0.771094 0.093750 0.048438
3 0.631250 0.653125 0.131250 0.137500
3 0.945312 0.506250 0.109375 0.150000
3 0.875000 0.415625 0.134375 0.062500
3 0.875000 0.258594 0.121875 0.129688
3 0.894531 0.191406 0.120313 0.089063
3 0.705469 0.112500 0.101562 0.078125
3 0.451562 0.135937 0.118750 0.046875
3 0.489844 0.190625 0.126562 0.084375
3 0.589844 0.204687 0.142187 0.090625
3 0.658594 0.279687 0.095312 0.140625
3 0.724219 0.240625 0.110937 0.140625
3 0.801562 0.232031 0.087500 0.107813
3 0.582812 0.417969 0.078125 0.060937
3 0.524219 0.442969 0.054688 0.079687
3 0.758594 0.534375 0.089063 0.071875
3 0.728906 0.605469 0.107813 0.042188
3 0.540625 0.760938 0.059375 0.062500
3 0.278906 0.831250 0.051562 0.037500
3 0.569531 0.855469 0.092188 0.073438
3 0.275781 0.901563 0.073438 0.040625
3 0.642188 0.808594 0.065625 0.045312
2 0.817187 0.732812 0.112500 0.106250
2 0.544531 0.915625 0.104688 0.078125
2 0.017188 0.815625 0.034375 0.096875
2 0.817187 0.093750 0.131250 0.096875
2 0.703125 0.571094 0.081250 0.051562
2 0.949219 0.903906 0.054688 0.098437
4 0.532031 0.545312 0.060937 0.065625
3 0.794531 0.377344 0.070312 0.101562
5 0.342187 0.339062 0.050000 0.053125
5 0.431250 0.575781 0.081250 0.089063
2 0.449219 0.469531 0.032813 0.029687
2 0.181250 0.864062 0.056250 0.056250
3 0.381250 0.469531 0.075000 0.045312
5 0.476562 0.278125 0.053125 0.053125
5 0.673438 0.768750 0.068750 0.062500
5 0.610938 0.960156 0.065625 0.042188
4 0.593750 0.568750 0.053125 0.040625
5 0.818750 0.496875 0.056250 0.056250
4 0.364844 0.967187 0.095312 0.056250
2 0.104688 0.639844 0.031250 0.029687
2 0.406250 0.167969 0.056250 0.039062
