4 0.507812 0.474219 0.128125 0.120313
4 0.707031 0.060937 0.076563 0.062500
2 0.134375 0.267969 0.196875 0.142187
3 0.592187 0.720313 0.121875 0.112500
3 0.899219 0.365625 0.082812 0.084375
3 0.951562 0.253906 0.096875 0.064062
3 0.730469 0.467969 0.085938 0.079687
3 0.652344 0.900781 0.089063 0.057813
3 0.611719 0.947656 0.054688 0.051562
3 0.168750 0.553125 0.200000 0.171875
3 0.322656 0.368750 0.157812 0.146875
3 0.408594 0.047656 0.160938 0.095312
5 0.783594 0.210938 0.076563 0.093750
5 0.522656 0.339062 0.154688 0.106250
4 0.314844 0.480469 0.085938 0.070312
4 0.369531 0.467187 0.095312 0.075000
4 0.416406 0.394531 0.198437 0.201563
2 0.371875 0.611719 0.118750 0.089063
3 0.511719 0.577344 0.132812 0.070312
5 0.557813 0.492969 0.090625 0.089063
4 0.581250 0.660937 0.059375 0.046875
4 0.250000 0.600781 0.153125 0.135937
5 0.073438 0.784375 0.081250 0.065625
