5 0.639062 0.860156 0.040625 0.042188
3 0.556250 0.821875 0.068750 0.062500
3 0.514844 0.795312 0.070312 0.050000
3 0.611719 0.682031 0.029687 0.029687
3 0.659375 0.693750 0.040625 0.037500
5 0.256250 0.632031 0.084375 0.067187
3 0.369531 0.728125 0.073438 0.071875
5 0.328125 0.705469 0.050000 0.039062
5 0.217969 0.880469 0.082812 0.070312
2 0.334375 0.845313 0.065625 0.040625
5 0.474219 0.991406 0.032813 0.017188
5 0.591406 0.750781 0.032813 0.039062
5 0.603906 0.642969 0.035937 0.020313
5 0.505469 0.646094 0.020313 0.014063
3 0.521875 0.637500 0.031250 0.037500
3 0.543750 0.581250 0.071875 0.037500
3 0.521875 0.558594 0.081250 0.042188
5 0.636719 0.545312 0.026562 0.018750
3 0.540625 0.480469 0.075000 0.035937
5 0.572656 0.504687 0.029687 0.021875
5 0.370312 0.542969 0.046875 0.029687
5 0.403906 0.540625 0.026562 0.025000
3 0.343750 0.503125 0.100000 0.043750
3 0.411719 0.437500 0.064062 0.028125
3 0.488281 0.463281 0.076563 0.048438
2 0.555469 0.335156 0.051562 0.054688
2 0.549219 0.301563 0.020313 0.028125
2 0.519531 0.359375 0.045312 0.028125
5 0.480469 0.398438 0.070312 0.043750
5 0.608594 0.445312 0.029687 0.021875
2 0.608594 0.433594 0.032813 0.020313
3 0.462500 0.367188 0.087500 0.031250
5 0.590625 0.235937 0.028125 0.031250
5 0.564844 0.239844 0.029687 0.020313
2 0.574219 0.188281 0.082812 0.085938
3 0.638281 0.142187 0.060937 0.040625
5 0.489063 0.158594 0.050000 0.029687
5 0.530469 0.178906 0.054688 0.051562
3 0.570312 0.126562 0.056250 0.068750
3 0.555469 0.027344 0.042188 0.051562
3 0.590625 0.060937 0.062500 0.071875
5 0.615625 0.111719 0.046875 0.042188
5 0.624219 0.042188 0.035937 0.025000
