4 0.550000 0.521875 0.034375 0.043750
4 0.435156 0.621094 0.073438 0.073438
5 0.514844 0.710938 0.110937 0.118750
4 0.586719 0.748437 0.042188 0.050000
4 0.414844 0.870313 0.107813 0.106250
5 0.601562 0.975000 0.062500 0.050000
5 0.821094 0.985156 0.073438 0.029687
2 0.721094 0.979688 0.067187 0.040625
3 0.674219 0.927344 0.045312 0.039062
3 0.867188 0.857812 0.065625 0.068750
3 0.810156 0.915625 0.098437 0.084375
2 0.933594 0.671875 0.051562 0.068750
3 0.922656 0.467187 0.042188 0.034375
3 0.813281 0.464062 0.026562 0.025000
5 0.677344 0.550000 0.045312 0.043750
5 0.365625 0.439844 0.106250 0.089063
3 0.216406 0.409375 0.057813 0.053125
4 0.222656 0.667188 0.048438 0.050000
4 0.296094 0.713281 0.045312 0.045312
