5 0.614062 0.664844 0.075000 0.076563
3 0.323437 0.863281 0.075000 0.135937
4 0.203906 0.536719 0.076563 0.095312
3 0.095312 0.400000 0.084375 0.078125
5 0.017969 0.341406 0.035937 0.067187
4 0.474219 0.686719 0.092188 0.129688
2 0.533594 0.750781 0.101562 0.085938
4 0.658594 0.775000 0.054688 0.075000
3 0.797656 0.669531 0.117188 0.085938
3 0.608594 0.528125 0.057813 0.056250
3 0.648438 0.456250 0.087500 0.078125
3 0.746875 0.424219 0.087500 0.089063
3 0.741406 0.543750 0.098437 0.118750
3 0.870313 0.494531 0.043750 0.073438
5 0.682813 0.557031 0.059375 0.079687
5 0.978125 0.905469 0.043750 0.039062
