3 0.407031 0.535937 0.054688 0.090625
3 0.240625 0.562500 0.040625 0.087500
3 0.773438 0.289844 0.081250 0.135937
3 0.670312 0.062500 0.140625 0.100000
3 0.585938 0.459375 0.078125 0.075000
3 0.868750 0.418750 0.056250 0.093750
4 0.265625 0.290625 0.053125 0.071875
4 0.685156 0.262500 0.107813 0.125000
4 0.682813 0.158594 0.193750 0.145313
4 0.726562 0.114844 0.065625 0.085938
4 0.873437 0.107813 0.128125 0.121875
4 0.787500 0.114062 0.059375 0.078125
4 0.578125 0.298438 0.059375 0.046875
3 0.311719 0.059375 0.123438 0.118750
5 0.102344 0.197656 0.070312 0.101562
4 0.817969 0.380469 0.042188 0.060937
5 0.496875 0.175781 0.081250 0.129688
5 0.327344 0.372656 0.045312 0.073438
