3 0.776563 0.557031 0.046875 0.089063
3 0.694531 0.920312 0.089063 0.121875
3 0.246875 0.435937 0.103125 0.115625
3 0.648438 0.235937 0.065625 0.100000
3 0.527344 0.247656 0.117188 0.082812
3 0.709375 0.099219 0.090625 0.042188
3 0.646094 0.078125 0.095312 0.037500
3 0.750781 0.152344 0.082812 0.057813
3 0.746875 0.255469 0.056250 0.064062
4 0.535156 0.195312 0.082812 0.081250
4 0.646094 0.429688 0.092188 0.075000
4 0.546094 0.367969 0.067187 0.054688
4 0.132031 0.330469 0.082812 0.067187
4 0.559375 0.781250 0.050000 0.043750
5 0.304688 0.954688 0.112500 0.090625
4 0.581250 0.415625 0.040625 0.050000
5 0.603906 0.352344 0.070312 0.042188
2 0.451562 0.335156 0.100000 0.064062
5 0.709375 0.214844 0.062500 0.042188
4 0.854688 0.935937 0.062500 0.084375
5 0.782813 0.936719 0.093750 0.095312
5 0.175781 0.081250 0.067187 0.115625
4 0.350000 0.230469 0.078125 0.098437
4 0.677344 0.131250 0.051562 0.037500
5 0.905469 0.507812 0.054688 0.043750
