5 0.719531 0.492188 0.045312 0.046875
4 0.281250 0.352344 0.106250 0.067187
4 0.201563 0.316406 0.087500 0.067187
3 0.404687 0.493750 0.065625 0.112500
4 0.571875 0.535937 0.068750 0.040625
4 0.472656 0.546875 0.076563 0.075000
4 0.360938 0.661719 0.053125 0.048438
3 0.309375 0.517188 0.090625 0.037500
2 0.178906 0.673438 0.067187 0.078125
5 0.033594 0.743750 0.067187 0.053125
5 0.264062 0.057813 0.071875 0.071875
4 0.143750 0.107031 0.112500 0.101562
5 0.014063 0.447656 0.025000 0.060937
5 0.804688 0.429688 0.090625 0.140625
