3 0.453125 0.632031 0.084375 0.045312
3 0.403906 0.796094 0.085938 0.029687
3 0.750781 0.300781 0.132812 0.064062
3 0.961719 0.436719 0.076563 0.132812
3 0.556250 0.465625 0.068750 0.071875
3 0.533594 0.024219 0.057813 0.048438
3 0.635938 0.187500 0.087500 0.046875
4 0.678125 0.810156 0.065625 0.045312
4 0.766406 0.392969 0.114062 0.092188
4 0.868750 0.410938 0.121875 0.181250
4 0.918750 0.372656 0.081250 0.057813
4 0.945312 0.228125 0.103125 0.115625
4 0.929688 0.310937 0.075000 0.050000
4 0.714063 0.494531 0.040625 0.054688
3 0.925781 0.796094 0.126562 0.110937
5 0.748437 0.976562 0.093750 0.040625
4 0.666406 0.242969 0.057813 0.035937
5 0.827344 0.594531 0.126562 0.064062
5 0.604688 0.737500 0.068750 0.037500
