4 0.457813 0.506250 0.100000 0.112500
4 0.918750 0.428906 0.056250 0.070312
2 0.554688 0.917188 0.109375 0.165625
3 0.243750 0.354687 0.093750 0.106250
3 0.673438 0.154688 0.075000 0.071875
3 0.796875 0.134375 0.046875 0.093750
3 0.526563 0.290625 0.068750 0.075000
3 0.084375 0.244531 0.043750 0.085938
3 0.029687 0.273438 0.043750 0.046875
3 0.286719 0.813281 0.142187 0.179688
3 0.508594 0.714844 0.126562 0.139063
3 0.868750 0.727344 0.121875 0.142187
5 0.791406 0.309375 0.085938 0.062500
5 0.593750 0.528906 0.081250 0.145313
4 0.397656 0.691406 0.057813 0.076563
4 0.428125 0.642188 0.059375 0.087500
4 0.510938 0.618750 0.175000 0.171875
2 0.287500 0.599219 0.068750 0.107813
3 0.359375 0.474219 0.046875 0.129688
5 0.454688 0.450000 0.078125 0.078125
4 0.296094 0.382031 0.035937 0.054688
4 0.263281 0.721094 0.114062 0.135937
5 0.036719 0.841406 0.054688 0.073438
