4 0.907813 0.385937 0.068750 0.096875
5 0.848437 0.380469 0.118750 0.129688
5 0.893750 0.586719 0.115625 0.139063
5 0.217188 0.594531 0.093750 0.132812
5 0.393750 0.324219 0.112500 0.079687
5 0.426563 0.435156 0.084375 0.070312
5 0.194531 0.901563 0.092188 0.065625
4 0.630469 0.165625 0.067187 0.090625
4 0.771094 0.787500 0.114062 0.150000
4 0.021094 0.685156 0.042188 0.070312
4 0.878906 0.208594 0.082812 0.076563
3 0.764844 0.322656 0.079687 0.104688
4 0.374219 0.645312 0.101562 0.096875
3 0.847656 0.040625 0.039062 0.015625
5 0.169531 0.127344 0.189062 0.126562
