3 0.129688 0.050000 0.109375 0.046875
2 0.405469 0.285156 0.051562 0.054688
3 0.589063 0.289844 0.034375 0.026562
3 0.667969 0.170313 0.023438 0.025000
4 0.494531 0.118750 0.032813 0.021875
5 0.546094 0.372656 0.023438 0.014063
5 0.410156 0.435937 0.051562 0.046875
4 0.363281 0.392188 0.026562 0.050000
4 0.402344 0.378125 0.042188 0.059375
5 0.221094 0.585156 0.095312 0.120313
4 0.166406 0.504687 0.045312 0.043750
4 0.436719 0.607031 0.042188 0.032813
4 0.059375 0.042188 0.065625 0.015625
4 0.172656 0.765625 0.098437 0.084375
4 0.107031 0.276562 0.070312 0.028125
4 0.156250 0.143750 0.081250 0.084375
4 0.052344 0.194531 0.067187 0.054688
