3 0.017969 0.071094 0.020313 0.095312
3 0.164844 0.002344 0.089063 0.004687
3 0.632812 0.141406 0.034375 0.039062
4 0.096875 0.654687 0.134375 0.078125
4 0.328125 0.918750 0.043750 0.040625
4 0.213281 0.793750 0.054688 0.043750
5 0.529687 0.721094 0.093750 0.123438
4 0.496875 0.550781 0.050000 0.032813
5 0.475000 0.379688 0.040625 0.040625
2 0.438281 0.186719 0.060937 0.051562
4 0.593750 0.262500 0.025000 0.015625
4 0.204687 0.429688 0.043750 0.037500
5 0.236719 0.510156 0.117188 0.107813
3 0.077344 0.099219 0.076563 0.082812
4 0.196094 0.202344 0.067187 0.032813
