4 0.506250 0.542188 0.112500 0.100000
4 0.428906 0.081250 0.070312 0.056250
2 0.917188 0.445312 0.165625 0.109375
3 0.354687 0.757812 0.106250 0.093750
3 0.154688 0.328125 0.071875 0.075000
3 0.134375 0.203125 0.093750 0.046875
3 0.290625 0.475000 0.075000 0.068750
3 0.244531 0.915625 0.085938 0.043750
3 0.273438 0.971875 0.046875 0.043750
3 0.813281 0.713281 0.179688 0.142187
3 0.714844 0.491406 0.139063 0.126562
3 0.727344 0.131250 0.142187 0.121875
5 0.309375 0.208594 0.062500 0.085938
5 0.528906 0.406250 0.145313 0.081250
4 0.691406 0.602344 0.076563 0.057813
4 0.642188 0.573438 0.087500 0.059375
4 0.618750 0.489063 0.171875 0.175000
2 0.599219 0.714063 0.107813 0.068750
3 0.474219 0.642188 0.129688 0.046875
5 0.450000 0.546875 0.078125 0.078125
4 0.382031 0.703906 0.054688 0.035937
4 0.721094 0.738281 0.135937 0.114062
5 0.841406 0.964844 0.073438 0.054688
