4 0.564844 0.091406 0.101562 0.076563
5 0.576562 0.150000 0.137500 0.128125
5 0.368750 0.127344 0.146875 0.126562
5 0.433594 0.794531 0.139063 0.104688
5 0.680469 0.592187 0.089063 0.118750
5 0.566406 0.571094 0.076563 0.089063
5 0.131250 0.848437 0.071875 0.096875
4 0.810937 0.343750 0.093750 0.075000
4 0.184375 0.269531 0.156250 0.126562
4 0.363281 0.986719 0.073438 0.026562
4 0.742969 0.103125 0.082812 0.087500
3 0.642188 0.227344 0.109375 0.089063
4 0.365625 0.645312 0.103125 0.106250
3 0.916406 0.114844 0.032813 0.042188
5 0.896875 0.792969 0.140625 0.195312
