5 0.438281 0.039844 0.132812 0.079687
5 0.039844 0.155469 0.079687 0.101562
4 0.289062 0.207813 0.056250 0.056250
4 0.429688 0.228125 0.106250 0.106250
4 0.479687 0.303906 0.106250 0.064062
4 0.567969 0.540625 0.060937 0.065625
3 0.544531 0.602344 0.079687 0.079687
3 0.282813 0.496094 0.153125 0.051562
3 0.064844 0.539844 0.089063 0.126562
3 0.563281 0.864844 0.085938 0.039062
3 0.479687 0.875781 0.090625 0.045312
3 0.400781 0.928906 0.073438 0.120313
3 0.406250 0.854688 0.040625 0.053125
3 0.454688 0.732812 0.043750 0.071875
3 0.560156 0.798438 0.076563 0.034375
3 0.591406 0.722656 0.064062 0.039062
3 0.601562 0.750781 0.056250 0.042188
5 0.603125 0.806250 0.053125 0.034375
2 0.283594 0.662500 0.095312 0.065625
2 0.101562 0.823438 0.131250 0.065625
4 0.403906 0.759375 0.060937 0.046875
4 0.529687 0.817187 0.037500 0.034375
4 0.525781 0.727344 0.064062 0.076563
4 0.415625 0.576562 0.034375 0.046875
