3 0.316406 0.046094 0.032813 0.042188
4 0.350781 0.164844 0.026562 0.020313
2 0.542969 0.017188 0.070312 0.034375
5 0.501563 0.285938 0.046875 0.043750
3 0.800000 0.013281 0.084375 0.026562
3 0.939063 0.167187 0.081250 0.043750
3 0.899219 0.016406 0.082812 0.032813
4 0.734375 0.325000 0.050000 0.043750
5 0.713281 0.410156 0.123438 0.114062
4 0.879687 0.491406 0.125000 0.098437
4 0.497656 0.445312 0.045312 0.031250
4 0.770312 0.651563 0.056250 0.040625
4 0.723437 0.755469 0.050000 0.042188
5 0.981250 0.770312 0.037500 0.056250
5 0.472656 0.644531 0.070312 0.089063
3 0.471875 0.835156 0.053125 0.054688
