3 0.216406 0.432812 0.045312 0.087500
3 0.304688 0.072656 0.087500 0.120313
3 0.742969 0.561719 0.101562 0.114062
3 0.338281 0.753125 0.064062 0.096875
3 0.460938 0.743750 0.115625 0.081250
3 0.277344 0.888281 0.089063 0.039062
3 0.338281 0.911719 0.095312 0.035937
3 0.235937 0.835156 0.081250 0.057813
3 0.242969 0.732812 0.054688 0.062500
4 0.451562 0.796094 0.081250 0.079687
4 0.345313 0.561719 0.090625 0.073438
4 0.442188 0.625000 0.065625 0.053125
4 0.854688 0.669531 0.081250 0.067187
4 0.436719 0.214062 0.048438 0.043750
5 0.694531 0.042969 0.110937 0.085938
4 0.409375 0.577344 0.040625 0.048438
5 0.384375 0.639062 0.068750 0.040625
2 0.537500 0.660156 0.100000 0.060937
5 0.278906 0.773438 0.060937 0.040625
4 0.146094 0.057031 0.060937 0.079687
5 0.217969 0.056250 0.092188 0.087500
5 0.806250 0.917188 0.065625 0.115625
4 0.635938 0.764062 0.075000 0.096875
4 0.310156 0.857812 0.051562 0.037500
5 0.088281 0.479687 0.051562 0.043750
