5 0.585938 0.077344 0.050000 0.051562
3 0.504687 0.132031 0.081250 0.076563
3 0.465625 0.166406 0.081250 0.064062
3 0.587500 0.268750 0.034375 0.034375
3 0.636719 0.250000 0.048438 0.046875
5 0.217969 0.382812 0.098437 0.084375
3 0.321875 0.262500 0.087500 0.084375
5 0.283594 0.292969 0.057813 0.048438
5 0.135156 0.126562 0.095312 0.084375
2 0.264062 0.142187 0.075000 0.053125
5 0.554688 0.200000 0.040625 0.043750
5 0.585938 0.312500 0.040625 0.028125
5 0.481250 0.327344 0.025000 0.017188
3 0.499219 0.332031 0.039062 0.042188
3 0.533594 0.388281 0.079687 0.051562
3 0.512500 0.415625 0.090625 0.056250
5 0.637500 0.409375 0.031250 0.021875
3 0.544531 0.495312 0.082812 0.050000
5 0.575781 0.464062 0.035937 0.028125
5 0.353906 0.459375 0.051562 0.037500
5 0.390625 0.454688 0.031250 0.028125
3 0.331250 0.506250 0.112500 0.062500
3 0.415625 0.563281 0.068750 0.039062
3 0.493750 0.521875 0.087500 0.062500
2 0.585938 0.647656 0.062500 0.064062
2 0.584375 0.684375 0.025000 0.031250
2 0.542969 0.627344 0.051562 0.035937
5 0.496094 0.592187 0.079687 0.056250
5 0.623437 0.521094 0.034375 0.026562
2 0.626563 0.535156 0.037500 0.026562
3 0.482031 0.628906 0.095312 0.045312
5 0.640625 0.745313 0.031250 0.034375
5 0.612500 0.747656 0.034375 0.026562
2 0.631250 0.800781 0.100000 0.101562
3 0.707031 0.838281 0.070312 0.051562
5 0.545312 0.845313 0.056250 0.040625
5 0.585938 0.815625 0.065625 0.062500
3 0.637500 0.866406 0.068750 0.079687
3 0.634375 0.964844 0.046875 0.042188
3 0.669531 0.931250 0.076563 0.084375
5 0.687500 0.874219 0.056250 0.051562
5 0.708594 0.945312 0.042188 0.034375
