3 0.439844 0.477344 0.060937 0.064062
3 0.407813 0.307812 0.084375 0.112500
3 0.278906 0.123438 0.067187 0.075000
3 0.307031 0.061719 0.054688 0.042188
3 0.832812 0.284375 0.125000 0.159375
3 0.757812 0.430469 0.165625 0.073438
3 0.398438 0.592187 0.068750 0.068750
3 0.356250 0.570312 0.068750 0.059375
4 0.682813 0.876563 0.071875 0.071875
5 0.507812 0.688281 0.090625 0.057813
4 0.689063 0.484375 0.190625 0.137500
5 0.528906 0.437500 0.085938 0.071875
3 0.561719 0.493750 0.048438 0.053125
3 0.548438 0.303125 0.128125 0.103125
4 0.597656 0.389062 0.114062 0.109375
4 0.683594 0.393750 0.079687 0.059375
2 0.673438 0.242969 0.118750 0.098437
4 0.758594 0.185156 0.170313 0.107813
5 0.807031 0.026562 0.107813 0.053125
2 0.950000 0.448437 0.100000 0.103125
3 0.937500 0.728125 0.125000 0.159375
5 0.692969 0.600781 0.170313 0.117188
