3 0.553906 0.544531 0.064062 0.067187
3 0.598437 0.710938 0.090625 0.115625
3 0.739844 0.886719 0.070312 0.076563
3 0.714844 0.946094 0.054688 0.039062
3 0.175781 0.764844 0.132812 0.164062
3 0.240625 0.614062 0.165625 0.084375
3 0.587500 0.426563 0.071875 0.071875
3 0.632812 0.446875 0.071875 0.062500
4 0.284375 0.164062 0.075000 0.075000
5 0.471094 0.340625 0.092188 0.062500
4 0.304688 0.557031 0.196875 0.148438
5 0.469531 0.589844 0.089063 0.076563
3 0.431250 0.536719 0.050000 0.054688
3 0.458594 0.726562 0.132812 0.109375
4 0.403906 0.643750 0.120313 0.115625
4 0.317969 0.643750 0.082812 0.062500
2 0.336719 0.796094 0.123438 0.104688
4 0.256250 0.858594 0.175000 0.117188
2 0.050781 0.607031 0.095312 0.104688
3 0.053906 0.329688 0.107813 0.165625
5 0.294531 0.438281 0.173437 0.126562
