5 0.315625 0.229687 0.059375 0.081250
5 0.449219 0.198437 0.079687 0.087500
4 0.165625 0.140625 0.134375 0.093750
3 0.429688 0.014844 0.103125 0.029687
3 0.492969 0.100000 0.073438 0.090625
4 0.620313 0.488281 0.046875 0.029687
3 0.857031 0.360938 0.035937 0.028125
5 0.715625 0.607812 0.046875 0.043750
5 0.637500 0.648438 0.084375 0.134375
4 0.852344 0.628125 0.026562 0.021875
4 0.134375 0.501563 0.125000 0.084375
2 0.273438 0.401562 0.084375 0.050000
5 0.037500 0.346875 0.075000 0.065625
4 0.278125 0.621094 0.096875 0.054688
4 0.304688 0.709375 0.087500 0.059375
5 0.353125 0.709375 0.056250 0.071875
3 0.315625 0.625000 0.062500 0.100000
4 0.205469 0.515625 0.045312 0.037500
5 0.480469 0.403125 0.070312 0.078125
