4 0.404687 0.540625 0.040625 0.050000
4 0.536719 0.642969 0.082812 0.082812
5 0.453125 0.746875 0.128125 0.137500
4 0.378906 0.790625 0.048438 0.056250
4 0.574219 0.915625 0.123438 0.121875
3 0.290625 0.984375 0.050000 0.031250
3 0.098437 0.923438 0.031250 0.065625
3 0.147656 0.969531 0.098437 0.060937
3 0.008594 0.500781 0.017188 0.035937
3 0.113281 0.492969 0.029687 0.026562
5 0.266406 0.579688 0.051562 0.050000
5 0.601562 0.439844 0.118750 0.101562
3 0.764844 0.397656 0.064062 0.060937
4 0.771875 0.682813 0.053125 0.056250
4 0.692969 0.735938 0.051562 0.053125
