3 0.449219 0.736719 0.054688 0.057813
4 0.543750 0.995313 0.050000 0.009375
3 0.343750 0.721094 0.109375 0.085938
3 0.257812 0.520312 0.040625 0.106250
3 0.154688 0.432812 0.078125 0.093750
3 0.124219 0.585156 0.089063 0.079687
3 0.135937 0.749219 0.093750 0.095312
3 0.242188 0.758594 0.081250 0.110937
5 0.308594 0.800000 0.067187 0.065625
5 0.974219 0.499219 0.051562 0.110937
5 0.678906 0.196875 0.048438 0.040625
3 0.261719 0.632812 0.104688 0.068750
4 0.283594 0.938281 0.107813 0.082812
4 0.395313 0.939844 0.065625 0.104688
