3 0.454688 0.402344 0.087500 0.054688
3 0.377344 0.255469 0.085938 0.042188
3 0.799219 0.663281 0.132812 0.079687
3 0.963281 0.494531 0.073438 0.135937
3 0.583594 0.542969 0.076563 0.079687
3 0.644531 0.962500 0.060937 0.050000
3 0.710938 0.791406 0.090625 0.057813
4 0.636719 0.192969 0.070312 0.054688
4 0.796094 0.572656 0.123438 0.104688
4 0.892188 0.536719 0.143750 0.192188
4 0.946094 0.562500 0.085938 0.065625
4 0.969531 0.696875 0.060937 0.125000
4 0.963281 0.618750 0.073438 0.059375
4 0.728125 0.484375 0.046875 0.059375
3 0.874219 0.160156 0.135937 0.123438
5 0.669531 0.024219 0.098437 0.048438
4 0.728906 0.732812 0.060937 0.043750
5 0.817187 0.370312 0.128125 0.081250
5 0.581250 0.275781 0.071875 0.045312
