3 0.432812 0.216406 0.087500 0.045312
3 0.072656 0.304688 0.120313 0.087500
3 0.561719 0.742969 0.114062 0.101562
3 0.753125 0.338281 0.096875 0.064062
3 0.743750 0.460938 0.081250 0.115625
3 0.888281 0.277344 0.039062 0.089063
3 0.911719 0.338281 0.035937 0.095312
3 0.835156 0.235937 0.057813 0.081250
3 0.732812 0.242969 0.062500 0.054688
4 0.796094 0.451562 0.079687 0.081250
4 0.561719 0.345313 0.073438 0.090625
4 0.625000 0.442188 0.053125 0.065625
4 0.669531 0.854688 0.067187 0.081250
4 0.214062 0.436719 0.043750 0.048438
5 0.042969 0.694531 0.085938 0.110937
4 0.577344 0.409375 0.048438 0.040625
5 0.639062 0.384375 0.040625 0.068750
2 0.660156 0.537500 0.060937 0.100000
5 0.773438 0.278906 0.040625 0.060937
4 0.057031 0.146094 0.079687 0.060937
5 0.056250 0.217969 0.087500 0.092188
5 0.917188 0.806250 0.115625 0.065625
4 0.764062 0.635938 0.096875 0.075000
4 0.857812 0.310156 0.037500 0.051562
5 0.479687 0.088281 0.043750 0.051562
