3 0.237500 0.824219 0.068750 0.079687
3 0.342969 0.985156 0.095312 0.029687
3 0.610938 0.894531 0.040625 0.048438
3 0.759375 0.578125 0.056250 0.050000
5 0.442188 0.600000 0.053125 0.040625
5 0.345313 0.512500 0.053125 0.040625
5 0.432031 0.525000 0.101562 0.125000
3 0.112500 0.503125 0.059375 0.059375
4 0.423438 0.849219 0.109375 0.082812
4 0.071875 0.768750 0.065625 0.078125
3 0.380469 0.410156 0.035937 0.035937
3 0.097656 0.311719 0.073438 0.045312
5 0.030469 0.167969 0.060937 0.117188
5 0.257812 0.310156 0.056250 0.064062
