5 0.308594 0.574219 0.073438 0.070312
3 0.210938 0.244531 0.131250 0.070312
4 0.549219 0.233594 0.092188 0.070312
3 0.710938 0.174219 0.071875 0.079687
5 0.790625 0.107031 0.062500 0.060937
4 0.329688 0.439063 0.125000 0.087500
2 0.253906 0.475000 0.079687 0.096875
4 0.192969 0.582812 0.073438 0.053125
3 0.248438 0.742969 0.081250 0.110937
3 0.435937 0.610938 0.053125 0.056250
3 0.489844 0.669531 0.073438 0.082812
3 0.490625 0.768750 0.084375 0.081250
3 0.382812 0.728906 0.112500 0.092188
3 0.389062 0.862500 0.071875 0.040625
5 0.387500 0.670312 0.078125 0.056250
