3 0.616406 0.243750 0.089063 0.053125
3 0.940625 0.400000 0.118750 0.096875
3 0.386719 0.720313 0.120313 0.109375
3 0.285156 0.295312 0.101562 0.071875
3 0.269531 0.414062 0.089063 0.118750
3 0.167187 0.208594 0.046875 0.092188
3 0.134375 0.263281 0.043750 0.095312
3 0.228125 0.178906 0.062500 0.085938
3 0.324219 0.206250 0.067187 0.059375
4 0.221094 0.392969 0.085938 0.085938
4 0.467187 0.339844 0.081250 0.095312
4 0.387500 0.421094 0.059375 0.070312
4 0.261719 0.806250 0.070312 0.084375
4 0.781250 0.498437 0.046875 0.053125
5 0.905469 0.782813 0.123438 0.118750
4 0.439063 0.399219 0.050000 0.042188
5 0.385156 0.361719 0.045312 0.070312
2 0.335156 0.503906 0.070312 0.101562
5 0.278906 0.232813 0.045312 0.062500
4 0.974219 0.253125 0.051562 0.068750
5 0.964063 0.321875 0.071875 0.100000
5 0.045312 0.710156 0.090625 0.073438
4 0.214062 0.575781 0.100000 0.082812
4 0.190625 0.246094 0.040625 0.054688
5 0.599219 0.110937 0.048438 0.056250
