3 0.575000 0.563281 0.046875 0.089063
3 0.744531 0.611719 0.032813 0.089063
3 0.228125 0.263281 0.068750 0.135937
3 0.364844 0.044531 0.139063 0.082812
3 0.400000 0.460938 0.075000 0.071875
3 0.114062 0.383594 0.050000 0.092188
4 0.752344 0.328906 0.048438 0.070312
4 0.322656 0.245312 0.098437 0.118750
4 0.338281 0.139063 0.189062 0.128125
4 0.298438 0.088281 0.059375 0.082812
4 0.147656 0.064062 0.120313 0.109375
4 0.235937 0.078906 0.053125 0.076563
4 0.428906 0.297656 0.057813 0.042188
3 0.733594 0.073438 0.117188 0.131250
5 0.932813 0.252344 0.062500 0.098437
4 0.170313 0.350781 0.037500 0.060937
5 0.527344 0.178906 0.070312 0.129688
5 0.679688 0.405469 0.040625 0.073438
