5 0.456250 0.862500 0.078125 0.071875
4 0.221875 0.438281 0.096875 0.126562
4 0.083594 0.389844 0.092188 0.120313
3 0.328906 0.557813 0.117188 0.115625
3 0.363281 0.435937 0.070312 0.106250
4 0.512500 0.511719 0.059375 0.057813
2 0.497656 0.275000 0.107813 0.100000
5 0.524219 0.175781 0.070312 0.085938
3 0.875781 0.076563 0.098437 0.150000
4 0.474219 0.103906 0.060937 0.089063
4 0.185938 0.235937 0.050000 0.043750
4 0.136719 0.185938 0.067187 0.090625
5 0.396875 0.965625 0.156250 0.068750
4 0.860938 0.195312 0.068750 0.087500
4 0.414062 0.664844 0.087500 0.101562
