3 0.574219 0.824219 0.126562 0.070312
3 0.594531 0.863281 0.123438 0.085938
3 0.745313 0.789062 0.096875 0.050000
3 0.367188 0.666406 0.134375 0.142187
3 0.050000 0.517188 0.100000 0.153125
3 0.117188 0.425000 0.137500 0.065625
3 0.117188 0.261719 0.125000 0.132812
3 0.096875 0.194531 0.125000 0.092188
3 0.289844 0.111719 0.104688 0.079687
3 0.551562 0.136719 0.121875 0.048438
3 0.513281 0.192969 0.129688 0.085938
3 0.410938 0.206250 0.146875 0.093750
3 0.337500 0.284375 0.096875 0.143750
3 0.270313 0.242969 0.112500 0.145313
3 0.192969 0.235937 0.092188 0.112500
3 0.416406 0.425781 0.082812 0.064062
3 0.477344 0.451562 0.054688 0.081250
3 0.236719 0.547656 0.092188 0.073438
3 0.267188 0.617969 0.112500 0.045312
3 0.460156 0.779687 0.060937 0.062500
3 0.728125 0.851562 0.053125 0.037500
3 0.430469 0.876563 0.095312 0.075000
3 0.732812 0.922656 0.078125 0.042188
3 0.354687 0.827344 0.068750 0.045312
2 0.175000 0.750000 0.115625 0.109375
2 0.455469 0.937500 0.107813 0.081250
2 0.989062 0.835156 0.021875 0.098437
2 0.176563 0.093750 0.134375 0.100000
2 0.292969 0.585156 0.082812 0.054688
2 0.046875 0.924219 0.043750 0.101562
4 0.467969 0.557031 0.060937 0.067187
3 0.200000 0.383594 0.071875 0.104688
5 0.664062 0.345313 0.053125 0.053125
5 0.571094 0.589844 0.082812 0.092188
2 0.552344 0.480469 0.032813 0.029687
2 0.829688 0.884375 0.056250 0.056250
3 0.623437 0.480469 0.078125 0.045312
5 0.527344 0.282031 0.054688 0.054688
5 0.325000 0.786719 0.071875 0.064062
5 0.387500 0.980469 0.068750 0.039062
4 0.403906 0.581250 0.054688 0.040625
5 0.175000 0.507812 0.056250 0.056250
4 0.638281 0.978125 0.095312 0.034375
2 0.907031 0.653125 0.032813 0.031250
2 0.597656 0.168750 0.057813 0.040625
