3 0.587500 0.322656 0.093750 0.079687
3 0.407031 0.308594 0.060937 0.082812
3 0.237500 0.354687 0.075000 0.078125
3 0.500781 0.433594 0.114062 0.039062
3 0.378906 0.450000 0.070312 0.100000
3 0.243750 0.437500 0.115625 0.056250
3 0.291406 0.546875 0.067187 0.081250
5 0.212500 0.520312 0.050000 0.065625
3 0.292969 0.659375 0.067187 0.046875
4 0.057813 0.557813 0.115625 0.109375
4 0.869531 0.800781 0.032813 0.045312
3 0.950000 0.057813 0.059375 0.075000
4 0.087500 0.683594 0.081250 0.073438
5 0.163281 0.575000 0.054688 0.312500
