5 0.367969 0.332031 0.064062 0.060937
5 0.418750 0.414844 0.134375 0.126562
4 0.565625 0.740625 0.081250 0.103125
4 0.516406 0.835938 0.076563 0.093750
3 0.509375 0.801562 0.112500 0.103125
5 0.578906 0.703906 0.076563 0.095312
5 0.378906 0.645312 0.057813 0.062500
4 0.315625 0.483594 0.050000 0.067187
2 0.302344 0.970313 0.095312 0.059375
5 0.224219 0.743750 0.104688 0.118750
5 0.078906 0.855469 0.042188 0.076563
5 0.100000 0.988281 0.018750 0.023438
3 0.404687 0.995313 0.059375 0.009375
3 0.422656 0.961719 0.060937 0.076563
3 0.099219 0.305469 0.039062 0.032813
5 0.452344 0.204687 0.035937 0.037500
4 0.519531 0.522656 0.064062 0.085938
4 0.885938 0.612500 0.090625 0.115625
4 0.731250 0.914844 0.043750 0.085938
