3 0.812500 0.506250 0.059375 0.096875
3 0.766406 0.117969 0.107813 0.135937
3 0.243750 0.573438 0.118750 0.131250
3 0.642969 0.828125 0.079687 0.109375
3 0.515625 0.802344 0.131250 0.098437
3 0.689844 0.975000 0.098437 0.050000
3 0.622656 0.983594 0.104688 0.032813
3 0.741406 0.927344 0.092188 0.070312
3 0.746875 0.818750 0.065625 0.071875
4 0.520312 0.857812 0.093750 0.093750
4 0.661719 0.625781 0.104688 0.089063
4 0.550000 0.678906 0.075000 0.064062
4 0.111719 0.671094 0.092188 0.079687
4 0.610938 0.249219 0.056250 0.051562
5 0.363281 0.043750 0.129688 0.087500
4 0.592187 0.633594 0.046875 0.054688
5 0.609375 0.700781 0.078125 0.051562
2 0.447656 0.703125 0.110937 0.078125
5 0.704688 0.856250 0.068750 0.050000
4 0.936719 0.115625 0.073438 0.100000
5 0.860938 0.106250 0.109375 0.112500
5 0.136719 0.911719 0.073438 0.073438
4 0.331250 0.801562 0.090625 0.109375
4 0.661719 0.941406 0.057813 0.045312
5 0.942187 0.572656 0.059375 0.051562
