5 0.462500 0.289844 0.062500 0.057813
5 0.475000 0.385937 0.131250 0.125000
4 0.475781 0.738281 0.079687 0.101562
4 0.393750 0.805469 0.075000 0.092188
3 0.400781 0.771875 0.110937 0.103125
5 0.503125 0.711719 0.075000 0.095312
5 0.344531 0.578125 0.057813 0.062500
4 0.354687 0.406250 0.046875 0.065625
2 0.140625 0.854688 0.093750 0.087500
5 0.166406 0.604688 0.104688 0.118750
3 0.221094 0.926562 0.060937 0.056250
3 0.254688 0.889062 0.059375 0.090625
3 0.228906 0.157812 0.039062 0.031250
5 0.588281 0.207813 0.035937 0.037500
4 0.522656 0.522656 0.064062 0.085938
4 0.817969 0.753125 0.089063 0.115625
4 0.554688 0.959375 0.043750 0.081250
