5 0.292969 0.432812 0.051562 0.056250
5 0.384375 0.457031 0.112500 0.120313
4 0.730469 0.499219 0.095312 0.070312
4 0.805469 0.428125 0.085938 0.065625
3 0.771094 0.429688 0.092188 0.100000
5 0.699219 0.523438 0.085938 0.065625
5 0.589063 0.353125 0.056250 0.050000
4 0.420312 0.340625 0.062500 0.040625
2 0.884375 0.185938 0.078125 0.087500
5 0.635156 0.181250 0.107813 0.090625
5 0.696875 0.015625 0.071875 0.031250
3 0.951562 0.272656 0.065625 0.054688
3 0.903125 0.300781 0.084375 0.048438
3 0.192188 0.188281 0.028125 0.035937
5 0.197656 0.546875 0.032813 0.031250
4 0.512500 0.518750 0.078125 0.053125
4 0.702344 0.835156 0.107813 0.076563
4 0.939063 0.604688 0.081250 0.034375
