4 0.316406 0.778125 0.057813 0.090625
4 0.800781 0.550781 0.101562 0.092188
4 0.948438 0.264062 0.071875 0.109375
4 0.565625 0.424219 0.059375 0.057813
5 0.095312 0.057031 0.143750 0.079687
5 0.137500 0.710156 0.121875 0.132812
5 0.208594 0.408594 0.101562 0.067187
3 0.639062 0.725000 0.081250 0.084375
3 0.661719 0.854688 0.073438 0.053125
3 0.994531 0.400781 0.010937 0.057813
5 0.346094 0.676562 0.126562 0.112500
3 0.392969 0.659375 0.070312 0.096875
3 0.893750 0.236719 0.093750 0.101562
2 0.976562 0.330469 0.046875 0.107813
5 0.512500 0.059375 0.075000 0.115625
