5 0.530469 0.726562 0.110937 0.150000
5 0.349219 0.407813 0.114062 0.100000
4 0.195312 0.852344 0.062500 0.073438
4 0.316406 0.762500 0.054688 0.043750
4 0.339062 0.678906 0.065625 0.085938
4 0.474219 0.656250 0.089063 0.084375
4 0.593750 0.546875 0.043750 0.062500
5 0.691406 0.551562 0.045312 0.043750
3 0.978906 0.458594 0.042188 0.051562
4 0.875000 0.433594 0.034375 0.029687
4 0.606250 0.753906 0.043750 0.048438
3 0.698438 0.952344 0.081250 0.082812
4 0.407031 0.896875 0.117188 0.115625
3 0.267969 0.480469 0.082812 0.064062
3 0.381250 0.466406 0.050000 0.054688
4 0.918750 0.898438 0.059375 0.068750
3 0.874219 0.968750 0.117188 0.062500
