5 0.302344 0.782813 0.057813 0.078125
5 0.428906 0.810937 0.076563 0.084375
4 0.162500 0.871094 0.128125 0.089063
3 0.413281 0.984375 0.098437 0.031250
3 0.471094 0.903906 0.070312 0.085938
4 0.585938 0.534375 0.043750 0.028125
3 0.810937 0.650781 0.034375 0.026562
5 0.672656 0.421094 0.045312 0.042188
5 0.599219 0.383594 0.079687 0.126562
4 0.803125 0.399219 0.025000 0.020313
4 0.128125 0.529687 0.118750 0.081250
2 0.260156 0.622656 0.082812 0.048438
5 0.039062 0.677344 0.071875 0.064062
4 0.260156 0.414062 0.092188 0.053125
4 0.283594 0.331250 0.085938 0.056250
5 0.328906 0.330469 0.054688 0.070312
3 0.296094 0.410156 0.060937 0.095312
4 0.193750 0.515625 0.043750 0.034375
5 0.455469 0.616406 0.067187 0.073438
4 0.264062 0.021875 0.103125 0.037500
