4 0.653906 0.707812 0.060937 0.087500
4 0.188281 0.546094 0.101562 0.092188
4 0.031250 0.296875 0.062500 0.106250
4 0.391406 0.407031 0.057813 0.057813
5 0.785937 0.035156 0.140625 0.070312
5 0.810156 0.628125 0.123438 0.131250
5 0.716406 0.360938 0.098437 0.071875
4 0.986719 0.543750 0.026562 0.115625
3 0.353125 0.691406 0.081250 0.082812
3 0.345313 0.810937 0.071875 0.056250
5 0.614844 0.617969 0.126562 0.114062
3 0.571875 0.607031 0.071875 0.095312
3 0.073438 0.268750 0.093750 0.100000
2 0.017188 0.362500 0.034375 0.103125
5 0.404687 0.067969 0.078125 0.110937
