5 0.719531 0.507812 0.045312 0.046875
4 0.281250 0.649219 0.106250 0.067187
4 0.201563 0.683594 0.087500 0.067187
3 0.404687 0.507812 0.065625 0.112500
4 0.571875 0.465625 0.068750 0.040625
4 0.472656 0.454688 0.076563 0.075000
4 0.360938 0.339844 0.053125 0.048438
3 0.309375 0.482812 0.090625 0.037500
2 0.178906 0.328125 0.067187 0.078125
5 0.033594 0.256250 0.067187 0.053125
5 0.264062 0.943750 0.071875 0.071875
4 0.143750 0.892969 0.112500 0.101562
5 0.014063 0.552344 0.025000 0.060937
5 0.804688 0.570312 0.090625 0.140625
