2 0.717969 0.043750 0.070312 0.050000
2 0.985156 0.260156 0.029687 0.070312
5 0.987500 0.160156 0.025000 0.082812
5 0.985938 0.367969 0.028125 0.054688
5 0.707812 0.471094 0.137500 0.098437
5 0.417187 0.656250 0.087500 0.103125
4 0.842969 0.779687 0.067187 0.056250
4 0.752344 0.668750 0.039062 0.050000
4 0.671875 0.653125 0.078125 0.059375
4 0.644531 0.525000 0.076563 0.078125
4 0.535156 0.418750 0.057813 0.037500
5 0.534375 0.328125 0.037500 0.040625
3 0.432812 0.060156 0.046875 0.039062
4 0.414062 0.159375 0.028125 0.031250
4 0.729688 0.397656 0.043750 0.039062
3 0.912500 0.301563 0.075000 0.071875
4 0.873437 0.578906 0.103125 0.107813
3 0.488281 0.730469 0.057813 0.076563
3 0.468750 0.624219 0.050000 0.045312
4 0.852344 0.077344 0.067187 0.092188
3 0.921875 0.132812 0.059375 0.109375
5 0.954688 0.842969 0.031250 0.057813
