3 0.184375 0.374219 0.090625 0.135937
3 0.149219 0.348438 0.104688 0.134375
3 0.247656 0.209375 0.064062 0.103125
3 0.310156 0.607812 0.160938 0.153125
3 0.409375 0.943750 0.165625 0.112500
3 0.513281 0.897656 0.085938 0.145313
3 0.675781 0.923438 0.151562 0.143750
3 0.741406 0.942187 0.110937 0.115625
3 0.855469 0.773438 0.095312 0.115625
3 0.871094 0.507031 0.067187 0.126562
3 0.809375 0.536719 0.106250 0.142187
3 0.778906 0.637500 0.114062 0.159375
3 0.689844 0.697656 0.157812 0.120313
3 0.719531 0.771094 0.160938 0.135937
3 0.715625 0.851562 0.121875 0.106250
3 0.559375 0.595313 0.075000 0.090625
3 0.543750 0.532031 0.090625 0.067187
3 0.409375 0.757031 0.087500 0.101562
3 0.342969 0.716406 0.060937 0.117188
3 0.210938 0.495312 0.071875 0.068750
3 0.182031 0.215625 0.045312 0.059375
3 0.108594 0.510156 0.089063 0.104688
3 0.110937 0.200000 0.053125 0.081250
3 0.147656 0.592969 0.054688 0.073438
2 0.196094 0.786719 0.126562 0.132812
2 0.051562 0.475781 0.096875 0.120313
2 0.855469 0.889062 0.120313 0.146875
2 0.380469 0.695312 0.067187 0.090625
2 0.025781 0.882812 0.051562 0.050000
4 0.435156 0.523438 0.076563 0.071875
3 0.566406 0.821094 0.114062 0.089063
5 0.679688 0.360938 0.059375 0.059375
5 0.420312 0.413281 0.103125 0.095312
2 0.527344 0.450000 0.035937 0.037500
2 0.165625 0.109375 0.065625 0.065625
3 0.539062 0.380469 0.056250 0.082812
5 0.721094 0.508594 0.064062 0.064062
5 0.182812 0.631250 0.075000 0.081250
5 0.010156 0.534375 0.020313 0.071875
4 0.402344 0.583594 0.048438 0.060937
5 0.439063 0.825781 0.065625 0.064062
4 0.046094 0.286719 0.039062 0.098437
2 0.409375 0.067187 0.037500 0.037500
2 0.846094 0.456250 0.048438 0.062500
