3 0.775000 0.627344 0.053125 0.089063
3 0.616406 0.946875 0.098437 0.106250
3 0.293750 0.393750 0.109375 0.121875
3 0.722656 0.291406 0.073438 0.101562
3 0.603125 0.275781 0.121875 0.092188
3 0.810156 0.173437 0.092188 0.046875
3 0.756250 0.139063 0.096875 0.043750
3 0.839844 0.233594 0.085938 0.064062
3 0.812500 0.332031 0.059375 0.067187
4 0.623437 0.225781 0.087500 0.085938
4 0.678125 0.476562 0.096875 0.081250
4 0.596094 0.395313 0.070312 0.059375
4 0.207031 0.268750 0.085938 0.071875
4 0.518750 0.793750 0.053125 0.046875
5 0.232031 0.914062 0.120313 0.115625
4 0.618750 0.448437 0.043750 0.050000
5 0.655469 0.392969 0.070312 0.045312
2 0.513281 0.341406 0.101562 0.070312
5 0.786719 0.284375 0.064062 0.046875
4 0.765625 0.981250 0.068750 0.037500
5 0.695312 0.971094 0.100000 0.057813
5 0.303906 0.047656 0.076563 0.095312
4 0.438281 0.219531 0.082812 0.101562
4 0.772656 0.196094 0.054688 0.042188
5 0.909375 0.608594 0.056250 0.048438
