4 0.643750 0.119531 0.093750 0.060937
5 0.643750 0.178125 0.121875 0.109375
5 0.441406 0.116406 0.132812 0.104688
5 0.376563 0.792969 0.128125 0.082812
5 0.661719 0.638281 0.070312 0.107813
5 0.552344 0.597656 0.064062 0.079687
5 0.064844 0.788281 0.057813 0.089063
4 0.839844 0.417187 0.085938 0.062500
4 0.230469 0.222656 0.142187 0.104688
4 0.264844 0.980469 0.064062 0.039062
4 0.818750 0.164062 0.071875 0.078125
3 0.694531 0.267969 0.101562 0.073438
4 0.336719 0.631250 0.089063 0.093750
3 0.985938 0.210938 0.018750 0.037500
5 0.837500 0.882031 0.112500 0.179688
