3 0.563281 0.389844 0.095312 0.082812
3 0.387500 0.390625 0.062500 0.084375
3 0.225000 0.444531 0.078125 0.079687
3 0.485938 0.503125 0.112500 0.043750
3 0.369531 0.528125 0.073438 0.100000
3 0.238281 0.525000 0.114062 0.062500
3 0.292187 0.627344 0.068750 0.082812
5 0.212500 0.608594 0.050000 0.064062
3 0.300781 0.736719 0.067187 0.051562
4 0.067969 0.653125 0.114062 0.112500
4 0.867969 0.834375 0.035937 0.046875
3 0.903125 0.108594 0.078125 0.076563
4 0.102344 0.775000 0.082812 0.075000
5 0.167969 0.664062 0.073438 0.303125
