3 0.401562 0.317188 0.034375 0.112500
3 0.294531 0.510156 0.110937 0.079687
3 0.239844 0.101562 0.026562 0.078125
3 0.008594 0.132812 0.017188 0.084375
3 0.094531 0.114062 0.048438 0.075000
3 0.059375 0.085156 0.050000 0.051562
4 0.110156 0.264062 0.045312 0.065625
5 0.109375 0.238281 0.059375 0.039062
4 0.107031 0.172656 0.064062 0.070312
5 0.021875 0.092188 0.031250 0.056250
4 0.250000 0.245312 0.037500 0.028125
2 0.065625 0.402344 0.084375 0.089063
4 0.160156 0.760938 0.123438 0.118750
4 0.254688 0.063281 0.053125 0.045312
4 0.585156 0.134375 0.107813 0.053125
4 0.576562 0.288281 0.046875 0.042188
4 0.516406 0.117969 0.054688 0.070312
5 0.744531 0.119531 0.098437 0.089063
4 0.965625 0.342187 0.065625 0.056250
5 0.877344 0.410156 0.051562 0.060937
3 0.880469 0.685156 0.045312 0.114062
5 0.950781 0.688281 0.098437 0.104688
2 0.700781 0.953125 0.098437 0.090625
5 0.642969 0.493750 0.082812 0.078125
