3 0.365625 0.978906 0.034375 0.042188
4 0.371094 0.860156 0.026562 0.020313
2 0.589063 0.961719 0.071875 0.054688
5 0.485156 0.710938 0.048438 0.046875
3 0.834375 0.915625 0.087500 0.071875
3 0.928125 0.720313 0.087500 0.053125
3 0.927344 0.894531 0.089063 0.089063
2 0.992188 0.798438 0.015625 0.081250
4 0.695312 0.619531 0.050000 0.045312
5 0.654687 0.544531 0.128125 0.120313
4 0.792188 0.428125 0.128125 0.106250
4 0.443750 0.560937 0.046875 0.034375
4 0.653125 0.303125 0.059375 0.046875
4 0.583594 0.216406 0.051562 0.045312
5 0.850781 0.135937 0.098437 0.065625
5 0.373437 0.379688 0.075000 0.090625
3 0.327344 0.200781 0.054688 0.057813
