3 0.949219 0.878125 0.101562 0.062500
2 0.646094 0.670312 0.057813 0.062500
3 0.457031 0.689844 0.039062 0.029687
3 0.392188 0.821094 0.028125 0.029687
4 0.575000 0.852344 0.034375 0.026562
5 0.492188 0.599219 0.025000 0.017188
5 0.622656 0.517188 0.057813 0.053125
4 0.675000 0.556250 0.031250 0.053125
4 0.638281 0.576562 0.048438 0.065625
5 0.795312 0.342187 0.109375 0.131250
4 0.861719 0.417969 0.051562 0.048438
4 0.575000 0.346094 0.046875 0.039062
4 0.822656 0.152344 0.107813 0.095312
4 0.950781 0.642969 0.073438 0.035937
4 0.917969 0.785156 0.092188 0.092188
4 0.990625 0.719531 0.018750 0.064062
