5 0.407813 0.297656 0.056250 0.054688
4 0.378125 0.759375 0.090625 0.118750
4 0.363281 0.844531 0.085938 0.101562
3 0.485938 0.603125 0.125000 0.090625
4 0.485938 0.432031 0.056250 0.076563
4 0.520312 0.524219 0.090625 0.092188
4 0.659375 0.606250 0.059375 0.062500
3 0.532031 0.690625 0.057813 0.096875
2 0.714844 0.779687 0.092188 0.084375
5 0.817969 0.902344 0.067187 0.076563
5 0.101562 0.845313 0.075000 0.084375
4 0.173437 0.941406 0.125000 0.117188
5 0.534375 0.986719 0.065625 0.026562
5 0.327344 0.229687 0.157812 0.121875
