5 0.058594 0.418750 0.117188 0.137500
5 0.071094 0.829688 0.107813 0.125000
4 0.187500 0.599219 0.059375 0.057813
4 0.239844 0.479687 0.110937 0.109375
4 0.320312 0.455469 0.071875 0.104688
4 0.554688 0.436719 0.068750 0.064062
3 0.603125 0.472656 0.081250 0.082812
3 0.442188 0.681250 0.065625 0.143750
3 0.425000 0.885938 0.125000 0.096875
3 0.842187 0.524219 0.046875 0.082812
3 0.831250 0.601562 0.053125 0.087500
3 0.858594 0.684375 0.117188 0.081250
3 0.794531 0.660937 0.051562 0.043750
3 0.696875 0.587500 0.068750 0.050000
3 0.782031 0.510156 0.042188 0.073438
3 0.722656 0.462500 0.042188 0.062500
3 0.750781 0.460156 0.045312 0.054688
5 0.800000 0.474219 0.037500 0.051562
2 0.590625 0.721875 0.071875 0.093750
2 0.687500 0.925781 0.075000 0.126562
4 0.709375 0.639062 0.050000 0.059375
4 0.792188 0.541406 0.034375 0.039062
4 0.710156 0.521875 0.076563 0.068750
4 0.546875 0.582031 0.046875 0.035937
