5 0.315625 0.770312 0.059375 0.081250
5 0.449219 0.801562 0.079687 0.087500
4 0.165625 0.860938 0.134375 0.093750
3 0.429688 0.985156 0.103125 0.029687
3 0.492969 0.900000 0.073438 0.090625
4 0.620313 0.511719 0.046875 0.029687
3 0.857031 0.639062 0.035937 0.028125
5 0.715625 0.393750 0.046875 0.043750
5 0.637500 0.353125 0.084375 0.134375
4 0.852344 0.373437 0.026562 0.021875
4 0.134375 0.500000 0.125000 0.084375
2 0.273438 0.600000 0.084375 0.050000
5 0.037500 0.653125 0.075000 0.065625
4 0.278125 0.378906 0.096875 0.054688
4 0.304688 0.292187 0.087500 0.059375
5 0.353125 0.290625 0.056250 0.071875
3 0.315625 0.376563 0.062500 0.100000
4 0.205469 0.484375 0.045312 0.037500
5 0.480469 0.596875 0.070312 0.078125
