5 0.942187 0.429688 0.115625 0.134375
5 0.930469 0.831250 0.107813 0.121875
4 0.817969 0.606250 0.057813 0.056250
4 0.764844 0.488281 0.107813 0.107813
4 0.686719 0.464062 0.070312 0.103125
4 0.456250 0.446875 0.065625 0.062500
3 0.407813 0.481250 0.081250 0.081250
3 0.567187 0.685156 0.065625 0.142187
3 0.582812 0.886719 0.121875 0.095312
3 0.174219 0.532813 0.045312 0.081250
3 0.186719 0.608594 0.051562 0.085938
3 0.160156 0.689844 0.114062 0.079687
3 0.221875 0.666406 0.050000 0.042188
3 0.317188 0.594531 0.068750 0.048438
3 0.234375 0.517188 0.040625 0.071875
3 0.291406 0.471094 0.042188 0.060937
3 0.264844 0.470313 0.045312 0.053125
5 0.215625 0.482031 0.037500 0.051562
2 0.421094 0.725000 0.070312 0.090625
2 0.327344 0.925000 0.073438 0.125000
4 0.305469 0.645312 0.048438 0.059375
4 0.225000 0.548438 0.034375 0.037500
4 0.303125 0.528906 0.075000 0.067187
4 0.464844 0.588281 0.045312 0.035937
