3 0.942187 0.134375 0.109375 0.062500
2 0.639844 0.321875 0.057813 0.059375
3 0.460156 0.298438 0.035937 0.028125
3 0.402344 0.171094 0.026562 0.026562
4 0.576562 0.146875 0.034375 0.025000
5 0.490625 0.383594 0.025000 0.017188
5 0.611719 0.465625 0.054688 0.050000
4 0.663281 0.431250 0.032813 0.050000
4 0.627344 0.410938 0.048438 0.062500
5 0.771094 0.638281 0.107813 0.126562
4 0.835938 0.570312 0.050000 0.050000
4 0.560937 0.627344 0.043750 0.035937
4 0.989062 0.128125 0.021875 0.043750
4 0.790625 0.821094 0.106250 0.095312
4 0.928125 0.357812 0.068750 0.037500
4 0.901563 0.221875 0.090625 0.090625
4 0.979688 0.288281 0.040625 0.060937
