3 0.652344 0.417969 0.114062 0.035937
3 0.457813 0.314063 0.081250 0.112500
3 0.867969 0.251563 0.079687 0.028125
3 0.830469 0.015625 0.085938 0.031250
3 0.665625 0.007031 0.053125 0.014063
3 0.853125 0.106250 0.075000 0.050000
3 0.880469 0.069531 0.051562 0.051562
4 0.700781 0.124219 0.067187 0.045312
5 0.726562 0.124219 0.040625 0.060937
4 0.792969 0.120313 0.070312 0.065625
4 0.796875 0.003125 0.046875 0.006250
5 0.871875 0.031250 0.059375 0.031250
4 0.722656 0.264844 0.029687 0.039062
2 0.562500 0.081250 0.090625 0.087500
2 0.357812 0.013281 0.115625 0.020313
4 0.204687 0.183594 0.121875 0.126562
4 0.905469 0.266406 0.045312 0.054688
4 0.839844 0.599219 0.054688 0.107813
4 0.685156 0.592969 0.042188 0.048438
4 0.855469 0.529687 0.070312 0.056250
5 0.857812 0.759375 0.090625 0.100000
4 0.637500 0.974219 0.056250 0.045312
5 0.567969 0.897656 0.060937 0.051562
3 0.291406 0.905469 0.117188 0.048438
5 0.289062 0.963281 0.106250 0.073438
2 0.035937 0.728906 0.059375 0.098437
5 0.479687 0.662500 0.081250 0.084375
