4 0.769531 0.377344 0.092188 0.057813
4 0.541406 0.864062 0.092188 0.103125
4 0.251563 0.987500 0.109375 0.025000
4 0.413281 0.629687 0.057813 0.059375
5 0.045312 0.154688 0.081250 0.146875
5 0.703125 0.198437 0.134375 0.121875
5 0.399219 0.268750 0.067187 0.103125
4 0.009375 0.049219 0.018750 0.048438
3 0.717969 0.702344 0.085938 0.082812
3 0.848437 0.725000 0.053125 0.075000
5 0.667969 0.407813 0.114062 0.128125
3 0.651563 0.453906 0.096875 0.070312
3 0.225781 0.955469 0.101562 0.089063
5 0.053125 0.572656 0.103125 0.073438
