4 0.351562 0.710938 0.059375 0.087500
4 0.810937 0.551562 0.100000 0.090625
4 0.967187 0.305469 0.065625 0.104688
4 0.611719 0.414844 0.057813 0.057813
5 0.219531 0.039844 0.139063 0.079687
5 0.196875 0.632812 0.121875 0.131250
5 0.288281 0.366406 0.098437 0.070312
4 0.016406 0.550781 0.032813 0.117188
3 0.648438 0.694531 0.081250 0.082812
3 0.657031 0.814063 0.070312 0.056250
3 0.996094 0.435937 0.007812 0.056250
5 0.387500 0.620313 0.125000 0.112500
3 0.431250 0.611719 0.071875 0.092188
3 0.925000 0.277344 0.093750 0.098437
2 0.982031 0.370312 0.035937 0.103125
5 0.596875 0.078906 0.078125 0.110937
