2 0.079687 0.765625 0.084375 0.081250
5 0.453906 0.996875 0.054688 0.006250
5 0.535156 0.713281 0.114062 0.148438
5 0.700781 0.394531 0.114062 0.098437
4 0.867188 0.825781 0.062500 0.073438
4 0.743750 0.742188 0.056250 0.043750
4 0.721094 0.659375 0.067187 0.084375
4 0.585938 0.643750 0.087500 0.084375
4 0.464062 0.539062 0.043750 0.062500
5 0.370312 0.547656 0.046875 0.045312
3 0.084375 0.465625 0.043750 0.053125
4 0.185156 0.437500 0.035937 0.031250
4 0.460156 0.741406 0.045312 0.048438
3 0.376563 0.940625 0.081250 0.084375
4 0.661719 0.876563 0.120313 0.115625
3 0.783594 0.462500 0.082812 0.065625
3 0.671094 0.451562 0.048438 0.053125
4 0.137500 0.899219 0.103125 0.076563
3 0.203906 0.965625 0.117188 0.068750
