3 0.542188 0.728906 0.056250 0.060937
4 0.725781 0.953125 0.051562 0.034375
3 0.437500 0.749219 0.112500 0.089063
3 0.287500 0.589063 0.043750 0.106250
3 0.159375 0.541406 0.081250 0.095312
3 0.182812 0.696875 0.093750 0.084375
3 0.250781 0.848437 0.098437 0.100000
3 0.354687 0.819531 0.084375 0.114062
5 0.430469 0.837500 0.070312 0.068750
5 0.957031 0.322656 0.054688 0.110937
5 0.575000 0.134375 0.050000 0.043750
3 0.329688 0.694531 0.106250 0.073438
4 0.454688 0.966406 0.112500 0.067187
4 0.563281 0.942969 0.070312 0.114062
