3 0.709375 0.514844 0.053125 0.048438
4 0.971094 0.370312 0.051562 0.050000
3 0.714063 0.621875 0.075000 0.103125
3 0.532031 0.743750 0.104688 0.028125
3 0.464844 0.862500 0.085938 0.068750
3 0.621094 0.862500 0.073438 0.084375
3 0.782031 0.819531 0.089063 0.085938
3 0.769531 0.712500 0.104688 0.068750
5 0.799219 0.640625 0.057813 0.062500
5 0.372656 0.032031 0.107813 0.057813
5 0.132031 0.389844 0.035937 0.045312
3 0.642188 0.717969 0.059375 0.098437
4 0.950781 0.637500 0.098437 0.103125
4 0.925781 0.527344 0.107813 0.054688
