4 0.510156 0.503125 0.098437 0.109375
4 0.949219 0.560937 0.054688 0.068750
2 0.587500 0.101562 0.109375 0.178125
3 0.313281 0.651563 0.092188 0.103125
3 0.725000 0.826562 0.071875 0.068750
3 0.842969 0.842187 0.048438 0.090625
3 0.582031 0.703906 0.067187 0.073438
3 0.164844 0.761719 0.042188 0.082812
3 0.110937 0.737500 0.043750 0.046875
3 0.338281 0.219531 0.139063 0.173437
3 0.552344 0.304688 0.123438 0.134375
3 0.891406 0.280469 0.120313 0.139063
5 0.832031 0.677344 0.082812 0.060937
5 0.637500 0.477344 0.081250 0.139063
4 0.448437 0.329688 0.056250 0.075000
4 0.476562 0.376563 0.059375 0.084375
4 0.557031 0.396094 0.170313 0.167187
2 0.345313 0.420312 0.068750 0.106250
3 0.417969 0.537500 0.048438 0.125000
5 0.509375 0.554688 0.075000 0.075000
4 0.361719 0.625781 0.035937 0.051562
4 0.317969 0.307812 0.110937 0.131250
5 0.100000 0.200000 0.053125 0.071875
