5 0.327344 0.632812 0.057813 0.062500
5 0.407031 0.582031 0.126562 0.132812
4 0.721875 0.434375 0.103125 0.081250
4 0.816406 0.478906 0.092188 0.076563
3 0.782813 0.486719 0.103125 0.110937
5 0.686719 0.421094 0.092188 0.076563
5 0.632812 0.617188 0.062500 0.056250
4 0.476562 0.680469 0.065625 0.048438
2 0.960156 0.683594 0.079687 0.095312
5 0.730469 0.765625 0.117188 0.103125
5 0.844531 0.912500 0.076563 0.056250
5 0.979688 0.887500 0.040625 0.034375
3 0.983594 0.580469 0.032813 0.064062
3 0.947656 0.568750 0.089063 0.059375
3 0.305469 0.896094 0.032813 0.039062
5 0.201563 0.553125 0.037500 0.034375
4 0.509375 0.482812 0.084375 0.062500
4 0.591406 0.122656 0.114062 0.089063
4 0.887500 0.269531 0.084375 0.045312
