3 0.714063 0.882812 0.084375 0.071875
3 0.923438 0.852344 0.053125 0.095312
3 0.930469 0.547656 0.051562 0.042188
3 0.682813 0.278906 0.053125 0.060937
5 0.578125 0.596094 0.040625 0.054688
5 0.454688 0.657031 0.040625 0.054688
5 0.500781 0.577344 0.129688 0.104688
3 0.353906 0.878906 0.060937 0.060937
4 0.812500 0.713281 0.087500 0.114062
4 0.597656 0.994531 0.076563 0.010937
3 0.368750 0.582812 0.037500 0.037500
3 0.160938 0.817969 0.046875 0.076563
5 0.022656 0.854688 0.045312 0.121875
5 0.223438 0.662500 0.065625 0.059375
