3 0.494531 0.625000 0.089063 0.050000
3 0.459375 0.792188 0.087500 0.037500
3 0.757812 0.273438 0.134375 0.075000
3 0.966406 0.389062 0.064062 0.134375
3 0.581250 0.451562 0.071875 0.075000
3 0.522656 0.022656 0.060937 0.045312
3 0.635156 0.171875 0.092188 0.053125
4 0.732031 0.779687 0.070312 0.050000
4 0.782813 0.361719 0.121875 0.101562
4 0.885156 0.371094 0.135937 0.189062
4 0.930469 0.329688 0.082812 0.062500
4 0.932031 0.183594 0.085938 0.120313
4 0.935156 0.267188 0.076563 0.056250
4 0.739844 0.467969 0.045312 0.057813
3 0.953125 0.744531 0.093750 0.117188
5 0.816406 0.945312 0.098437 0.059375
4 0.670312 0.223438 0.059375 0.040625
5 0.859375 0.554688 0.128125 0.075000
5 0.653125 0.714063 0.071875 0.040625
