3 0.457813 0.542969 0.056250 0.060937
3 0.475781 0.708594 0.076563 0.107813
3 0.409375 0.916406 0.062500 0.070312
3 0.452344 0.965625 0.051562 0.040625
3 0.875781 0.610156 0.114062 0.151562
3 0.764844 0.496875 0.157812 0.062500
3 0.387500 0.448437 0.062500 0.065625
3 0.353906 0.482031 0.064062 0.054688
4 0.569531 0.105469 0.067187 0.067187
5 0.461719 0.328906 0.085938 0.051562
4 0.686719 0.467969 0.179688 0.126562
5 0.550000 0.554688 0.081250 0.065625
3 0.565625 0.493750 0.043750 0.050000
3 0.607812 0.675000 0.121875 0.093750
4 0.628906 0.580469 0.107813 0.101562
4 0.705469 0.550781 0.076563 0.054688
2 0.741406 0.693750 0.110937 0.090625
4 0.835156 0.723437 0.160938 0.096875
5 0.932031 0.877344 0.101562 0.092188
2 0.945312 0.423438 0.106250 0.096875
3 0.860938 0.164844 0.143750 0.145313
5 0.656250 0.357812 0.159375 0.106250
