5 0.393750 0.731250 0.056250 0.050000
5 0.425000 0.639062 0.115625 0.106250
4 0.501563 0.285938 0.065625 0.093750
4 0.434375 0.201563 0.062500 0.084375
3 0.434375 0.236719 0.096875 0.085938
5 0.522656 0.318750 0.060937 0.084375
5 0.337500 0.418750 0.046875 0.056250
4 0.309375 0.592187 0.037500 0.062500
2 0.191406 0.098437 0.082812 0.075000
5 0.163281 0.354687 0.085938 0.106250
5 0.006250 0.273438 0.009375 0.071875
3 0.285938 0.033594 0.053125 0.067187
3 0.312500 0.089063 0.043750 0.084375
3 0.131250 0.813281 0.034375 0.026562
5 0.503125 0.839844 0.031250 0.032813
4 0.503125 0.512500 0.050000 0.078125
4 0.846875 0.345313 0.071875 0.106250
4 0.628906 0.079687 0.029687 0.081250
