5 0.275781 0.419531 0.082812 0.079687
3 0.209375 0.777344 0.140625 0.085938
4 0.568750 0.752344 0.100000 0.082812
3 0.744531 0.797656 0.082812 0.089063
5 0.835938 0.859375 0.071875 0.068750
4 0.312500 0.559375 0.137500 0.103125
2 0.228125 0.529687 0.093750 0.109375
4 0.151562 0.423438 0.081250 0.062500
3 0.192188 0.246875 0.096875 0.125000
3 0.407031 0.364844 0.060937 0.064062
3 0.457031 0.297656 0.085938 0.092188
3 0.447656 0.192188 0.095312 0.093750
3 0.336719 0.246094 0.126562 0.107813
3 0.328125 0.104688 0.078125 0.050000
5 0.348438 0.308594 0.084375 0.067187
