5 0.420312 0.939844 0.137500 0.120313
5 0.823438 0.941406 0.125000 0.110937
4 0.602344 0.821094 0.057813 0.057813
4 0.487500 0.764062 0.109375 0.109375
4 0.465625 0.685156 0.103125 0.073438
4 0.455469 0.455469 0.064062 0.067187
3 0.491406 0.408594 0.082812 0.082812
3 0.689844 0.572656 0.142187 0.070312
3 0.889844 0.596094 0.098437 0.123438
3 0.550000 0.176563 0.081250 0.046875
3 0.625781 0.189844 0.085938 0.054688
3 0.708594 0.167187 0.082812 0.115625
3 0.682813 0.228125 0.043750 0.050000
3 0.607812 0.320312 0.050000 0.068750
3 0.534375 0.235156 0.071875 0.042188
3 0.485938 0.290625 0.062500 0.043750
3 0.485156 0.264062 0.054688 0.046875
5 0.499219 0.216406 0.051562 0.039062
2 0.735156 0.430469 0.092188 0.073438
2 0.937500 0.341406 0.125000 0.076563
4 0.658594 0.312500 0.060937 0.050000
4 0.564844 0.227344 0.039062 0.035937
4 0.543750 0.305469 0.068750 0.076563
4 0.596875 0.467187 0.037500 0.046875
