3 0.603125 0.162500 0.137500 0.078125
3 0.625000 0.121875 0.134375 0.093750
3 0.788281 0.203125 0.104688 0.053125
3 0.379688 0.334375 0.143750 0.153125
3 0.045312 0.495312 0.090625 0.165625
3 0.107031 0.598437 0.148438 0.068750
3 0.107813 0.774219 0.137500 0.145313
3 0.087500 0.848437 0.134375 0.100000
3 0.295312 0.937500 0.112500 0.087500
3 0.578125 0.909375 0.131250 0.053125
3 0.537500 0.848437 0.143750 0.093750
3 0.426563 0.833594 0.159375 0.101562
3 0.346875 0.750000 0.106250 0.156250
3 0.275781 0.794531 0.123438 0.157812
3 0.189844 0.803906 0.098437 0.120313
3 0.433594 0.596875 0.089063 0.068750
3 0.498437 0.569531 0.059375 0.089063
3 0.236719 0.465625 0.098437 0.078125
3 0.270313 0.388281 0.121875 0.048438
3 0.480469 0.213281 0.064062 0.070312
3 0.770312 0.135937 0.059375 0.040625
3 0.447656 0.107813 0.101562 0.081250
3 0.775000 0.057813 0.084375 0.046875
3 0.366406 0.161719 0.073438 0.048438
2 0.172656 0.244531 0.126562 0.117188
2 0.474219 0.042188 0.117188 0.084375
2 0.174219 0.942187 0.142187 0.081250
2 0.298438 0.425000 0.090625 0.059375
2 0.042188 0.056250 0.031250 0.109375
4 0.488281 0.453906 0.067187 0.073438
3 0.197656 0.641406 0.079687 0.114062
5 0.700000 0.683594 0.056250 0.057813
5 0.600781 0.420312 0.089063 0.100000
2 0.580469 0.538281 0.035937 0.032813
2 0.880469 0.099219 0.064062 0.064062
3 0.656250 0.537500 0.084375 0.050000
5 0.551562 0.751563 0.059375 0.059375
5 0.333594 0.205469 0.076563 0.070312
5 0.400781 0.006250 0.070312 0.012500
4 0.420312 0.428125 0.059375 0.043750
5 0.170313 0.509375 0.062500 0.062500
2 0.964063 0.349219 0.034375 0.032813
2 0.628125 0.874219 0.062500 0.045312
