5 0.817187 0.271875 0.043750 0.043750
3 0.799219 0.363281 0.064062 0.070312
3 0.785156 0.409375 0.054688 0.071875
3 0.650781 0.341406 0.029687 0.029687
3 0.649219 0.292969 0.039062 0.042188
5 0.688281 0.702344 0.070312 0.085938
3 0.754687 0.567187 0.075000 0.075000
5 0.742188 0.611719 0.040625 0.051562
5 0.939063 0.678125 0.071875 0.084375
2 0.877344 0.574219 0.042188 0.067187
5 0.985156 0.400000 0.017188 0.034375
5 0.723437 0.344531 0.040625 0.035937
5 0.614062 0.358594 0.021875 0.035937
5 0.640625 0.453906 0.015625 0.020313
3 0.629687 0.441406 0.037500 0.032813
3 0.568750 0.432812 0.040625 0.071875
3 0.552344 0.460156 0.045312 0.082812
5 0.510938 0.350781 0.018750 0.026562
3 0.471875 0.460938 0.037500 0.075000
5 0.487500 0.422656 0.021875 0.029687
5 0.573438 0.610938 0.031250 0.046875
5 0.564063 0.579688 0.025000 0.028125
3 0.541406 0.647656 0.048438 0.101562
3 0.461719 0.596875 0.029687 0.065625
3 0.467187 0.515625 0.050000 0.078125
2 0.325000 0.481250 0.056250 0.053125
2 0.295312 0.496094 0.028125 0.020313
2 0.358594 0.510938 0.029687 0.046875
5 0.406250 0.539062 0.046875 0.071875
5 0.421875 0.402344 0.021875 0.029687
2 0.407813 0.405469 0.021875 0.032813
3 0.381250 0.564844 0.034375 0.089063
5 0.220312 0.470313 0.031250 0.028125
5 0.230469 0.495312 0.023438 0.031250
2 0.178125 0.498437 0.087500 0.084375
3 0.117969 0.448437 0.042188 0.062500
5 0.169531 0.589063 0.032813 0.050000
5 0.179688 0.542969 0.053125 0.057813
3 0.117969 0.517969 0.070312 0.057813
3 0.027344 0.556250 0.051562 0.043750
3 0.050781 0.513281 0.073438 0.064062
5 0.093750 0.477344 0.043750 0.048438
5 0.023438 0.485156 0.028125 0.039062
