5 0.311719 0.420312 0.051562 0.056250
5 0.405469 0.450000 0.110937 0.118750
4 0.758594 0.514844 0.095312 0.067187
4 0.839063 0.444531 0.084375 0.064062
3 0.803906 0.443750 0.089063 0.100000
5 0.725781 0.536719 0.085938 0.064062
5 0.619531 0.355469 0.057813 0.048438
4 0.446094 0.333594 0.064062 0.039062
2 0.933594 0.197656 0.076563 0.085938
5 0.677344 0.181250 0.107813 0.087500
5 0.752344 0.013281 0.073438 0.026562
3 0.980469 0.291406 0.026562 0.054688
3 0.946094 0.318750 0.085938 0.046875
3 0.220312 0.164844 0.028125 0.035937
5 0.207813 0.533594 0.034375 0.032813
4 0.533594 0.523438 0.079687 0.053125
4 0.711719 0.857812 0.107813 0.075000
4 0.962500 0.633594 0.075000 0.032813
