4 0.521875 0.450000 0.043750 0.034375
4 0.621094 0.566406 0.073438 0.073438
5 0.710938 0.485156 0.118750 0.110937
4 0.748437 0.414844 0.050000 0.042188
4 0.870313 0.585156 0.106250 0.107813
5 0.975000 0.398438 0.050000 0.062500
5 0.985156 0.178906 0.029687 0.073438
2 0.979688 0.278906 0.040625 0.067187
3 0.927344 0.325781 0.039062 0.045312
3 0.857812 0.134375 0.068750 0.065625
3 0.915625 0.189844 0.084375 0.098437
2 0.671875 0.066406 0.068750 0.051562
3 0.467187 0.078906 0.034375 0.042188
3 0.464062 0.188281 0.025000 0.026562
5 0.550000 0.322656 0.043750 0.045312
5 0.439844 0.634375 0.089063 0.106250
3 0.409375 0.783594 0.053125 0.057813
4 0.667188 0.777344 0.050000 0.048438
4 0.713281 0.703906 0.045312 0.045312
