5 0.187500 0.271094 0.075000 0.089063
5 0.307031 0.210156 0.095312 0.101562
4 0.049219 0.216406 0.098437 0.117188
3 0.328125 0.106250 0.090625 0.103125
4 0.535156 0.450000 0.051562 0.037500
3 0.733594 0.276562 0.039062 0.034375
5 0.653125 0.542188 0.056250 0.053125
5 0.588281 0.598437 0.110937 0.146875
4 0.789844 0.532031 0.029687 0.026562
4 0.073438 0.569531 0.137500 0.107813
2 0.185938 0.442969 0.093750 0.067187
4 0.236719 0.652344 0.104688 0.073438
4 0.283594 0.731250 0.098437 0.075000
5 0.328906 0.721094 0.070312 0.082812
3 0.275000 0.647656 0.081250 0.107813
4 0.144531 0.568750 0.051562 0.046875
5 0.382812 0.399219 0.084375 0.089063
