3 0.685156 0.955469 0.032813 0.042188
4 0.649219 0.836719 0.026562 0.020313
2 0.457031 0.982812 0.070312 0.034375
5 0.498437 0.715625 0.046875 0.043750
3 0.200000 0.986719 0.084375 0.026562
3 0.060937 0.834375 0.081250 0.043750
3 0.100781 0.983594 0.082812 0.032813
4 0.267188 0.675000 0.050000 0.043750
5 0.288281 0.591406 0.123438 0.114062
4 0.121875 0.508594 0.125000 0.098437
4 0.503906 0.556250 0.045312 0.031250
4 0.229687 0.350000 0.056250 0.040625
4 0.278125 0.246094 0.050000 0.042188
5 0.018750 0.229687 0.037500 0.056250
5 0.527344 0.355469 0.070312 0.089063
3 0.529687 0.164844 0.053125 0.054688
