4 0.388281 0.263281 0.051562 0.085938
4 0.829688 0.508594 0.093750 0.082812
4 0.950000 0.788281 0.062500 0.101562
4 0.600781 0.612500 0.054688 0.053125
5 0.132031 0.927344 0.135937 0.070312
5 0.216406 0.314844 0.110937 0.120313
5 0.263281 0.603906 0.095312 0.060937
4 0.014844 0.365625 0.026562 0.115625
4 0.026562 0.967969 0.053125 0.048438
3 0.689844 0.333594 0.073438 0.076563
3 0.719531 0.213281 0.067187 0.048438
5 0.410156 0.360938 0.117188 0.103125
3 0.453906 0.378906 0.064062 0.089063
3 0.897656 0.810156 0.085938 0.092188
2 0.978125 0.727344 0.037500 0.098437
5 0.524219 0.949219 0.067187 0.101562
