5 0.446875 0.267969 0.100000 0.139063
5 0.635156 0.564844 0.104688 0.089063
4 0.760938 0.130469 0.056250 0.067187
4 0.648438 0.222656 0.050000 0.039062
4 0.633594 0.305469 0.060937 0.079687
4 0.502344 0.332813 0.079687 0.078125
4 0.394531 0.443750 0.039062 0.059375
5 0.302344 0.444531 0.042188 0.039062
3 0.030469 0.547656 0.039062 0.048438
4 0.130469 0.567187 0.032813 0.028125
4 0.373437 0.246875 0.040625 0.043750
3 0.274219 0.061719 0.073438 0.076563
4 0.556250 0.100000 0.109375 0.106250
3 0.710156 0.492188 0.076563 0.059375
3 0.602344 0.511719 0.045312 0.051562
4 0.064062 0.124219 0.059375 0.064062
3 0.103906 0.050781 0.110937 0.060937
