3 0.474219 0.533594 0.054688 0.060937
3 0.457031 0.702344 0.073438 0.104688
3 0.345313 0.894531 0.062500 0.070312
3 0.379688 0.953906 0.053125 0.039062
3 0.876563 0.690625 0.112500 0.150000
3 0.790625 0.553125 0.159375 0.059375
3 0.424219 0.425781 0.064062 0.064062
3 0.383594 0.452344 0.064062 0.054688
4 0.677344 0.122656 0.067187 0.067187
5 0.523438 0.323437 0.084375 0.050000
4 0.717187 0.507031 0.181250 0.120313
5 0.563281 0.565625 0.079687 0.062500
3 0.591406 0.507812 0.045312 0.050000
3 0.594531 0.696875 0.120313 0.090625
4 0.635938 0.608594 0.106250 0.098437
4 0.718750 0.595313 0.075000 0.053125
2 0.723437 0.743750 0.109375 0.087500
4 0.810937 0.793750 0.162500 0.093750
5 0.875000 0.960938 0.100000 0.078125
2 0.964844 0.516406 0.070312 0.092188
3 0.941406 0.242969 0.117188 0.145313
5 0.710156 0.392188 0.160938 0.103125
