5 0.292187 0.773438 0.059375 0.078125
5 0.415625 0.807031 0.078125 0.085938
4 0.147656 0.855469 0.129688 0.092188
3 0.392188 0.981250 0.100000 0.034375
3 0.454688 0.903125 0.071875 0.087500
4 0.586719 0.539844 0.045312 0.029687
3 0.807031 0.668750 0.035937 0.028125
5 0.681250 0.430469 0.046875 0.042188
5 0.608594 0.390625 0.082812 0.128125
4 0.810937 0.417187 0.025000 0.021875
4 0.130469 0.512500 0.120313 0.084375
2 0.258594 0.610938 0.082812 0.050000
5 0.035156 0.653125 0.070312 0.065625
4 0.269531 0.403906 0.092188 0.054688
4 0.297656 0.322656 0.085938 0.057813
5 0.342187 0.322656 0.056250 0.070312
3 0.304688 0.400781 0.062500 0.095312
4 0.197656 0.500781 0.045312 0.035937
5 0.453125 0.616406 0.068750 0.073438
4 0.294531 0.015625 0.104688 0.031250
