3 0.936719 0.791406 0.045312 0.035937
4 0.824219 0.744531 0.020313 0.026562
2 0.983594 0.569531 0.032813 0.070312
5 0.721875 0.583594 0.046875 0.048438
3 0.885156 0.166406 0.051562 0.085938
2 0.974219 0.106250 0.051562 0.068750
5 0.876563 0.068750 0.071875 0.031250
4 0.707031 0.352344 0.048438 0.051562
5 0.622656 0.365625 0.120313 0.128125
4 0.559375 0.194531 0.109375 0.129688
4 0.564844 0.572656 0.035937 0.048438
4 0.392188 0.284375 0.046875 0.059375
4 0.285156 0.319531 0.045312 0.051562
5 0.300781 0.042969 0.067187 0.085938
5 0.367969 0.575781 0.092188 0.076563
3 0.182031 0.557813 0.057813 0.056250
