5 0.581250 0.941406 0.137500 0.117188
5 0.171875 0.928906 0.125000 0.107813
4 0.400781 0.814063 0.057813 0.059375
4 0.520312 0.760156 0.109375 0.110937
4 0.546094 0.679688 0.104688 0.071875
4 0.563281 0.446875 0.064062 0.068750
3 0.527344 0.396875 0.082812 0.081250
3 0.320312 0.557813 0.143750 0.065625
3 0.114062 0.575000 0.096875 0.125000
3 0.475781 0.157812 0.082812 0.046875
3 0.400000 0.170313 0.087500 0.053125
3 0.317188 0.142969 0.081250 0.117188
3 0.339062 0.207031 0.043750 0.051562
3 0.412500 0.303125 0.050000 0.068750
3 0.491406 0.219531 0.073438 0.042188
3 0.539062 0.277344 0.062500 0.042188
3 0.539844 0.249219 0.054688 0.045312
5 0.527344 0.200000 0.051562 0.037500
2 0.279687 0.409375 0.093750 0.071875
2 0.074219 0.314063 0.126562 0.075000
4 0.360938 0.292187 0.059375 0.050000
4 0.460156 0.209375 0.039062 0.034375
4 0.479687 0.289844 0.068750 0.076563
4 0.419531 0.453125 0.035937 0.046875
