3 0.425781 0.824219 0.126562 0.070312
3 0.407031 0.863281 0.123438 0.085938
3 0.256250 0.789062 0.096875 0.050000
3 0.634375 0.666406 0.134375 0.142187
3 0.950000 0.517188 0.100000 0.153125
3 0.884375 0.425000 0.137500 0.065625
3 0.882812 0.261719 0.125000 0.132812
3 0.904687 0.194531 0.125000 0.092188
3 0.710156 0.111719 0.104688 0.079687
3 0.450000 0.136719 0.121875 0.048438
3 0.488281 0.192969 0.129688 0.085938
3 0.590625 0.206250 0.146875 0.093750
3 0.662500 0.284375 0.096875 0.143750
3 0.729688 0.242969 0.112500 0.145313
3 0.808594 0.235937 0.092188 0.112500
3 0.583594 0.425781 0.082812 0.064062
3 0.524219 0.451562 0.054688 0.081250
3 0.764844 0.547656 0.092188 0.073438
3 0.734375 0.617969 0.112500 0.045312
3 0.539844 0.779687 0.060937 0.062500
3 0.273438 0.851562 0.053125 0.037500
3 0.571094 0.876563 0.095312 0.075000
3 0.268750 0.922656 0.078125 0.042188
3 0.645312 0.827344 0.068750 0.045312
2 0.825000 0.750000 0.115625 0.109375
2 0.544531 0.937500 0.107813 0.081250
2 0.010937 0.835156 0.021875 0.098437
2 0.823438 0.093750 0.134375 0.100000
2 0.708594 0.585156 0.082812 0.054688
2 0.953125 0.924219 0.043750 0.101562
4 0.532031 0.557031 0.060937 0.067187
3 0.800000 0.383594 0.071875 0.104688
5 0.335938 0.345313 0.053125 0.053125
5 0.428906 0.589844 0.082812 0.092188
2 0.447656 0.480469 0.032813 0.029687
2 0.171875 0.884375 0.056250 0.056250
3 0.378125 0.480469 0.078125 0.045312
5 0.474219 0.282031 0.054688 0.054688
5 0.676562 0.786719 0.071875 0.064062
5 0.612500 0.980469 0.068750 0.039062
4 0.596094 0.581250 0.054688 0.040625
5 0.826562 0.507812 0.056250 0.056250
4 0.361719 0.978125 0.095312 0.034375
2 0.094531 0.653125 0.032813 0.031250
2 0.403906 0.168750 0.057813 0.040625
