3 0.465625 0.592969 0.090625 0.054688
3 0.439063 0.759375 0.087500 0.040625
3 0.710156 0.228125 0.135937 0.081250
3 0.939063 0.331250 0.100000 0.140625
3 0.542188 0.414062 0.075000 0.078125
3 0.582812 0.132812 0.093750 0.056250
4 0.709375 0.735938 0.071875 0.053125
4 0.737500 0.316406 0.125000 0.107813
4 0.841406 0.318750 0.145313 0.193750
4 0.885156 0.273438 0.085938 0.065625
4 0.893750 0.126562 0.121875 0.128125
4 0.887500 0.212500 0.078125 0.059375
4 0.701562 0.421875 0.046875 0.059375
3 0.940625 0.688281 0.118750 0.123438
5 0.802344 0.899219 0.101562 0.070312
4 0.619531 0.182031 0.060937 0.042188
5 0.825781 0.503125 0.129688 0.081250
5 0.627344 0.674219 0.073438 0.045312
