3 0.403125 0.477344 0.053125 0.085938
3 0.240625 0.451562 0.040625 0.084375
3 0.757812 0.714844 0.078125 0.132812
3 0.657031 0.937500 0.135937 0.100000
3 0.577344 0.552344 0.076563 0.073438
3 0.982031 0.475000 0.035937 0.059375
3 0.850000 0.590625 0.056250 0.090625
4 0.266406 0.714063 0.051562 0.068750
4 0.671875 0.741406 0.103125 0.120313
4 0.670312 0.841406 0.187500 0.139063
4 0.711719 0.884375 0.064062 0.084375
4 0.854688 0.893750 0.125000 0.118750
4 0.772656 0.886719 0.057813 0.076563
4 0.567969 0.707031 0.057813 0.045312
3 0.310156 0.939844 0.120313 0.120313
5 0.107813 0.803906 0.068750 0.098437
4 0.800781 0.627344 0.042188 0.060937
5 0.489844 0.827344 0.076563 0.126562
5 0.325000 0.635156 0.043750 0.070312
